race_id,race_level,race_season,driver_number,driver_full_name,manufacturer,finishing_position,NASCAR_driver_id,lap_num,lap_time,lap_speed,lap_running_position
4919,2,2020,54,Kyle Busch(i),Tyt,1,454,0,,,18
4919,2,2020,54,Kyle Busch(i),Tyt,1,454,1,33.713,160.176,13
4919,2,2020,54,Kyle Busch(i),Tyt,1,454,2,31.583,170.978,11
4919,2,2020,54,Kyle Busch(i),Tyt,1,454,3,31.096,173.656,11
4919,2,2020,54,Kyle Busch(i),Tyt,1,454,4,33.816,159.688,10
4919,2,2020,54,Kyle Busch(i),Tyt,1,454,5,86.469,62.450,10
4919,2,2020,54,Kyle Busch(i),Tyt,1,454,6,95.97,56.268,10
4919,2,2020,54,Kyle Busch(i),Tyt,1,454,7,91.438,59.056,9
4919,2,2020,54,Kyle Busch(i),Tyt,1,454,8,32.778,164.745,7
4919,2,2020,54,Kyle Busch(i),Tyt,1,454,9,30.864,174.961,7
4919,2,2020,54,Kyle Busch(i),Tyt,1,454,10,31.085,173.717,6
4919,2,2020,54,Kyle Busch(i),Tyt,1,454,11,31.012,174.126,7
4919,2,2020,54,Kyle Busch(i),Tyt,1,454,12,31.004,174.171,6
4919,2,2020,54,Kyle Busch(i),Tyt,1,454,13,30.758,175.564,5
4919,2,2020,54,Kyle Busch(i),Tyt,1,454,14,30.694,175.930,5
4919,2,2020,54,Kyle Busch(i),Tyt,1,454,15,30.948,174.486,4
4919,2,2020,54,Kyle Busch(i),Tyt,1,454,16,31.032,174.014,4
4919,2,2020,54,Kyle Busch(i),Tyt,1,454,17,31.116,173.544,4
4919,2,2020,54,Kyle Busch(i),Tyt,1,454,18,31.191,173.127,4
4919,2,2020,54,Kyle Busch(i),Tyt,1,454,19,31.18,173.188,4
4919,2,2020,54,Kyle Busch(i),Tyt,1,454,20,31.221,172.961,4
4919,2,2020,54,Kyle Busch(i),Tyt,1,454,21,36.386,148.409,4
4919,2,2020,54,Kyle Busch(i),Tyt,1,454,22,85.007,63.524,4
4919,2,2020,54,Kyle Busch(i),Tyt,1,454,23,97.392,55.446,4
4919,2,2020,54,Kyle Busch(i),Tyt,1,454,24,96.624,55.887,4
4919,2,2020,54,Kyle Busch(i),Tyt,1,454,25,93.726,57.615,3
4919,2,2020,54,Kyle Busch(i),Tyt,1,454,26,32.732,164.976,2
4919,2,2020,54,Kyle Busch(i),Tyt,1,454,27,30.523,176.916,2
4919,2,2020,54,Kyle Busch(i),Tyt,1,454,28,31.956,168.982,2
4919,2,2020,54,Kyle Busch(i),Tyt,1,454,29,84.959,63.560,2
4919,2,2020,54,Kyle Busch(i),Tyt,1,454,30,105.064,51.397,2
4919,2,2020,54,Kyle Busch(i),Tyt,1,454,31,105.521,51.175,2
4919,2,2020,54,Kyle Busch(i),Tyt,1,454,32,102.046,52.917,1
4919,2,2020,54,Kyle Busch(i),Tyt,1,454,33,32.758,164.845,2
4919,2,2020,54,Kyle Busch(i),Tyt,1,454,34,31.035,173.997,2
4919,2,2020,54,Kyle Busch(i),Tyt,1,454,35,30.442,177.387,2
4919,2,2020,54,Kyle Busch(i),Tyt,1,454,36,30.642,176.229,2
4919,2,2020,54,Kyle Busch(i),Tyt,1,454,37,30.571,176.638,2
4919,2,2020,54,Kyle Busch(i),Tyt,1,454,38,30.676,176.033,1
4919,2,2020,54,Kyle Busch(i),Tyt,1,454,39,30.833,175.137,1
4919,2,2020,54,Kyle Busch(i),Tyt,1,454,40,30.708,175.850,1
4919,2,2020,54,Kyle Busch(i),Tyt,1,454,41,30.593,176.511,1
4919,2,2020,54,Kyle Busch(i),Tyt,1,454,42,30.668,176.079,1
4919,2,2020,54,Kyle Busch(i),Tyt,1,454,43,30.722,175.770,1
4919,2,2020,54,Kyle Busch(i),Tyt,1,454,44,30.938,174.543,1
4919,2,2020,54,Kyle Busch(i),Tyt,1,454,45,31.219,172.972,1
4919,2,2020,54,Kyle Busch(i),Tyt,1,454,46,38.848,139.003,1
4919,2,2020,54,Kyle Busch(i),Tyt,1,454,47,86.345,62.540,1
4919,2,2020,54,Kyle Busch(i),Tyt,1,454,48,97.539,55.362,1
4919,2,2020,54,Kyle Busch(i),Tyt,1,454,49,96.106,56.188,1
4919,2,2020,54,Kyle Busch(i),Tyt,1,454,50,96.493,55.963,1
4919,2,2020,54,Kyle Busch(i),Tyt,1,454,51,96.824,55.771,2
4919,2,2020,54,Kyle Busch(i),Tyt,1,454,52,94.051,57.416,1
4919,2,2020,54,Kyle Busch(i),Tyt,1,454,53,32.728,164.996,2
4919,2,2020,54,Kyle Busch(i),Tyt,1,454,54,30.133,179.206,2
4919,2,2020,54,Kyle Busch(i),Tyt,1,454,55,29.962,180.228,2
4919,2,2020,54,Kyle Busch(i),Tyt,1,454,56,30.116,179.307,2
4919,2,2020,54,Kyle Busch(i),Tyt,1,454,57,30.411,177.567,2
4919,2,2020,54,Kyle Busch(i),Tyt,1,454,58,30.422,177.503,2
4919,2,2020,54,Kyle Busch(i),Tyt,1,454,59,30.472,177.212,2
4919,2,2020,54,Kyle Busch(i),Tyt,1,454,60,30.592,176.517,2
4919,2,2020,54,Kyle Busch(i),Tyt,1,454,61,30.519,176.939,2
4919,2,2020,54,Kyle Busch(i),Tyt,1,454,62,30.603,176.453,2
4919,2,2020,54,Kyle Busch(i),Tyt,1,454,63,30.641,176.234,2
4919,2,2020,54,Kyle Busch(i),Tyt,1,454,64,30.696,175.919,2
4919,2,2020,54,Kyle Busch(i),Tyt,1,454,65,30.832,175.143,2
4919,2,2020,54,Kyle Busch(i),Tyt,1,454,66,30.854,175.018,2
4919,2,2020,54,Kyle Busch(i),Tyt,1,454,67,30.857,175.001,2
4919,2,2020,54,Kyle Busch(i),Tyt,1,454,68,30.839,175.103,2
4919,2,2020,54,Kyle Busch(i),Tyt,1,454,69,31.059,173.863,2
4919,2,2020,54,Kyle Busch(i),Tyt,1,454,70,31.376,172.106,2
4919,2,2020,54,Kyle Busch(i),Tyt,1,454,71,31.596,170.908,2
4919,2,2020,54,Kyle Busch(i),Tyt,1,454,72,31.703,170.331,3
4919,2,2020,54,Kyle Busch(i),Tyt,1,454,73,31.53,171.265,3
4919,2,2020,54,Kyle Busch(i),Tyt,1,454,74,31.222,172.955,3
4919,2,2020,54,Kyle Busch(i),Tyt,1,454,75,31.043,173.952,3
4919,2,2020,54,Kyle Busch(i),Tyt,1,454,76,31.125,173.494,3
4919,2,2020,54,Kyle Busch(i),Tyt,1,454,77,31.311,172.463,3
4919,2,2020,54,Kyle Busch(i),Tyt,1,454,78,31.073,173.784,2
4919,2,2020,54,Kyle Busch(i),Tyt,1,454,79,31.88,169.385,2
4919,2,2020,54,Kyle Busch(i),Tyt,1,454,80,31.394,172.007,2
4919,2,2020,54,Kyle Busch(i),Tyt,1,454,81,31.413,171.903,1
4919,2,2020,54,Kyle Busch(i),Tyt,1,454,82,31.348,172.260,1
4919,2,2020,54,Kyle Busch(i),Tyt,1,454,83,31.147,173.371,1
4919,2,2020,54,Kyle Busch(i),Tyt,1,454,84,31.051,173.907,1
4919,2,2020,54,Kyle Busch(i),Tyt,1,454,85,31.016,174.104,1
4919,2,2020,54,Kyle Busch(i),Tyt,1,454,86,30.915,174.672,1
4919,2,2020,54,Kyle Busch(i),Tyt,1,454,87,31.968,168.919,1
4919,2,2020,54,Kyle Busch(i),Tyt,1,454,88,31.345,172.276,1
4919,2,2020,54,Kyle Busch(i),Tyt,1,454,89,31.423,171.849,1
4919,2,2020,54,Kyle Busch(i),Tyt,1,454,90,31.547,171.173,1
4919,2,2020,54,Kyle Busch(i),Tyt,1,454,91,41.437,130.318,1
4919,2,2020,54,Kyle Busch(i),Tyt,1,454,92,86.017,62.778,1
4919,2,2020,54,Kyle Busch(i),Tyt,1,454,93,97.663,55.292,1
4919,2,2020,54,Kyle Busch(i),Tyt,1,454,94,98.558,54.790,1
4919,2,2020,54,Kyle Busch(i),Tyt,1,454,95,93.995,57.450,1
4919,2,2020,54,Kyle Busch(i),Tyt,1,454,96,95.988,56.257,1
4919,2,2020,54,Kyle Busch(i),Tyt,1,454,97,96.169,56.151,1
4919,2,2020,54,Kyle Busch(i),Tyt,1,454,98,95.081,56.794,1
4919,2,2020,54,Kyle Busch(i),Tyt,1,454,99,32.512,166.093,2
4919,2,2020,54,Kyle Busch(i),Tyt,1,454,100,30.072,179.569,1
4919,2,2020,54,Kyle Busch(i),Tyt,1,454,101,30.298,178.230,2
4919,2,2020,54,Kyle Busch(i),Tyt,1,454,102,30.148,179.116,2
4919,2,2020,54,Kyle Busch(i),Tyt,1,454,103,30.134,179.200,1
4919,2,2020,54,Kyle Busch(i),Tyt,1,454,104,30.2,178.808,1
4919,2,2020,54,Kyle Busch(i),Tyt,1,454,105,30.126,179.247,1
4919,2,2020,54,Kyle Busch(i),Tyt,1,454,106,30.247,178.530,1
4919,2,2020,54,Kyle Busch(i),Tyt,1,454,107,30.296,178.241,1
4919,2,2020,54,Kyle Busch(i),Tyt,1,454,108,30.382,177.737,1
4919,2,2020,54,Kyle Busch(i),Tyt,1,454,109,30.538,176.829,1
4919,2,2020,54,Kyle Busch(i),Tyt,1,454,110,30.621,176.350,1
4919,2,2020,54,Kyle Busch(i),Tyt,1,454,111,30.597,176.488,1
4919,2,2020,54,Kyle Busch(i),Tyt,1,454,112,30.574,176.621,1
4919,2,2020,54,Kyle Busch(i),Tyt,1,454,113,30.56,176.702,1
4919,2,2020,54,Kyle Busch(i),Tyt,1,454,114,30.496,177.072,1
4919,2,2020,54,Kyle Busch(i),Tyt,1,454,115,30.553,176.742,1
4919,2,2020,54,Kyle Busch(i),Tyt,1,454,116,30.879,174.876,1
4919,2,2020,54,Kyle Busch(i),Tyt,1,454,117,31.104,173.611,1
4919,2,2020,54,Kyle Busch(i),Tyt,1,454,118,30.854,175.018,1
4919,2,2020,54,Kyle Busch(i),Tyt,1,454,119,30.889,174.820,1
4919,2,2020,54,Kyle Busch(i),Tyt,1,454,120,31.312,172.458,1
4919,2,2020,54,Kyle Busch(i),Tyt,1,454,121,31.01,174.137,1
4919,2,2020,54,Kyle Busch(i),Tyt,1,454,122,31.379,172.090,1
4919,2,2020,54,Kyle Busch(i),Tyt,1,454,123,31.323,172.397,1
4919,2,2020,54,Kyle Busch(i),Tyt,1,454,124,31.239,172.861,1
4919,2,2020,54,Kyle Busch(i),Tyt,1,454,125,31.189,173.138,1
4919,2,2020,54,Kyle Busch(i),Tyt,1,454,126,31.265,172.717,1
4919,2,2020,54,Kyle Busch(i),Tyt,1,454,127,31.754,170.057,1
4919,2,2020,54,Kyle Busch(i),Tyt,1,454,128,31.776,169.940,1
4919,2,2020,54,Kyle Busch(i),Tyt,1,454,129,31.457,171.663,1
4919,2,2020,54,Kyle Busch(i),Tyt,1,454,130,31.055,173.885,1
4919,2,2020,54,Kyle Busch(i),Tyt,1,454,131,31.137,173.427,1
4919,2,2020,54,Kyle Busch(i),Tyt,1,454,132,31.053,173.896,1
4919,2,2020,54,Kyle Busch(i),Tyt,1,454,133,31.019,174.087,1
4919,2,2020,54,Kyle Busch(i),Tyt,1,454,134,30.959,174.424,1
4919,2,2020,54,Kyle Busch(i),Tyt,1,454,135,30.879,174.876,1
4919,2,2020,54,Kyle Busch(i),Tyt,1,454,136,30.955,174.447,1
4919,2,2020,54,Kyle Busch(i),Tyt,1,454,137,31.011,174.132,1
4919,2,2020,54,Kyle Busch(i),Tyt,1,454,138,31.046,173.935,1
4919,2,2020,54,Kyle Busch(i),Tyt,1,454,139,31.174,173.221,1
4919,2,2020,54,Kyle Busch(i),Tyt,1,454,140,31.357,172.210,1
4919,2,2020,54,Kyle Busch(i),Tyt,1,454,141,31.726,170.207,1
4919,2,2020,54,Kyle Busch(i),Tyt,1,454,142,31.697,170.363,1
4919,2,2020,54,Kyle Busch(i),Tyt,1,454,143,31.188,173.144,1
4919,2,2020,54,Kyle Busch(i),Tyt,1,454,144,31.222,172.955,1
4919,2,2020,54,Kyle Busch(i),Tyt,1,454,145,31.226,172.933,1
4919,2,2020,54,Kyle Busch(i),Tyt,1,454,146,31.431,171.805,1
4919,2,2020,54,Kyle Busch(i),Tyt,1,454,147,31.971,168.903,1
4919,2,2020,54,Kyle Busch(i),Tyt,1,454,148,32.045,168.513,1
4919,2,2020,54,Kyle Busch(i),Tyt,1,454,149,42.847,126.030,1
4919,2,2020,54,Kyle Busch(i),Tyt,1,454,150,71.782,75.228,7
4919,2,2020,54,Kyle Busch(i),Tyt,1,454,151,43.475,124.209,11
4919,2,2020,54,Kyle Busch(i),Tyt,1,454,152,30.783,175.421,10
4919,2,2020,54,Kyle Busch(i),Tyt,1,454,153,30.156,179.069,10
4919,2,2020,54,Kyle Busch(i),Tyt,1,454,154,40.356,133.809,9
4919,2,2020,54,Kyle Busch(i),Tyt,1,454,155,86.704,62.281,9
4919,2,2020,54,Kyle Busch(i),Tyt,1,454,156,96.177,56.146,9
4919,2,2020,54,Kyle Busch(i),Tyt,1,454,157,95.008,56.837,9
4919,2,2020,54,Kyle Busch(i),Tyt,1,454,158,97.323,55.485,9
4919,2,2020,54,Kyle Busch(i),Tyt,1,454,159,90.885,59.416,9
4919,2,2020,54,Kyle Busch(i),Tyt,1,454,160,38.361,140.768,9
4919,2,2020,54,Kyle Busch(i),Tyt,1,454,161,78.011,69.221,10
4919,2,2020,54,Kyle Busch(i),Tyt,1,454,162,100.838,53.551,10
4919,2,2020,54,Kyle Busch(i),Tyt,1,454,163,32.903,164.119,10
4919,2,2020,54,Kyle Busch(i),Tyt,1,454,164,31.127,173.483,7
4919,2,2020,54,Kyle Busch(i),Tyt,1,454,165,31.129,173.472,8
4919,2,2020,54,Kyle Busch(i),Tyt,1,454,166,30.548,176.771,7
4919,2,2020,54,Kyle Busch(i),Tyt,1,454,167,30.363,177.848,7
4919,2,2020,54,Kyle Busch(i),Tyt,1,454,168,30.668,176.079,6
4919,2,2020,54,Kyle Busch(i),Tyt,1,454,169,30.497,177.067,6
4919,2,2020,54,Kyle Busch(i),Tyt,1,454,170,30.459,177.288,5
4919,2,2020,54,Kyle Busch(i),Tyt,1,454,171,32.703,165.122,5
4919,2,2020,54,Kyle Busch(i),Tyt,1,454,172,81.016,66.654,6
4919,2,2020,54,Kyle Busch(i),Tyt,1,454,173,104.91,51.473,6
4919,2,2020,54,Kyle Busch(i),Tyt,1,454,174,89.764,60.158,6
4919,2,2020,54,Kyle Busch(i),Tyt,1,454,175,91.144,59.247,5
4919,2,2020,54,Kyle Busch(i),Tyt,1,454,176,38.652,139.708,4
4919,2,2020,54,Kyle Busch(i),Tyt,1,454,177,88.224,61.208,3
4919,2,2020,54,Kyle Busch(i),Tyt,1,454,178,96.463,55.980,3
4919,2,2020,54,Kyle Busch(i),Tyt,1,454,179,96.79,55.791,3
4919,2,2020,54,Kyle Busch(i),Tyt,1,454,180,96.62,55.889,3
4919,2,2020,54,Kyle Busch(i),Tyt,1,454,181,96.172,56.149,3
4919,2,2020,54,Kyle Busch(i),Tyt,1,454,182,104.952,51.452,3
4919,2,2020,54,Kyle Busch(i),Tyt,1,454,183,100.747,53.600,3
4919,2,2020,54,Kyle Busch(i),Tyt,1,454,184,35.304,152.957,3
4919,2,2020,54,Kyle Busch(i),Tyt,1,454,185,82.663,65.325,3
4919,2,2020,54,Kyle Busch(i),Tyt,1,454,186,95.522,56.531,3
4919,2,2020,54,Kyle Busch(i),Tyt,1,454,187,94.446,57.176,3
4919,2,2020,54,Kyle Busch(i),Tyt,1,454,188,90.179,59.881,3
4919,2,2020,54,Kyle Busch(i),Tyt,1,454,189,32.261,167.385,3
4919,2,2020,54,Kyle Busch(i),Tyt,1,454,190,30.357,177.883,1
4919,2,2020,54,Kyle Busch(i),Tyt,1,454,191,30.295,178.247,1
4919,2,2020,54,Kyle Busch(i),Tyt,1,454,192,30.16,179.045,1
4919,2,2020,54,Kyle Busch(i),Tyt,1,454,193,47.192,114.426,1
4919,2,2020,54,Kyle Busch(i),Tyt,1,454,194,93.836,57.547,1
4919,2,2020,54,Kyle Busch(i),Tyt,1,454,195,104.038,51.904,1
4919,2,2020,54,Kyle Busch(i),Tyt,1,454,196,109.773,49.192,1
4919,2,2020,54,Kyle Busch(i),Tyt,1,454,197,36.378,148.441,1
4919,2,2020,54,Kyle Busch(i),Tyt,1,454,198,84.933,63.580,1
4919,2,2020,54,Kyle Busch(i),Tyt,1,454,199,94.152,57.354,1
4919,2,2020,54,Kyle Busch(i),Tyt,1,454,200,95.505,56.542,1
4919,2,2020,54,Kyle Busch(i),Tyt,1,454,201,96.855,55.753,1
4919,2,2020,54,Kyle Busch(i),Tyt,1,454,202,32.255,167.416,2
4919,2,2020,54,Kyle Busch(i),Tyt,1,454,203,30.421,177.509,1
4919,2,2020,8,Daniel Hemric,Chv,2,4093,0,,,12
4919,2,2020,8,Daniel Hemric,Chv,2,4093,1,33.974,158.945,10
4919,2,2020,8,Daniel Hemric,Chv,2,4093,2,31.929,169.125,12
4919,2,2020,8,Daniel Hemric,Chv,2,4093,3,31.127,173.483,12
4919,2,2020,8,Daniel Hemric,Chv,2,4093,4,34.396,156.995,12
4919,2,2020,8,Daniel Hemric,Chv,2,4093,5,86.721,62.269,12
4919,2,2020,8,Daniel Hemric,Chv,2,4093,6,95.734,56.406,12
4919,2,2020,8,Daniel Hemric,Chv,2,4093,7,90.765,59.494,11
4919,2,2020,8,Daniel Hemric,Chv,2,4093,8,33.159,162.852,8
4919,2,2020,8,Daniel Hemric,Chv,2,4093,9,30.88,174.870,8
4919,2,2020,8,Daniel Hemric,Chv,2,4093,10,30.907,174.718,8
4919,2,2020,8,Daniel Hemric,Chv,2,4093,11,31.123,173.505,8
4919,2,2020,8,Daniel Hemric,Chv,2,4093,12,31.021,174.076,8
4919,2,2020,8,Daniel Hemric,Chv,2,4093,13,31.069,173.807,8
4919,2,2020,8,Daniel Hemric,Chv,2,4093,14,31.158,173.310,8
4919,2,2020,8,Daniel Hemric,Chv,2,4093,15,30.991,174.244,8
4919,2,2020,8,Daniel Hemric,Chv,2,4093,16,31.275,172.662,7
4919,2,2020,8,Daniel Hemric,Chv,2,4093,17,31.181,173.182,7
4919,2,2020,8,Daniel Hemric,Chv,2,4093,18,31.25,172.800,7
4919,2,2020,8,Daniel Hemric,Chv,2,4093,19,31.454,171.679,7
4919,2,2020,8,Daniel Hemric,Chv,2,4093,20,31.672,170.498,7
4919,2,2020,8,Daniel Hemric,Chv,2,4093,21,36.704,147.123,7
4919,2,2020,8,Daniel Hemric,Chv,2,4093,22,83.896,64.365,7
4919,2,2020,8,Daniel Hemric,Chv,2,4093,23,96.802,55.784,7
4919,2,2020,8,Daniel Hemric,Chv,2,4093,24,96.652,55.871,7
4919,2,2020,8,Daniel Hemric,Chv,2,4093,25,93.077,58.016,8
4919,2,2020,8,Daniel Hemric,Chv,2,4093,26,33.421,161.575,9
4919,2,2020,8,Daniel Hemric,Chv,2,4093,27,31.455,171.674,8
4919,2,2020,8,Daniel Hemric,Chv,2,4093,28,32.812,164.574,8
4919,2,2020,8,Daniel Hemric,Chv,2,4093,29,85.064,63.482,8
4919,2,2020,8,Daniel Hemric,Chv,2,4093,30,105.1,51.380,8
4919,2,2020,8,Daniel Hemric,Chv,2,4093,31,104.926,51.465,8
4919,2,2020,8,Daniel Hemric,Chv,2,4093,32,100.064,53.965,7
4919,2,2020,8,Daniel Hemric,Chv,2,4093,33,33.474,161.319,8
4919,2,2020,8,Daniel Hemric,Chv,2,4093,34,31.558,171.114,9
4919,2,2020,8,Daniel Hemric,Chv,2,4093,35,31.4,171.975,9
4919,2,2020,8,Daniel Hemric,Chv,2,4093,36,31.285,172.607,9
4919,2,2020,8,Daniel Hemric,Chv,2,4093,37,31.568,171.059,9
4919,2,2020,8,Daniel Hemric,Chv,2,4093,38,31.082,173.734,9
4919,2,2020,8,Daniel Hemric,Chv,2,4093,39,31.49,171.483,9
4919,2,2020,8,Daniel Hemric,Chv,2,4093,40,31.317,172.430,9
4919,2,2020,8,Daniel Hemric,Chv,2,4093,41,31.559,171.108,9
4919,2,2020,8,Daniel Hemric,Chv,2,4093,42,31.543,171.195,9
4919,2,2020,8,Daniel Hemric,Chv,2,4093,43,31.611,170.827,9
4919,2,2020,8,Daniel Hemric,Chv,2,4093,44,31.369,172.144,9
4919,2,2020,8,Daniel Hemric,Chv,2,4093,45,31.313,172.452,9
4919,2,2020,8,Daniel Hemric,Chv,2,4093,46,48.441,111.476,9
4919,2,2020,8,Daniel Hemric,Chv,2,4093,47,71.648,75.368,9
4919,2,2020,8,Daniel Hemric,Chv,2,4093,48,117.147,46.096,23
4919,2,2020,8,Daniel Hemric,Chv,2,4093,49,75.667,71.365,9
4919,2,2020,8,Daniel Hemric,Chv,2,4093,50,97.736,55.251,9
4919,2,2020,8,Daniel Hemric,Chv,2,4093,51,94.614,57.074,9
4919,2,2020,8,Daniel Hemric,Chv,2,4093,52,92.638,58.291,10
4919,2,2020,8,Daniel Hemric,Chv,2,4093,53,32.921,164.029,10
4919,2,2020,8,Daniel Hemric,Chv,2,4093,54,30.64,176.240,10
4919,2,2020,8,Daniel Hemric,Chv,2,4093,55,30.815,175.239,10
4919,2,2020,8,Daniel Hemric,Chv,2,4093,56,30.741,175.661,10
4919,2,2020,8,Daniel Hemric,Chv,2,4093,57,30.782,175.427,9
4919,2,2020,8,Daniel Hemric,Chv,2,4093,58,30.885,174.842,9
4919,2,2020,8,Daniel Hemric,Chv,2,4093,59,30.82,175.211,9
4919,2,2020,8,Daniel Hemric,Chv,2,4093,60,30.977,174.323,9
4919,2,2020,8,Daniel Hemric,Chv,2,4093,61,31.133,173.449,9
4919,2,2020,8,Daniel Hemric,Chv,2,4093,62,31.059,173.863,9
4919,2,2020,8,Daniel Hemric,Chv,2,4093,63,31.238,172.866,6
4919,2,2020,8,Daniel Hemric,Chv,2,4093,64,30.831,175.148,6
4919,2,2020,8,Daniel Hemric,Chv,2,4093,65,31.033,174.008,6
4919,2,2020,8,Daniel Hemric,Chv,2,4093,66,30.946,174.498,6
4919,2,2020,8,Daniel Hemric,Chv,2,4093,67,31.119,173.527,6
4919,2,2020,8,Daniel Hemric,Chv,2,4093,68,30.997,174.210,6
4919,2,2020,8,Daniel Hemric,Chv,2,4093,69,31.059,173.863,6
4919,2,2020,8,Daniel Hemric,Chv,2,4093,70,31.086,173.712,6
4919,2,2020,8,Daniel Hemric,Chv,2,4093,71,31.041,173.963,6
4919,2,2020,8,Daniel Hemric,Chv,2,4093,72,31.155,173.327,6
4919,2,2020,8,Daniel Hemric,Chv,2,4093,73,31.187,173.149,6
4919,2,2020,8,Daniel Hemric,Chv,2,4093,74,31.326,172.381,6
4919,2,2020,8,Daniel Hemric,Chv,2,4093,75,31.373,172.123,6
4919,2,2020,8,Daniel Hemric,Chv,2,4093,76,31.79,169.865,6
4919,2,2020,8,Daniel Hemric,Chv,2,4093,77,31.478,171.548,6
4919,2,2020,8,Daniel Hemric,Chv,2,4093,78,31.827,169.667,7
4919,2,2020,8,Daniel Hemric,Chv,2,4093,79,31.281,172.629,7
4919,2,2020,8,Daniel Hemric,Chv,2,4093,80,31.188,173.144,7
4919,2,2020,8,Daniel Hemric,Chv,2,4093,81,31.384,172.062,7
4919,2,2020,8,Daniel Hemric,Chv,2,4093,82,31.26,172.745,7
4919,2,2020,8,Daniel Hemric,Chv,2,4093,83,31.526,171.287,7
4919,2,2020,8,Daniel Hemric,Chv,2,4093,84,31.61,170.832,7
4919,2,2020,8,Daniel Hemric,Chv,2,4093,85,31.424,171.843,7
4919,2,2020,8,Daniel Hemric,Chv,2,4093,86,31.518,171.331,7
4919,2,2020,8,Daniel Hemric,Chv,2,4093,87,31.716,170.261,7
4919,2,2020,8,Daniel Hemric,Chv,2,4093,88,31.541,171.206,7
4919,2,2020,8,Daniel Hemric,Chv,2,4093,89,31.648,170.627,7
4919,2,2020,8,Daniel Hemric,Chv,2,4093,90,31.627,170.740,7
4919,2,2020,8,Daniel Hemric,Chv,2,4093,91,46.247,116.764,7
4919,2,2020,8,Daniel Hemric,Chv,2,4093,92,79.648,67.798,7
4919,2,2020,8,Daniel Hemric,Chv,2,4093,93,116.149,46.492,14
4919,2,2020,8,Daniel Hemric,Chv,2,4093,94,79.189,68.191,9
4919,2,2020,8,Daniel Hemric,Chv,2,4093,95,91.342,59.118,9
4919,2,2020,8,Daniel Hemric,Chv,2,4093,96,96.106,56.188,9
4919,2,2020,8,Daniel Hemric,Chv,2,4093,97,95.236,56.701,8
4919,2,2020,8,Daniel Hemric,Chv,2,4093,98,92.855,58.155,8
4919,2,2020,8,Daniel Hemric,Chv,2,4093,99,32.82,164.534,8
4919,2,2020,8,Daniel Hemric,Chv,2,4093,100,30.774,175.473,7
4919,2,2020,8,Daniel Hemric,Chv,2,4093,101,30.662,176.114,7
4919,2,2020,8,Daniel Hemric,Chv,2,4093,102,30.589,176.534,7
4919,2,2020,8,Daniel Hemric,Chv,2,4093,103,30.676,176.033,7
4919,2,2020,8,Daniel Hemric,Chv,2,4093,104,30.778,175.450,7
4919,2,2020,8,Daniel Hemric,Chv,2,4093,105,30.747,175.627,7
4919,2,2020,8,Daniel Hemric,Chv,2,4093,106,30.705,175.867,7
4919,2,2020,8,Daniel Hemric,Chv,2,4093,107,30.75,175.610,7
4919,2,2020,8,Daniel Hemric,Chv,2,4093,108,30.818,175.222,7
4919,2,2020,8,Daniel Hemric,Chv,2,4093,109,30.893,174.797,7
4919,2,2020,8,Daniel Hemric,Chv,2,4093,110,31.085,173.717,8
4919,2,2020,8,Daniel Hemric,Chv,2,4093,111,31.063,173.840,8
4919,2,2020,8,Daniel Hemric,Chv,2,4093,112,31.181,173.182,8
4919,2,2020,8,Daniel Hemric,Chv,2,4093,113,31.278,172.645,8
4919,2,2020,8,Daniel Hemric,Chv,2,4093,114,31.119,173.527,8
4919,2,2020,8,Daniel Hemric,Chv,2,4093,115,31.083,173.728,8
4919,2,2020,8,Daniel Hemric,Chv,2,4093,116,31.358,172.205,8
4919,2,2020,8,Daniel Hemric,Chv,2,4093,117,31.109,173.583,8
4919,2,2020,8,Daniel Hemric,Chv,2,4093,118,31.02,174.081,8
4919,2,2020,8,Daniel Hemric,Chv,2,4093,119,31.167,173.260,8
4919,2,2020,8,Daniel Hemric,Chv,2,4093,120,31.448,171.712,10
4919,2,2020,8,Daniel Hemric,Chv,2,4093,121,31.606,170.854,10
4919,2,2020,8,Daniel Hemric,Chv,2,4093,122,31.278,172.645,10
4919,2,2020,8,Daniel Hemric,Chv,2,4093,123,31.363,172.177,10
4919,2,2020,8,Daniel Hemric,Chv,2,4093,124,31.284,172.612,10
4919,2,2020,8,Daniel Hemric,Chv,2,4093,125,31.335,172.331,10
4919,2,2020,8,Daniel Hemric,Chv,2,4093,126,31.794,169.843,10
4919,2,2020,8,Daniel Hemric,Chv,2,4093,127,31.761,170.020,10
4919,2,2020,8,Daniel Hemric,Chv,2,4093,128,31.563,171.086,10
4919,2,2020,8,Daniel Hemric,Chv,2,4093,129,31.523,171.303,10
4919,2,2020,8,Daniel Hemric,Chv,2,4093,130,31.532,171.255,10
4919,2,2020,8,Daniel Hemric,Chv,2,4093,131,31.379,172.090,10
4919,2,2020,8,Daniel Hemric,Chv,2,4093,132,31.706,170.315,10
4919,2,2020,8,Daniel Hemric,Chv,2,4093,133,31.525,171.293,10
4919,2,2020,8,Daniel Hemric,Chv,2,4093,134,31.865,169.465,10
4919,2,2020,8,Daniel Hemric,Chv,2,4093,135,31.466,171.614,10
4919,2,2020,8,Daniel Hemric,Chv,2,4093,136,31.54,171.211,10
4919,2,2020,8,Daniel Hemric,Chv,2,4093,137,31.51,171.374,10
4919,2,2020,8,Daniel Hemric,Chv,2,4093,138,31.72,170.240,10
4919,2,2020,8,Daniel Hemric,Chv,2,4093,139,31.899,169.284,10
4919,2,2020,8,Daniel Hemric,Chv,2,4093,140,31.736,170.154,10
4919,2,2020,8,Daniel Hemric,Chv,2,4093,141,31.831,169.646,10
4919,2,2020,8,Daniel Hemric,Chv,2,4093,142,31.764,170.004,10
4919,2,2020,8,Daniel Hemric,Chv,2,4093,143,31.769,169.977,10
4919,2,2020,8,Daniel Hemric,Chv,2,4093,144,63.794,84.647,16
4919,2,2020,8,Daniel Hemric,Chv,2,4093,145,43.78,123.344,17
4919,2,2020,8,Daniel Hemric,Chv,2,4093,146,31.159,173.305,16
4919,2,2020,8,Daniel Hemric,Chv,2,4093,147,30.932,174.576,14
4919,2,2020,8,Daniel Hemric,Chv,2,4093,148,30.628,176.309,12
4919,2,2020,8,Daniel Hemric,Chv,2,4093,149,31.096,173.656,12
4919,2,2020,8,Daniel Hemric,Chv,2,4093,150,30.864,174.961,11
4919,2,2020,8,Daniel Hemric,Chv,2,4093,151,31.072,173.790,9
4919,2,2020,8,Daniel Hemric,Chv,2,4093,152,30.758,175.564,9
4919,2,2020,8,Daniel Hemric,Chv,2,4093,153,30.824,175.188,9
4919,2,2020,8,Daniel Hemric,Chv,2,4093,154,39.64,136.226,8
4919,2,2020,8,Daniel Hemric,Chv,2,4093,155,89.556,60.297,8
4919,2,2020,8,Daniel Hemric,Chv,2,4093,156,96.263,56.096,8
4919,2,2020,8,Daniel Hemric,Chv,2,4093,157,95.911,56.302,8
4919,2,2020,8,Daniel Hemric,Chv,2,4093,158,97.079,55.625,8
4919,2,2020,8,Daniel Hemric,Chv,2,4093,159,91.244,59.182,8
4919,2,2020,8,Daniel Hemric,Chv,2,4093,160,37.971,142.214,8
4919,2,2020,8,Daniel Hemric,Chv,2,4093,161,77.97,69.257,7
4919,2,2020,8,Daniel Hemric,Chv,2,4093,162,101.277,53.319,7
4919,2,2020,8,Daniel Hemric,Chv,2,4093,163,32.637,165.456,4
4919,2,2020,8,Daniel Hemric,Chv,2,4093,164,30.658,176.137,4
4919,2,2020,8,Daniel Hemric,Chv,2,4093,165,30.669,176.074,4
4919,2,2020,8,Daniel Hemric,Chv,2,4093,166,30.723,175.764,4
4919,2,2020,8,Daniel Hemric,Chv,2,4093,167,30.639,176.246,4
4919,2,2020,8,Daniel Hemric,Chv,2,4093,168,30.631,176.292,4
4919,2,2020,8,Daniel Hemric,Chv,2,4093,169,30.693,175.936,4
4919,2,2020,8,Daniel Hemric,Chv,2,4093,170,30.672,176.056,4
4919,2,2020,8,Daniel Hemric,Chv,2,4093,171,32.216,167.619,4
4919,2,2020,8,Daniel Hemric,Chv,2,4093,172,80.814,66.820,4
4919,2,2020,8,Daniel Hemric,Chv,2,4093,173,96.683,55.853,4
4919,2,2020,8,Daniel Hemric,Chv,2,4093,174,96.332,56.056,4
4919,2,2020,8,Daniel Hemric,Chv,2,4093,175,94.155,57.352,3
4919,2,2020,8,Daniel Hemric,Chv,2,4093,176,37.874,142.578,3
4919,2,2020,8,Daniel Hemric,Chv,2,4093,177,109.626,49.258,13
4919,2,2020,8,Daniel Hemric,Chv,2,4093,178,92.44,58.416,12
4919,2,2020,8,Daniel Hemric,Chv,2,4093,179,97.31,55.493,12
4919,2,2020,8,Daniel Hemric,Chv,2,4093,180,94.745,56.995,12
4919,2,2020,8,Daniel Hemric,Chv,2,4093,181,96.069,56.210,12
4919,2,2020,8,Daniel Hemric,Chv,2,4093,182,99.522,54.259,12
4919,2,2020,8,Daniel Hemric,Chv,2,4093,183,91.851,58.791,11
4919,2,2020,8,Daniel Hemric,Chv,2,4093,184,37.468,144.123,10
4919,2,2020,8,Daniel Hemric,Chv,2,4093,185,82.431,65.509,10
4919,2,2020,8,Daniel Hemric,Chv,2,4093,186,96.025,56.235,10
4919,2,2020,8,Daniel Hemric,Chv,2,4093,187,93.735,57.609,10
4919,2,2020,8,Daniel Hemric,Chv,2,4093,188,88.19,61.231,10
4919,2,2020,8,Daniel Hemric,Chv,2,4093,189,32.883,164.219,9
4919,2,2020,8,Daniel Hemric,Chv,2,4093,190,30.658,176.137,7
4919,2,2020,8,Daniel Hemric,Chv,2,4093,191,30.338,177.995,7
4919,2,2020,8,Daniel Hemric,Chv,2,4093,192,30.762,175.541,5
4919,2,2020,8,Daniel Hemric,Chv,2,4093,193,48.551,111.223,5
4919,2,2020,8,Daniel Hemric,Chv,2,4093,194,92.356,58.469,5
4919,2,2020,8,Daniel Hemric,Chv,2,4093,195,103.992,51.927,5
4919,2,2020,8,Daniel Hemric,Chv,2,4093,196,108.54,49.751,5
4919,2,2020,8,Daniel Hemric,Chv,2,4093,197,37.178,145.247,3
4919,2,2020,8,Daniel Hemric,Chv,2,4093,198,84.934,63.579,3
4919,2,2020,8,Daniel Hemric,Chv,2,4093,199,93.978,57.460,3
4919,2,2020,8,Daniel Hemric,Chv,2,4093,200,94.985,56.851,3
4919,2,2020,8,Daniel Hemric,Chv,2,4093,201,96.41,56.011,3
4919,2,2020,8,Daniel Hemric,Chv,2,4093,202,32.21,167.650,3
4919,2,2020,8,Daniel Hemric,Chv,2,4093,203,30.387,177.708,2
4919,2,2020,22,Austin Cindric,Frd,3,4180,0,,,6
4919,2,2020,22,Austin Cindric,Frd,3,4180,1,33.307,162.128,5
4919,2,2020,22,Austin Cindric,Frd,3,4180,2,30.607,176.430,5
4919,2,2020,22,Austin Cindric,Frd,3,4180,3,30.552,176.748,5
4919,2,2020,22,Austin Cindric,Frd,3,4180,4,32.916,164.054,5
4919,2,2020,22,Austin Cindric,Frd,3,4180,5,87.629,61.623,5
4919,2,2020,22,Austin Cindric,Frd,3,4180,6,96.257,56.100,5
4919,2,2020,22,Austin Cindric,Frd,3,4180,7,93.399,57.816,6
4919,2,2020,22,Austin Cindric,Frd,3,4180,8,33.579,160.815,9
4919,2,2020,22,Austin Cindric,Frd,3,4180,9,31.076,173.768,9
4919,2,2020,22,Austin Cindric,Frd,3,4180,10,30.999,174.199,9
4919,2,2020,22,Austin Cindric,Frd,3,4180,11,31.217,172.983,9
4919,2,2020,22,Austin Cindric,Frd,3,4180,12,31.315,172.441,9
4919,2,2020,22,Austin Cindric,Frd,3,4180,13,31.152,173.344,9
4919,2,2020,22,Austin Cindric,Frd,3,4180,14,31.168,173.255,9
4919,2,2020,22,Austin Cindric,Frd,3,4180,15,31.101,173.628,9
4919,2,2020,22,Austin Cindric,Frd,3,4180,16,31.031,174.020,9
4919,2,2020,22,Austin Cindric,Frd,3,4180,17,31.137,173.427,9
4919,2,2020,22,Austin Cindric,Frd,3,4180,18,31.202,173.066,9
4919,2,2020,22,Austin Cindric,Frd,3,4180,19,31.223,172.949,9
4919,2,2020,22,Austin Cindric,Frd,3,4180,20,31.552,171.146,9
4919,2,2020,22,Austin Cindric,Frd,3,4180,21,36.979,146.029,8
4919,2,2020,22,Austin Cindric,Frd,3,4180,22,83.965,64.313,8
4919,2,2020,22,Austin Cindric,Frd,3,4180,23,96.882,55.738,8
4919,2,2020,22,Austin Cindric,Frd,3,4180,24,96.062,56.214,8
4919,2,2020,22,Austin Cindric,Frd,3,4180,25,92.945,58.099,7
4919,2,2020,22,Austin Cindric,Frd,3,4180,26,32.967,163.800,5
4919,2,2020,22,Austin Cindric,Frd,3,4180,27,30.971,174.357,5
4919,2,2020,22,Austin Cindric,Frd,3,4180,28,32.155,167.937,5
4919,2,2020,22,Austin Cindric,Frd,3,4180,29,85.23,63.358,5
4919,2,2020,22,Austin Cindric,Frd,3,4180,30,105.253,51.305,5
4919,2,2020,22,Austin Cindric,Frd,3,4180,31,105.264,51.300,5
4919,2,2020,22,Austin Cindric,Frd,3,4180,32,101.01,53.460,6
4919,2,2020,22,Austin Cindric,Frd,3,4180,33,33.392,161.715,6
4919,2,2020,22,Austin Cindric,Frd,3,4180,34,31.333,172.342,6
4919,2,2020,22,Austin Cindric,Frd,3,4180,35,31.16,173.299,6
4919,2,2020,22,Austin Cindric,Frd,3,4180,36,31.326,172.381,6
4919,2,2020,22,Austin Cindric,Frd,3,4180,37,31.266,172.712,6
4919,2,2020,22,Austin Cindric,Frd,3,4180,38,31.489,171.488,6
4919,2,2020,22,Austin Cindric,Frd,3,4180,39,31.378,172.095,6
4919,2,2020,22,Austin Cindric,Frd,3,4180,40,31.452,171.690,7
4919,2,2020,22,Austin Cindric,Frd,3,4180,41,31.636,170.692,6
4919,2,2020,22,Austin Cindric,Frd,3,4180,42,31.279,172.640,6
4919,2,2020,22,Austin Cindric,Frd,3,4180,43,31.247,172.817,6
4919,2,2020,22,Austin Cindric,Frd,3,4180,44,31.27,172.689,6
4919,2,2020,22,Austin Cindric,Frd,3,4180,45,31.65,170.616,6
4919,2,2020,22,Austin Cindric,Frd,3,4180,46,46.958,114.996,6
4919,2,2020,22,Austin Cindric,Frd,3,4180,47,72.489,74.494,6
4919,2,2020,22,Austin Cindric,Frd,3,4180,48,115.53,46.741,20
4919,2,2020,22,Austin Cindric,Frd,3,4180,49,77.702,69.496,6
4919,2,2020,22,Austin Cindric,Frd,3,4180,50,96.974,55.685,6
4919,2,2020,22,Austin Cindric,Frd,3,4180,51,95.35,56.633,6
4919,2,2020,22,Austin Cindric,Frd,3,4180,52,93.124,57.987,5
4919,2,2020,22,Austin Cindric,Frd,3,4180,53,32.739,164.941,5
4919,2,2020,22,Austin Cindric,Frd,3,4180,54,30.486,177.130,5
4919,2,2020,22,Austin Cindric,Frd,3,4180,55,30.57,176.644,5
4919,2,2020,22,Austin Cindric,Frd,3,4180,56,30.689,175.959,5
4919,2,2020,22,Austin Cindric,Frd,3,4180,57,30.669,176.074,4
4919,2,2020,22,Austin Cindric,Frd,3,4180,58,30.63,176.298,4
4919,2,2020,22,Austin Cindric,Frd,3,4180,59,30.531,176.869,4
4919,2,2020,22,Austin Cindric,Frd,3,4180,60,30.603,176.453,4
4919,2,2020,22,Austin Cindric,Frd,3,4180,61,30.515,176.962,4
4919,2,2020,22,Austin Cindric,Frd,3,4180,62,30.553,176.742,4
4919,2,2020,22,Austin Cindric,Frd,3,4180,63,30.64,176.240,4
4919,2,2020,22,Austin Cindric,Frd,3,4180,64,30.709,175.844,4
4919,2,2020,22,Austin Cindric,Frd,3,4180,65,30.575,176.615,4
4919,2,2020,22,Austin Cindric,Frd,3,4180,66,31.117,173.539,4
4919,2,2020,22,Austin Cindric,Frd,3,4180,67,30.762,175.541,4
4919,2,2020,22,Austin Cindric,Frd,3,4180,68,30.747,175.627,4
4919,2,2020,22,Austin Cindric,Frd,3,4180,69,30.819,175.217,4
4919,2,2020,22,Austin Cindric,Frd,3,4180,70,31.066,173.823,4
4919,2,2020,22,Austin Cindric,Frd,3,4180,71,31.009,174.143,4
4919,2,2020,22,Austin Cindric,Frd,3,4180,72,31.252,172.789,4
4919,2,2020,22,Austin Cindric,Frd,3,4180,73,31.18,173.188,4
4919,2,2020,22,Austin Cindric,Frd,3,4180,74,31.163,173.282,4
4919,2,2020,22,Austin Cindric,Frd,3,4180,75,31.189,173.138,4
4919,2,2020,22,Austin Cindric,Frd,3,4180,76,31.225,172.938,4
4919,2,2020,22,Austin Cindric,Frd,3,4180,77,31.396,171.996,4
4919,2,2020,22,Austin Cindric,Frd,3,4180,78,31.305,172.496,4
4919,2,2020,22,Austin Cindric,Frd,3,4180,79,31.559,171.108,4
4919,2,2020,22,Austin Cindric,Frd,3,4180,80,31.92,169.173,4
4919,2,2020,22,Austin Cindric,Frd,3,4180,81,31.791,169.859,4
4919,2,2020,22,Austin Cindric,Frd,3,4180,82,31.732,170.175,4
4919,2,2020,22,Austin Cindric,Frd,3,4180,83,31.856,169.513,4
4919,2,2020,22,Austin Cindric,Frd,3,4180,84,31.7,170.347,4
4919,2,2020,22,Austin Cindric,Frd,3,4180,85,31.676,170.476,4
4919,2,2020,22,Austin Cindric,Frd,3,4180,86,31.537,171.227,4
4919,2,2020,22,Austin Cindric,Frd,3,4180,87,31.402,171.964,4
4919,2,2020,22,Austin Cindric,Frd,3,4180,88,31.262,172.734,4
4919,2,2020,22,Austin Cindric,Frd,3,4180,89,31.537,171.227,4
4919,2,2020,22,Austin Cindric,Frd,3,4180,90,31.361,172.188,4
4919,2,2020,22,Austin Cindric,Frd,3,4180,91,45.55,118.551,4
4919,2,2020,22,Austin Cindric,Frd,3,4180,92,81.938,65.903,4
4919,2,2020,22,Austin Cindric,Frd,3,4180,93,113.102,47.745,11
4919,2,2020,22,Austin Cindric,Frd,3,4180,94,81.925,65.914,3
4919,2,2020,22,Austin Cindric,Frd,3,4180,95,92.716,58.242,3
4919,2,2020,22,Austin Cindric,Frd,3,4180,96,96.399,56.017,3
4919,2,2020,22,Austin Cindric,Frd,3,4180,97,95.584,56.495,3
4919,2,2020,22,Austin Cindric,Frd,3,4180,98,94.295,57.267,3
4919,2,2020,22,Austin Cindric,Frd,3,4180,99,32.69,165.188,4
4919,2,2020,22,Austin Cindric,Frd,3,4180,100,30.341,177.977,4
4919,2,2020,22,Austin Cindric,Frd,3,4180,101,30.327,178.059,4
4919,2,2020,22,Austin Cindric,Frd,3,4180,102,30.492,177.096,4
4919,2,2020,22,Austin Cindric,Frd,3,4180,103,30.563,176.684,4
4919,2,2020,22,Austin Cindric,Frd,3,4180,104,30.691,175.947,4
4919,2,2020,22,Austin Cindric,Frd,3,4180,105,30.456,177.305,4
4919,2,2020,22,Austin Cindric,Frd,3,4180,106,30.473,177.206,4
4919,2,2020,22,Austin Cindric,Frd,3,4180,107,30.596,176.494,4
4919,2,2020,22,Austin Cindric,Frd,3,4180,108,30.571,176.638,4
4919,2,2020,22,Austin Cindric,Frd,3,4180,109,30.895,174.786,4
4919,2,2020,22,Austin Cindric,Frd,3,4180,110,30.641,176.234,4
4919,2,2020,22,Austin Cindric,Frd,3,4180,111,30.571,176.638,4
4919,2,2020,22,Austin Cindric,Frd,3,4180,112,30.732,175.713,4
4919,2,2020,22,Austin Cindric,Frd,3,4180,113,30.686,175.976,4
4919,2,2020,22,Austin Cindric,Frd,3,4180,114,30.82,175.211,4
4919,2,2020,22,Austin Cindric,Frd,3,4180,115,30.684,175.987,4
4919,2,2020,22,Austin Cindric,Frd,3,4180,116,30.736,175.690,4
4919,2,2020,22,Austin Cindric,Frd,3,4180,117,30.702,175.884,4
4919,2,2020,22,Austin Cindric,Frd,3,4180,118,30.82,175.211,4
4919,2,2020,22,Austin Cindric,Frd,3,4180,119,31.017,174.098,4
4919,2,2020,22,Austin Cindric,Frd,3,4180,120,31.484,171.516,4
4919,2,2020,22,Austin Cindric,Frd,3,4180,121,31.201,173.071,4
4919,2,2020,22,Austin Cindric,Frd,3,4180,122,31.036,173.991,4
4919,2,2020,22,Austin Cindric,Frd,3,4180,123,31.065,173.829,4
4919,2,2020,22,Austin Cindric,Frd,3,4180,124,31.624,170.756,4
4919,2,2020,22,Austin Cindric,Frd,3,4180,125,31.53,171.265,4
4919,2,2020,22,Austin Cindric,Frd,3,4180,126,31.16,173.299,4
4919,2,2020,22,Austin Cindric,Frd,3,4180,127,31.22,172.966,4
4919,2,2020,22,Austin Cindric,Frd,3,4180,128,31.455,171.674,4
4919,2,2020,22,Austin Cindric,Frd,3,4180,129,31.47,171.592,4
4919,2,2020,22,Austin Cindric,Frd,3,4180,130,31.479,171.543,4
4919,2,2020,22,Austin Cindric,Frd,3,4180,131,31.61,170.832,4
4919,2,2020,22,Austin Cindric,Frd,3,4180,132,31.76,170.025,4
4919,2,2020,22,Austin Cindric,Frd,3,4180,133,31.952,169.004,4
4919,2,2020,22,Austin Cindric,Frd,3,4180,134,31.655,170.589,4
4919,2,2020,22,Austin Cindric,Frd,3,4180,135,31.085,173.717,4
4919,2,2020,22,Austin Cindric,Frd,3,4180,136,30.966,174.385,4
4919,2,2020,22,Austin Cindric,Frd,3,4180,137,31.049,173.919,4
4919,2,2020,22,Austin Cindric,Frd,3,4180,138,31.186,173.155,4
4919,2,2020,22,Austin Cindric,Frd,3,4180,139,31.359,172.199,4
4919,2,2020,22,Austin Cindric,Frd,3,4180,140,31.783,169.902,4
4919,2,2020,22,Austin Cindric,Frd,3,4180,141,31.342,172.293,4
4919,2,2020,22,Austin Cindric,Frd,3,4180,142,31.305,172.496,4
4919,2,2020,22,Austin Cindric,Frd,3,4180,143,31.385,172.057,4
4919,2,2020,22,Austin Cindric,Frd,3,4180,144,31.55,171.157,4
4919,2,2020,22,Austin Cindric,Frd,3,4180,145,31.654,170.595,4
4919,2,2020,22,Austin Cindric,Frd,3,4180,146,31.793,169.849,4
4919,2,2020,22,Austin Cindric,Frd,3,4180,147,31.913,169.210,4
4919,2,2020,22,Austin Cindric,Frd,3,4180,148,63.24,85.389,7
4919,2,2020,22,Austin Cindric,Frd,3,4180,149,44.317,121.849,7
4919,2,2020,22,Austin Cindric,Frd,3,4180,150,30.547,176.777,6
4919,2,2020,22,Austin Cindric,Frd,3,4180,151,30.41,177.573,4
4919,2,2020,22,Austin Cindric,Frd,3,4180,152,30.42,177.515,4
4919,2,2020,22,Austin Cindric,Frd,3,4180,153,30.286,178.300,4
4919,2,2020,22,Austin Cindric,Frd,3,4180,154,36.744,146.963,4
4919,2,2020,22,Austin Cindric,Frd,3,4180,155,53.032,101.825,4
4919,2,2020,22,Austin Cindric,Frd,3,4180,156,64.452,83.783,4
4919,2,2020,22,Austin Cindric,Frd,3,4180,157,96.663,55.864,4
4919,2,2020,22,Austin Cindric,Frd,3,4180,158,91.477,59.031,4
4919,2,2020,22,Austin Cindric,Frd,3,4180,159,95.425,56.589,1
4919,2,2020,22,Austin Cindric,Frd,3,4180,160,92.436,58.419,1
4919,2,2020,22,Austin Cindric,Frd,3,4180,161,103.873,51.987,2
4919,2,2020,22,Austin Cindric,Frd,3,4180,162,102.465,52.701,1
4919,2,2020,22,Austin Cindric,Frd,3,4180,163,32.357,166.888,1
4919,2,2020,22,Austin Cindric,Frd,3,4180,164,30.295,178.247,1
4919,2,2020,22,Austin Cindric,Frd,3,4180,165,30.38,177.749,1
4919,2,2020,22,Austin Cindric,Frd,3,4180,166,30.309,178.165,1
4919,2,2020,22,Austin Cindric,Frd,3,4180,167,30.339,177.989,1
4919,2,2020,22,Austin Cindric,Frd,3,4180,168,30.433,177.439,1
4919,2,2020,22,Austin Cindric,Frd,3,4180,169,30.372,177.795,1
4919,2,2020,22,Austin Cindric,Frd,3,4180,170,30.438,177.410,1
4919,2,2020,22,Austin Cindric,Frd,3,4180,171,31.643,170.654,1
4919,2,2020,22,Austin Cindric,Frd,3,4180,172,83.463,64.699,1
4919,2,2020,22,Austin Cindric,Frd,3,4180,173,96.423,56.003,1
4919,2,2020,22,Austin Cindric,Frd,3,4180,174,96.631,55.883,2
4919,2,2020,22,Austin Cindric,Frd,3,4180,175,94.959,56.867,2
4919,2,2020,22,Austin Cindric,Frd,3,4180,176,37.216,145.099,1
4919,2,2020,22,Austin Cindric,Frd,3,4180,177,88.872,60.762,1
4919,2,2020,22,Austin Cindric,Frd,3,4180,178,96.447,55.989,1
4919,2,2020,22,Austin Cindric,Frd,3,4180,179,96.401,56.016,1
4919,2,2020,22,Austin Cindric,Frd,3,4180,180,96.512,55.952,1
4919,2,2020,22,Austin Cindric,Frd,3,4180,181,96.361,56.039,1
4919,2,2020,22,Austin Cindric,Frd,3,4180,182,105.342,51.262,1
4919,2,2020,22,Austin Cindric,Frd,3,4180,183,101.596,53.152,2
4919,2,2020,22,Austin Cindric,Frd,3,4180,184,34.226,157.775,1
4919,2,2020,22,Austin Cindric,Frd,3,4180,185,82.939,65.108,1
4919,2,2020,22,Austin Cindric,Frd,3,4180,186,94.82,56.950,1
4919,2,2020,22,Austin Cindric,Frd,3,4180,187,95.166,56.743,1
4919,2,2020,22,Austin Cindric,Frd,3,4180,188,90.966,59.363,1
4919,2,2020,22,Austin Cindric,Frd,3,4180,189,32.041,168.534,1
4919,2,2020,22,Austin Cindric,Frd,3,4180,190,30.681,176.005,2
4919,2,2020,22,Austin Cindric,Frd,3,4180,191,30.754,175.587,2
4919,2,2020,22,Austin Cindric,Frd,3,4180,192,30.745,175.638,2
4919,2,2020,22,Austin Cindric,Frd,3,4180,193,47.287,114.196,2
4919,2,2020,22,Austin Cindric,Frd,3,4180,194,93.271,57.896,2
4919,2,2020,22,Austin Cindric,Frd,3,4180,195,104.133,51.857,2
4919,2,2020,22,Austin Cindric,Frd,3,4180,196,109.396,49.362,2
4919,2,2020,22,Austin Cindric,Frd,3,4180,197,36.993,145.974,2
4919,2,2020,22,Austin Cindric,Frd,3,4180,198,84.733,63.730,2
4919,2,2020,22,Austin Cindric,Frd,3,4180,199,94.175,57.340,2
4919,2,2020,22,Austin Cindric,Frd,3,4180,200,95.154,56.750,2
4919,2,2020,22,Austin Cindric,Frd,3,4180,201,96.57,55.918,2
4919,2,2020,22,Austin Cindric,Frd,3,4180,202,32.024,168.624,1
4919,2,2020,22,Austin Cindric,Frd,3,4180,203,31.04,173.969,3
4919,2,2020,10,Ross Chastain,Chv,4,4001,0,,,1
4919,2,2020,10,Ross Chastain,Chv,4,4001,1,32.408,166.626,1
4919,2,2020,10,Ross Chastain,Chv,4,4001,2,29.963,180.222,1
4919,2,2020,10,Ross Chastain,Chv,4,4001,3,30.351,177.918,1
4919,2,2020,10,Ross Chastain,Chv,4,4001,4,33.117,163.058,1
4919,2,2020,10,Ross Chastain,Chv,4,4001,5,86.901,62.140,1
4919,2,2020,10,Ross Chastain,Chv,4,4001,6,97.451,55.412,1
4919,2,2020,10,Ross Chastain,Chv,4,4001,7,94.471,57.160,1
4919,2,2020,10,Ross Chastain,Chv,4,4001,8,32.37,166.821,1
4919,2,2020,10,Ross Chastain,Chv,4,4001,9,30.437,177.416,1
4919,2,2020,10,Ross Chastain,Chv,4,4001,10,30.736,175.690,1
4919,2,2020,10,Ross Chastain,Chv,4,4001,11,30.848,175.052,1
4919,2,2020,10,Ross Chastain,Chv,4,4001,12,30.865,174.955,1
4919,2,2020,10,Ross Chastain,Chv,4,4001,13,31.166,173.266,1
4919,2,2020,10,Ross Chastain,Chv,4,4001,14,31.324,172.392,1
4919,2,2020,10,Ross Chastain,Chv,4,4001,15,31.084,173.723,1
4919,2,2020,10,Ross Chastain,Chv,4,4001,16,31.128,173.477,1
4919,2,2020,10,Ross Chastain,Chv,4,4001,17,31.176,173.210,1
4919,2,2020,10,Ross Chastain,Chv,4,4001,18,31.27,172.689,1
4919,2,2020,10,Ross Chastain,Chv,4,4001,19,31.177,173.205,1
4919,2,2020,10,Ross Chastain,Chv,4,4001,20,31.32,172.414,1
4919,2,2020,10,Ross Chastain,Chv,4,4001,21,35.289,153.022,1
4919,2,2020,10,Ross Chastain,Chv,4,4001,22,85.736,62.984,1
4919,2,2020,10,Ross Chastain,Chv,4,4001,23,96.999,55.671,1
4919,2,2020,10,Ross Chastain,Chv,4,4001,24,96.779,55.797,1
4919,2,2020,10,Ross Chastain,Chv,4,4001,25,94.992,56.847,1
4919,2,2020,10,Ross Chastain,Chv,4,4001,26,32.586,165.715,1
4919,2,2020,10,Ross Chastain,Chv,4,4001,27,30.612,176.401,1
4919,2,2020,10,Ross Chastain,Chv,4,4001,28,31.848,169.555,1
4919,2,2020,10,Ross Chastain,Chv,4,4001,29,84.628,63.809,1
4919,2,2020,10,Ross Chastain,Chv,4,4001,30,105.166,51.347,1
4919,2,2020,10,Ross Chastain,Chv,4,4001,31,105.859,51.011,1
4919,2,2020,10,Ross Chastain,Chv,4,4001,32,102.216,52.829,2
4919,2,2020,10,Ross Chastain,Chv,4,4001,33,32.697,165.153,1
4919,2,2020,10,Ross Chastain,Chv,4,4001,34,30.753,175.593,1
4919,2,2020,10,Ross Chastain,Chv,4,4001,35,30.522,176.922,1
4919,2,2020,10,Ross Chastain,Chv,4,4001,36,30.628,176.309,1
4919,2,2020,10,Ross Chastain,Chv,4,4001,37,30.66,176.125,1
4919,2,2020,10,Ross Chastain,Chv,4,4001,38,30.855,175.012,2
4919,2,2020,10,Ross Chastain,Chv,4,4001,39,31.166,173.266,2
4919,2,2020,10,Ross Chastain,Chv,4,4001,40,30.998,174.205,2
4919,2,2020,10,Ross Chastain,Chv,4,4001,41,30.914,174.678,2
4919,2,2020,10,Ross Chastain,Chv,4,4001,42,30.955,174.447,2
4919,2,2020,10,Ross Chastain,Chv,4,4001,43,30.99,174.250,2
4919,2,2020,10,Ross Chastain,Chv,4,4001,44,30.988,174.261,2
4919,2,2020,10,Ross Chastain,Chv,4,4001,45,31.479,171.543,2
4919,2,2020,10,Ross Chastain,Chv,4,4001,46,45.378,119.000,2
4919,2,2020,10,Ross Chastain,Chv,4,4001,47,78.84,68.493,2
4919,2,2020,10,Ross Chastain,Chv,4,4001,48,115.817,46.625,18
4919,2,2020,10,Ross Chastain,Chv,4,4001,49,77.481,69.695,2
4919,2,2020,10,Ross Chastain,Chv,4,4001,50,96.33,56.057,2
4919,2,2020,10,Ross Chastain,Chv,4,4001,51,96.415,56.008,1
4919,2,2020,10,Ross Chastain,Chv,4,4001,52,94.215,57.316,2
4919,2,2020,10,Ross Chastain,Chv,4,4001,53,32.182,167.796,1
4919,2,2020,10,Ross Chastain,Chv,4,4001,54,30.197,178.826,1
4919,2,2020,10,Ross Chastain,Chv,4,4001,55,30.129,179.229,1
4919,2,2020,10,Ross Chastain,Chv,4,4001,56,30.183,178.909,1
4919,2,2020,10,Ross Chastain,Chv,4,4001,57,30.374,177.784,1
4919,2,2020,10,Ross Chastain,Chv,4,4001,58,30.45,177.340,1
4919,2,2020,10,Ross Chastain,Chv,4,4001,59,30.49,177.107,1
4919,2,2020,10,Ross Chastain,Chv,4,4001,60,30.548,176.771,1
4919,2,2020,10,Ross Chastain,Chv,4,4001,61,30.558,176.713,1
4919,2,2020,10,Ross Chastain,Chv,4,4001,62,30.571,176.638,1
4919,2,2020,10,Ross Chastain,Chv,4,4001,63,30.659,176.131,1
4919,2,2020,10,Ross Chastain,Chv,4,4001,64,30.704,175.873,1
4919,2,2020,10,Ross Chastain,Chv,4,4001,65,30.756,175.575,1
4919,2,2020,10,Ross Chastain,Chv,4,4001,66,30.89,174.814,1
4919,2,2020,10,Ross Chastain,Chv,4,4001,67,30.891,174.808,1
4919,2,2020,10,Ross Chastain,Chv,4,4001,68,30.807,175.285,1
4919,2,2020,10,Ross Chastain,Chv,4,4001,69,31.233,172.894,1
4919,2,2020,10,Ross Chastain,Chv,4,4001,70,31.299,172.529,1
4919,2,2020,10,Ross Chastain,Chv,4,4001,71,31.691,170.395,1
4919,2,2020,10,Ross Chastain,Chv,4,4001,72,31.38,172.084,1
4919,2,2020,10,Ross Chastain,Chv,4,4001,73,31.094,173.667,1
4919,2,2020,10,Ross Chastain,Chv,4,4001,74,30.957,174.436,1
4919,2,2020,10,Ross Chastain,Chv,4,4001,75,30.985,174.278,1
4919,2,2020,10,Ross Chastain,Chv,4,4001,76,31.441,171.750,1
4919,2,2020,10,Ross Chastain,Chv,4,4001,77,31.284,172.612,1
4919,2,2020,10,Ross Chastain,Chv,4,4001,78,31.336,172.326,1
4919,2,2020,10,Ross Chastain,Chv,4,4001,79,31.652,170.605,1
4919,2,2020,10,Ross Chastain,Chv,4,4001,80,31.816,169.726,1
4919,2,2020,10,Ross Chastain,Chv,4,4001,81,31.823,169.689,2
4919,2,2020,10,Ross Chastain,Chv,4,4001,82,31.691,170.395,2
4919,2,2020,10,Ross Chastain,Chv,4,4001,83,31.78,169.918,2
4919,2,2020,10,Ross Chastain,Chv,4,4001,84,31.36,172.194,2
4919,2,2020,10,Ross Chastain,Chv,4,4001,85,31.283,172.618,2
4919,2,2020,10,Ross Chastain,Chv,4,4001,86,31.434,171.789,2
4919,2,2020,10,Ross Chastain,Chv,4,4001,87,31.379,172.090,2
4919,2,2020,10,Ross Chastain,Chv,4,4001,88,31.245,172.828,2
4919,2,2020,10,Ross Chastain,Chv,4,4001,89,31.359,172.199,2
4919,2,2020,10,Ross Chastain,Chv,4,4001,90,31.537,171.227,2
4919,2,2020,10,Ross Chastain,Chv,4,4001,91,44.88,120.321,2
4919,2,2020,10,Ross Chastain,Chv,4,4001,92,83.444,64.714,2
4919,2,2020,10,Ross Chastain,Chv,4,4001,93,112.579,47.966,10
4919,2,2020,10,Ross Chastain,Chv,4,4001,94,83.026,65.040,2
4919,2,2020,10,Ross Chastain,Chv,4,4001,95,93.183,57.950,2
4919,2,2020,10,Ross Chastain,Chv,4,4001,96,96.126,56.176,2
4919,2,2020,10,Ross Chastain,Chv,4,4001,97,95.733,56.407,2
4919,2,2020,10,Ross Chastain,Chv,4,4001,98,94.633,57.063,2
4919,2,2020,10,Ross Chastain,Chv,4,4001,99,32.315,167.105,1
4919,2,2020,10,Ross Chastain,Chv,4,4001,100,30.221,178.684,2
4919,2,2020,10,Ross Chastain,Chv,4,4001,101,30.177,178.944,1
4919,2,2020,10,Ross Chastain,Chv,4,4001,102,30.221,178.684,1
4919,2,2020,10,Ross Chastain,Chv,4,4001,103,30.465,177.253,2
4919,2,2020,10,Ross Chastain,Chv,4,4001,104,30.458,177.293,2
4919,2,2020,10,Ross Chastain,Chv,4,4001,105,30.467,177.241,2
4919,2,2020,10,Ross Chastain,Chv,4,4001,106,30.505,177.020,2
4919,2,2020,10,Ross Chastain,Chv,4,4001,107,30.576,176.609,2
4919,2,2020,10,Ross Chastain,Chv,4,4001,108,30.585,176.557,2
4919,2,2020,10,Ross Chastain,Chv,4,4001,109,30.578,176.598,2
4919,2,2020,10,Ross Chastain,Chv,4,4001,110,30.625,176.327,2
4919,2,2020,10,Ross Chastain,Chv,4,4001,111,30.751,175.604,2
4919,2,2020,10,Ross Chastain,Chv,4,4001,112,30.732,175.713,2
4919,2,2020,10,Ross Chastain,Chv,4,4001,113,30.831,175.148,2
4919,2,2020,10,Ross Chastain,Chv,4,4001,114,30.786,175.404,2
4919,2,2020,10,Ross Chastain,Chv,4,4001,115,30.718,175.793,2
4919,2,2020,10,Ross Chastain,Chv,4,4001,116,30.824,175.188,2
4919,2,2020,10,Ross Chastain,Chv,4,4001,117,30.914,174.678,2
4919,2,2020,10,Ross Chastain,Chv,4,4001,118,30.956,174.441,2
4919,2,2020,10,Ross Chastain,Chv,4,4001,119,31.664,170.541,2
4919,2,2020,10,Ross Chastain,Chv,4,4001,120,31.533,171.249,3
4919,2,2020,10,Ross Chastain,Chv,4,4001,121,31.179,173.193,3
4919,2,2020,10,Ross Chastain,Chv,4,4001,122,31.148,173.366,3
4919,2,2020,10,Ross Chastain,Chv,4,4001,123,31.101,173.628,3
4919,2,2020,10,Ross Chastain,Chv,4,4001,124,31.446,171.723,3
4919,2,2020,10,Ross Chastain,Chv,4,4001,125,31.333,172.342,3
4919,2,2020,10,Ross Chastain,Chv,4,4001,126,31.401,171.969,3
4919,2,2020,10,Ross Chastain,Chv,4,4001,127,31.257,172.761,3
4919,2,2020,10,Ross Chastain,Chv,4,4001,128,31.451,171.696,3
4919,2,2020,10,Ross Chastain,Chv,4,4001,129,31.464,171.625,3
4919,2,2020,10,Ross Chastain,Chv,4,4001,130,31.497,171.445,3
4919,2,2020,10,Ross Chastain,Chv,4,4001,131,31.597,170.902,3
4919,2,2020,10,Ross Chastain,Chv,4,4001,132,31.616,170.800,3
4919,2,2020,10,Ross Chastain,Chv,4,4001,133,31.354,172.227,3
4919,2,2020,10,Ross Chastain,Chv,4,4001,134,31.555,171.130,3
4919,2,2020,10,Ross Chastain,Chv,4,4001,135,31.239,172.861,3
4919,2,2020,10,Ross Chastain,Chv,4,4001,136,31.234,172.889,3
4919,2,2020,10,Ross Chastain,Chv,4,4001,137,31.164,173.277,3
4919,2,2020,10,Ross Chastain,Chv,4,4001,138,31.196,173.099,3
4919,2,2020,10,Ross Chastain,Chv,4,4001,139,31.187,173.149,3
4919,2,2020,10,Ross Chastain,Chv,4,4001,140,31.178,173.199,3
4919,2,2020,10,Ross Chastain,Chv,4,4001,141,31.271,172.684,3
4919,2,2020,10,Ross Chastain,Chv,4,4001,142,31.286,172.601,3
4919,2,2020,10,Ross Chastain,Chv,4,4001,143,31.459,171.652,3
4919,2,2020,10,Ross Chastain,Chv,4,4001,144,31.642,170.659,3
4919,2,2020,10,Ross Chastain,Chv,4,4001,145,31.985,168.829,3
4919,2,2020,10,Ross Chastain,Chv,4,4001,146,31.699,170.352,3
4919,2,2020,10,Ross Chastain,Chv,4,4001,147,31.769,169.977,3
4919,2,2020,10,Ross Chastain,Chv,4,4001,148,65.771,82.103,8
4919,2,2020,10,Ross Chastain,Chv,4,4001,149,44.367,121.712,8
4919,2,2020,10,Ross Chastain,Chv,4,4001,150,30.621,176.350,8
4919,2,2020,10,Ross Chastain,Chv,4,4001,151,30.235,178.601,5
4919,2,2020,10,Ross Chastain,Chv,4,4001,152,30.26,178.453,5
4919,2,2020,10,Ross Chastain,Chv,4,4001,153,30.346,177.948,5
4919,2,2020,10,Ross Chastain,Chv,4,4001,154,83.048,65.023,14
4919,2,2020,10,Ross Chastain,Chv,4,4001,155,69.493,77.706,14
4919,2,2020,10,Ross Chastain,Chv,4,4001,156,96.177,56.146,14
4919,2,2020,10,Ross Chastain,Chv,4,4001,157,132.718,40.688,16
4919,2,2020,10,Ross Chastain,Chv,4,4001,158,62.411,86.523,16
4919,2,2020,10,Ross Chastain,Chv,4,4001,159,92.94,58.102,15
4919,2,2020,10,Ross Chastain,Chv,4,4001,160,105.63,51.122,16
4919,2,2020,10,Ross Chastain,Chv,4,4001,161,95.603,56.484,16
4919,2,2020,10,Ross Chastain,Chv,4,4001,162,33.236,162.474,16
4919,2,2020,10,Ross Chastain,Chv,4,4001,163,31.304,172.502,16
4919,2,2020,10,Ross Chastain,Chv,4,4001,164,31.48,171.537,16
4919,2,2020,10,Ross Chastain,Chv,4,4001,165,31.052,173.902,16
4919,2,2020,10,Ross Chastain,Chv,4,4001,166,30.93,174.588,16
4919,2,2020,10,Ross Chastain,Chv,4,4001,167,30.844,175.075,16
4919,2,2020,10,Ross Chastain,Chv,4,4001,168,30.787,175.399,15
4919,2,2020,10,Ross Chastain,Chv,4,4001,169,30.911,174.695,15
4919,2,2020,10,Ross Chastain,Chv,4,4001,170,35.634,151.541,15
4919,2,2020,10,Ross Chastain,Chv,4,4001,171,74.346,72.633,15
4919,2,2020,10,Ross Chastain,Chv,4,4001,172,96.027,56.234,15
4919,2,2020,10,Ross Chastain,Chv,4,4001,173,97.505,55.382,15
4919,2,2020,10,Ross Chastain,Chv,4,4001,174,92.207,58.564,15
4919,2,2020,10,Ross Chastain,Chv,4,4001,175,41.255,130.893,15
4919,2,2020,10,Ross Chastain,Chv,4,4001,176,89.715,60.191,15
4919,2,2020,10,Ross Chastain,Chv,4,4001,177,96.253,56.102,14
4919,2,2020,10,Ross Chastain,Chv,4,4001,178,96.522,55.946,14
4919,2,2020,10,Ross Chastain,Chv,4,4001,179,68.341,79.016,14
4919,2,2020,10,Ross Chastain,Chv,4,4001,180,45.685,118.201,14
4919,2,2020,10,Ross Chastain,Chv,4,4001,181,91.62,58.939,14
4919,2,2020,10,Ross Chastain,Chv,4,4001,182,116.074,46.522,14
4919,2,2020,10,Ross Chastain,Chv,4,4001,183,75.317,71.697,14
4919,2,2020,10,Ross Chastain,Chv,4,4001,184,43.601,123.850,13
4919,2,2020,10,Ross Chastain,Chv,4,4001,185,79.758,67.705,13
4919,2,2020,10,Ross Chastain,Chv,4,4001,186,120.916,44.659,13
4919,2,2020,10,Ross Chastain,Chv,4,4001,187,69.169,78.070,13
4919,2,2020,10,Ross Chastain,Chv,4,4001,188,82.557,65.409,13
4919,2,2020,10,Ross Chastain,Chv,4,4001,189,33.07,163.290,12
4919,2,2020,10,Ross Chastain,Chv,4,4001,190,31.246,172.822,11
4919,2,2020,10,Ross Chastain,Chv,4,4001,191,30.753,175.593,10
4919,2,2020,10,Ross Chastain,Chv,4,4001,192,31.179,173.193,9
4919,2,2020,10,Ross Chastain,Chv,4,4001,193,49.922,108.169,9
4919,2,2020,10,Ross Chastain,Chv,4,4001,194,91.176,59.226,8
4919,2,2020,10,Ross Chastain,Chv,4,4001,195,102.738,52.561,8
4919,2,2020,10,Ross Chastain,Chv,4,4001,196,107.809,50.089,7
4919,2,2020,10,Ross Chastain,Chv,4,4001,197,39.95,135.169,6
4919,2,2020,10,Ross Chastain,Chv,4,4001,198,83.628,64.572,6
4919,2,2020,10,Ross Chastain,Chv,4,4001,199,93.77,57.588,6
4919,2,2020,10,Ross Chastain,Chv,4,4001,200,94.533,57.123,6
4919,2,2020,10,Ross Chastain,Chv,4,4001,201,95.631,56.467,5
4919,2,2020,10,Ross Chastain,Chv,4,4001,202,32.677,165.254,4
4919,2,2020,10,Ross Chastain,Chv,4,4001,203,30.449,177.346,4
4919,2,2020,7,Justin Allgaier,Chv,5,34,0,,,4
4919,2,2020,7,Justin Allgaier,Chv,5,34,1,33.998,158.833,7
4919,2,2020,7,Justin Allgaier,Chv,5,34,2,31.147,173.371,7
4919,2,2020,7,Justin Allgaier,Chv,5,34,3,30.958,174.430,7
4919,2,2020,7,Justin Allgaier,Chv,5,34,4,33.156,162.866,7
4919,2,2020,7,Justin Allgaier,Chv,5,34,5,86.776,62.229,7
4919,2,2020,7,Justin Allgaier,Chv,5,34,6,95.872,56.325,7
4919,2,2020,7,Justin Allgaier,Chv,5,34,7,92.995,58.068,8
4919,2,2020,7,Justin Allgaier,Chv,5,34,8,33.741,160.043,11
4919,2,2020,7,Justin Allgaier,Chv,5,34,9,31.503,171.412,10
4919,2,2020,7,Justin Allgaier,Chv,5,34,10,31.55,171.157,11
4919,2,2020,7,Justin Allgaier,Chv,5,34,11,31.571,171.043,11
4919,2,2020,7,Justin Allgaier,Chv,5,34,12,31.276,172.656,11
4919,2,2020,7,Justin Allgaier,Chv,5,34,13,31.211,173.016,10
4919,2,2020,7,Justin Allgaier,Chv,5,34,14,31.178,173.199,10
4919,2,2020,7,Justin Allgaier,Chv,5,34,15,31.161,173.294,10
4919,2,2020,7,Justin Allgaier,Chv,5,34,16,31.188,173.144,10
4919,2,2020,7,Justin Allgaier,Chv,5,34,17,31.302,172.513,10
4919,2,2020,7,Justin Allgaier,Chv,5,34,18,31.171,173.238,10
4919,2,2020,7,Justin Allgaier,Chv,5,34,19,31.277,172.651,10
4919,2,2020,7,Justin Allgaier,Chv,5,34,20,31.382,172.073,10
4919,2,2020,7,Justin Allgaier,Chv,5,34,21,37.372,144.493,10
4919,2,2020,7,Justin Allgaier,Chv,5,34,22,82.08,65.789,9
4919,2,2020,7,Justin Allgaier,Chv,5,34,23,96.963,55.691,9
4919,2,2020,7,Justin Allgaier,Chv,5,34,24,96.054,56.218,9
4919,2,2020,7,Justin Allgaier,Chv,5,34,25,92.763,58.213,10
4919,2,2020,7,Justin Allgaier,Chv,5,34,26,33.401,161.672,10
4919,2,2020,7,Justin Allgaier,Chv,5,34,27,31.515,171.347,10
4919,2,2020,7,Justin Allgaier,Chv,5,34,28,33.352,161.909,10
4919,2,2020,7,Justin Allgaier,Chv,5,34,29,85.05,63.492,10
4919,2,2020,7,Justin Allgaier,Chv,5,34,30,107.3,50.326,14
4919,2,2020,7,Justin Allgaier,Chv,5,34,31,112.559,47.975,31
4919,2,2020,7,Justin Allgaier,Chv,5,34,32,91.452,59.047,29
4919,2,2020,7,Justin Allgaier,Chv,5,34,33,33.277,162.274,21
4919,2,2020,7,Justin Allgaier,Chv,5,34,34,31.771,169.966,21
4919,2,2020,7,Justin Allgaier,Chv,5,34,35,31.715,170.266,20
4919,2,2020,7,Justin Allgaier,Chv,5,34,36,31.884,169.364,20
4919,2,2020,7,Justin Allgaier,Chv,5,34,37,31.855,169.518,20
4919,2,2020,7,Justin Allgaier,Chv,5,34,38,31.695,170.374,19
4919,2,2020,7,Justin Allgaier,Chv,5,34,39,31.733,170.170,18
4919,2,2020,7,Justin Allgaier,Chv,5,34,40,31.8,169.811,18
4919,2,2020,7,Justin Allgaier,Chv,5,34,41,31.814,169.737,18
4919,2,2020,7,Justin Allgaier,Chv,5,34,42,31.803,169.795,18
4919,2,2020,7,Justin Allgaier,Chv,5,34,43,31.743,170.116,17
4919,2,2020,7,Justin Allgaier,Chv,5,34,44,31.868,169.449,17
4919,2,2020,7,Justin Allgaier,Chv,5,34,45,31.907,169.242,17
4919,2,2020,7,Justin Allgaier,Chv,5,34,46,47.023,114.837,17
4919,2,2020,7,Justin Allgaier,Chv,5,34,47,70.803,76.268,17
4919,2,2020,7,Justin Allgaier,Chv,5,34,48,95.657,56.452,10
4919,2,2020,7,Justin Allgaier,Chv,5,34,49,122.907,43.936,31
4919,2,2020,7,Justin Allgaier,Chv,5,34,50,78.677,68.635,29
4919,2,2020,7,Justin Allgaier,Chv,5,34,51,93.174,57.956,27
4919,2,2020,7,Justin Allgaier,Chv,5,34,52,84.459,63.936,23
4919,2,2020,7,Justin Allgaier,Chv,5,34,53,33.329,162.021,17
4919,2,2020,7,Justin Allgaier,Chv,5,34,54,31.549,171.162,17
4919,2,2020,7,Justin Allgaier,Chv,5,34,55,31.601,170.881,17
4919,2,2020,7,Justin Allgaier,Chv,5,34,56,31.446,171.723,16
4919,2,2020,7,Justin Allgaier,Chv,5,34,57,31.335,172.331,15
4919,2,2020,7,Justin Allgaier,Chv,5,34,58,31.395,172.002,14
4919,2,2020,7,Justin Allgaier,Chv,5,34,59,31.38,172.084,14
4919,2,2020,7,Justin Allgaier,Chv,5,34,60,31.167,173.260,14
4919,2,2020,7,Justin Allgaier,Chv,5,34,61,31.144,173.388,14
4919,2,2020,7,Justin Allgaier,Chv,5,34,62,31.113,173.561,14
4919,2,2020,7,Justin Allgaier,Chv,5,34,63,31.22,172.966,14
4919,2,2020,7,Justin Allgaier,Chv,5,34,64,31.121,173.516,14
4919,2,2020,7,Justin Allgaier,Chv,5,34,65,31.059,173.863,14
4919,2,2020,7,Justin Allgaier,Chv,5,34,66,30.984,174.284,14
4919,2,2020,7,Justin Allgaier,Chv,5,34,67,30.971,174.357,14
4919,2,2020,7,Justin Allgaier,Chv,5,34,68,31.108,173.589,14
4919,2,2020,7,Justin Allgaier,Chv,5,34,69,31.264,172.723,14
4919,2,2020,7,Justin Allgaier,Chv,5,34,70,31.265,172.717,14
4919,2,2020,7,Justin Allgaier,Chv,5,34,71,31.216,172.988,14
4919,2,2020,7,Justin Allgaier,Chv,5,34,72,31.224,172.944,14
4919,2,2020,7,Justin Allgaier,Chv,5,34,73,31.167,173.260,14
4919,2,2020,7,Justin Allgaier,Chv,5,34,74,31.105,173.606,14
4919,2,2020,7,Justin Allgaier,Chv,5,34,75,31.164,173.277,14
4919,2,2020,7,Justin Allgaier,Chv,5,34,76,31.256,172.767,14
4919,2,2020,7,Justin Allgaier,Chv,5,34,77,31.479,171.543,14
4919,2,2020,7,Justin Allgaier,Chv,5,34,78,31.433,171.794,14
4919,2,2020,7,Justin Allgaier,Chv,5,34,79,31.535,171.238,14
4919,2,2020,7,Justin Allgaier,Chv,5,34,80,31.667,170.525,13
4919,2,2020,7,Justin Allgaier,Chv,5,34,81,31.351,172.243,13
4919,2,2020,7,Justin Allgaier,Chv,5,34,82,31.246,172.822,13
4919,2,2020,7,Justin Allgaier,Chv,5,34,83,31.3,172.524,13
4919,2,2020,7,Justin Allgaier,Chv,5,34,84,31.385,172.057,13
4919,2,2020,7,Justin Allgaier,Chv,5,34,85,31.513,171.358,13
4919,2,2020,7,Justin Allgaier,Chv,5,34,86,31.504,171.407,13
4919,2,2020,7,Justin Allgaier,Chv,5,34,87,31.56,171.103,13
4919,2,2020,7,Justin Allgaier,Chv,5,34,88,31.692,170.390,13
4919,2,2020,7,Justin Allgaier,Chv,5,34,89,31.871,169.433,13
4919,2,2020,7,Justin Allgaier,Chv,5,34,90,31.78,169.918,13
4919,2,2020,7,Justin Allgaier,Chv,5,34,91,48.138,112.177,13
4919,2,2020,7,Justin Allgaier,Chv,5,34,92,78.069,69.170,13
4919,2,2020,7,Justin Allgaier,Chv,5,34,93,92.294,58.509,7
4919,2,2020,7,Justin Allgaier,Chv,5,34,94,100.176,53.905,14
4919,2,2020,7,Justin Allgaier,Chv,5,34,95,90.748,59.505,14
4919,2,2020,7,Justin Allgaier,Chv,5,34,96,95.903,56.307,14
4919,2,2020,7,Justin Allgaier,Chv,5,34,97,94.215,57.316,13
4919,2,2020,7,Justin Allgaier,Chv,5,34,98,91.721,58.874,14
4919,2,2020,7,Justin Allgaier,Chv,5,34,99,33.072,163.280,14
4919,2,2020,7,Justin Allgaier,Chv,5,34,100,31.242,172.844,14
4919,2,2020,7,Justin Allgaier,Chv,5,34,101,31.095,173.661,15
4919,2,2020,7,Justin Allgaier,Chv,5,34,102,30.835,175.126,13
4919,2,2020,7,Justin Allgaier,Chv,5,34,103,30.796,175.347,13
4919,2,2020,7,Justin Allgaier,Chv,5,34,104,30.76,175.553,13
4919,2,2020,7,Justin Allgaier,Chv,5,34,105,30.866,174.950,12
4919,2,2020,7,Justin Allgaier,Chv,5,34,106,30.664,176.102,12
4919,2,2020,7,Justin Allgaier,Chv,5,34,107,30.837,175.114,11
4919,2,2020,7,Justin Allgaier,Chv,5,34,108,30.674,176.045,11
4919,2,2020,7,Justin Allgaier,Chv,5,34,109,30.558,176.713,11
4919,2,2020,7,Justin Allgaier,Chv,5,34,110,30.874,174.904,11
4919,2,2020,7,Justin Allgaier,Chv,5,34,111,30.954,174.452,10
4919,2,2020,7,Justin Allgaier,Chv,5,34,112,30.791,175.376,10
4919,2,2020,7,Justin Allgaier,Chv,5,34,113,30.981,174.300,10
4919,2,2020,7,Justin Allgaier,Chv,5,34,114,31.047,173.930,10
4919,2,2020,7,Justin Allgaier,Chv,5,34,115,31.055,173.885,10
4919,2,2020,7,Justin Allgaier,Chv,5,34,116,31.006,174.160,9
4919,2,2020,7,Justin Allgaier,Chv,5,34,117,31.0,174.194,9
4919,2,2020,7,Justin Allgaier,Chv,5,34,118,31.247,172.817,9
4919,2,2020,7,Justin Allgaier,Chv,5,34,119,30.996,174.216,9
4919,2,2020,7,Justin Allgaier,Chv,5,34,120,31.193,173.116,8
4919,2,2020,7,Justin Allgaier,Chv,5,34,121,30.939,174.537,8
4919,2,2020,7,Justin Allgaier,Chv,5,34,122,31.727,170.202,9
4919,2,2020,7,Justin Allgaier,Chv,5,34,123,31.148,173.366,9
4919,2,2020,7,Justin Allgaier,Chv,5,34,124,31.116,173.544,9
4919,2,2020,7,Justin Allgaier,Chv,5,34,125,31.351,172.243,9
4919,2,2020,7,Justin Allgaier,Chv,5,34,126,31.527,171.282,9
4919,2,2020,7,Justin Allgaier,Chv,5,34,127,31.203,173.060,9
4919,2,2020,7,Justin Allgaier,Chv,5,34,128,31.064,173.835,9
4919,2,2020,7,Justin Allgaier,Chv,5,34,129,31.69,170.401,9
4919,2,2020,7,Justin Allgaier,Chv,5,34,130,31.542,171.200,9
4919,2,2020,7,Justin Allgaier,Chv,5,34,131,31.377,172.101,9
4919,2,2020,7,Justin Allgaier,Chv,5,34,132,31.513,171.358,9
4919,2,2020,7,Justin Allgaier,Chv,5,34,133,31.436,171.778,9
4919,2,2020,7,Justin Allgaier,Chv,5,34,134,31.381,172.079,9
4919,2,2020,7,Justin Allgaier,Chv,5,34,135,31.537,171.227,9
4919,2,2020,7,Justin Allgaier,Chv,5,34,136,31.745,170.106,9
4919,2,2020,7,Justin Allgaier,Chv,5,34,137,31.999,168.755,9
4919,2,2020,7,Justin Allgaier,Chv,5,34,138,32.002,168.739,9
4919,2,2020,7,Justin Allgaier,Chv,5,34,139,31.732,170.175,9
4919,2,2020,7,Justin Allgaier,Chv,5,34,140,31.966,168.929,9
4919,2,2020,7,Justin Allgaier,Chv,5,34,141,31.933,169.104,9
4919,2,2020,7,Justin Allgaier,Chv,5,34,142,31.794,169.843,9
4919,2,2020,7,Justin Allgaier,Chv,5,34,143,32.243,167.478,9
4919,2,2020,7,Justin Allgaier,Chv,5,34,144,31.893,169.316,9
4919,2,2020,7,Justin Allgaier,Chv,5,34,145,31.447,171.717,9
4919,2,2020,7,Justin Allgaier,Chv,5,34,146,44.353,121.751,11
4919,2,2020,7,Justin Allgaier,Chv,5,34,147,70.131,76.999,16
4919,2,2020,7,Justin Allgaier,Chv,5,34,148,30.657,176.142,14
4919,2,2020,7,Justin Allgaier,Chv,5,34,149,30.542,176.806,14
4919,2,2020,7,Justin Allgaier,Chv,5,34,150,30.483,177.148,13
4919,2,2020,7,Justin Allgaier,Chv,5,34,151,30.657,176.142,13
4919,2,2020,7,Justin Allgaier,Chv,5,34,152,30.873,174.910,12
4919,2,2020,7,Justin Allgaier,Chv,5,34,153,31.272,172.678,12
4919,2,2020,7,Justin Allgaier,Chv,5,34,154,39.914,135.291,11
4919,2,2020,7,Justin Allgaier,Chv,5,34,155,85.771,62.958,11
4919,2,2020,7,Justin Allgaier,Chv,5,34,156,96.456,55.984,11
4919,2,2020,7,Justin Allgaier,Chv,5,34,157,94.087,57.394,11
4919,2,2020,7,Justin Allgaier,Chv,5,34,158,97.323,55.485,11
4919,2,2020,7,Justin Allgaier,Chv,5,34,159,90.889,59.413,11
4919,2,2020,7,Justin Allgaier,Chv,5,34,160,38.138,141.591,11
4919,2,2020,7,Justin Allgaier,Chv,5,34,161,77.813,69.397,11
4919,2,2020,7,Justin Allgaier,Chv,5,34,162,100.531,53.715,11
4919,2,2020,7,Justin Allgaier,Chv,5,34,163,33.691,160.280,12
4919,2,2020,7,Justin Allgaier,Chv,5,34,164,30.863,174.967,12
4919,2,2020,7,Justin Allgaier,Chv,5,34,165,30.894,174.791,12
4919,2,2020,7,Justin Allgaier,Chv,5,34,166,31.272,172.678,12
4919,2,2020,7,Justin Allgaier,Chv,5,34,167,30.973,174.345,12
4919,2,2020,7,Justin Allgaier,Chv,5,34,168,31.322,172.403,12
4919,2,2020,7,Justin Allgaier,Chv,5,34,169,31.118,173.533,12
4919,2,2020,7,Justin Allgaier,Chv,5,34,170,31.143,173.394,12
4919,2,2020,7,Justin Allgaier,Chv,5,34,171,35.16,153.584,12
4919,2,2020,7,Justin Allgaier,Chv,5,34,172,77.443,69.729,10
4919,2,2020,7,Justin Allgaier,Chv,5,34,173,104.477,51.686,11
4919,2,2020,7,Justin Allgaier,Chv,5,34,174,89.926,60.049,11
4919,2,2020,7,Justin Allgaier,Chv,5,34,175,89.489,60.343,12
4919,2,2020,7,Justin Allgaier,Chv,5,34,176,39.603,136.353,10
4919,2,2020,7,Justin Allgaier,Chv,5,34,177,89.096,60.609,8
4919,2,2020,7,Justin Allgaier,Chv,5,34,178,96.323,56.061,8
4919,2,2020,7,Justin Allgaier,Chv,5,34,179,96.061,56.214,8
4919,2,2020,7,Justin Allgaier,Chv,5,34,180,98.219,54.979,8
4919,2,2020,7,Justin Allgaier,Chv,5,34,181,94.99,56.848,8
4919,2,2020,7,Justin Allgaier,Chv,5,34,182,104.4,51.724,8
4919,2,2020,7,Justin Allgaier,Chv,5,34,183,99.541,54.249,8
4919,2,2020,7,Justin Allgaier,Chv,5,34,184,36.989,145.989,8
4919,2,2020,7,Justin Allgaier,Chv,5,34,185,82.078,65.791,7
4919,2,2020,7,Justin Allgaier,Chv,5,34,186,95.582,56.496,7
4919,2,2020,7,Justin Allgaier,Chv,5,34,187,94.361,57.227,7
4919,2,2020,7,Justin Allgaier,Chv,5,34,188,89.084,60.617,7
4919,2,2020,7,Justin Allgaier,Chv,5,34,189,32.835,164.459,7
4919,2,2020,7,Justin Allgaier,Chv,5,34,190,48.827,110.595,14
4919,2,2020,7,Justin Allgaier,Chv,5,34,191,61.723,87.488,14
4919,2,2020,7,Justin Allgaier,Chv,5,34,192,46.865,115.225,14
4919,2,2020,7,Justin Allgaier,Chv,5,34,193,69.187,78.049,14
4919,2,2020,7,Justin Allgaier,Chv,5,34,194,34.282,157.517,12
4919,2,2020,7,Justin Allgaier,Chv,5,34,195,84.881,63.618,12
4919,2,2020,7,Justin Allgaier,Chv,5,34,196,100.908,53.514,13
4919,2,2020,7,Justin Allgaier,Chv,5,34,197,39.862,135.467,9
4919,2,2020,7,Justin Allgaier,Chv,5,34,198,84.068,64.234,9
4919,2,2020,7,Justin Allgaier,Chv,5,34,199,94.303,57.262,9
4919,2,2020,7,Justin Allgaier,Chv,5,34,200,93.206,57.936,9
4919,2,2020,7,Justin Allgaier,Chv,5,34,201,95.273,56.679,9
4919,2,2020,7,Justin Allgaier,Chv,5,34,202,32.958,163.845,6
4919,2,2020,7,Justin Allgaier,Chv,5,34,203,30.78,175.439,5
4919,2,2020,02,Brett Moffitt(i),Chv,6,4038,0,,,22
4919,2,2020,02,Brett Moffitt(i),Chv,6,4038,1,34.251,157.660,18
4919,2,2020,02,Brett Moffitt(i),Chv,6,4038,2,31.667,170.525,17
4919,2,2020,02,Brett Moffitt(i),Chv,6,4038,3,31.672,170.498,17
4919,2,2020,02,Brett Moffitt(i),Chv,6,4038,4,35.09,153.890,17
4919,2,2020,02,Brett Moffitt(i),Chv,6,4038,5,87.476,61.731,17
4919,2,2020,02,Brett Moffitt(i),Chv,6,4038,6,94.981,56.853,17
4919,2,2020,02,Brett Moffitt(i),Chv,6,4038,7,89.212,60.530,18
4919,2,2020,02,Brett Moffitt(i),Chv,6,4038,8,33.63,160.571,16
4919,2,2020,02,Brett Moffitt(i),Chv,6,4038,9,31.747,170.095,16
4919,2,2020,02,Brett Moffitt(i),Chv,6,4038,10,32.105,168.198,16
4919,2,2020,02,Brett Moffitt(i),Chv,6,4038,11,31.543,171.195,16
4919,2,2020,02,Brett Moffitt(i),Chv,6,4038,12,31.443,171.739,16
4919,2,2020,02,Brett Moffitt(i),Chv,6,4038,13,31.528,171.276,16
4919,2,2020,02,Brett Moffitt(i),Chv,6,4038,14,31.715,170.266,16
4919,2,2020,02,Brett Moffitt(i),Chv,6,4038,15,31.901,169.274,16
4919,2,2020,02,Brett Moffitt(i),Chv,6,4038,16,31.755,170.052,16
4919,2,2020,02,Brett Moffitt(i),Chv,6,4038,17,31.577,171.011,15
4919,2,2020,02,Brett Moffitt(i),Chv,6,4038,18,31.355,172.221,15
4919,2,2020,02,Brett Moffitt(i),Chv,6,4038,19,31.451,171.696,15
4919,2,2020,02,Brett Moffitt(i),Chv,6,4038,20,31.495,171.456,15
4919,2,2020,02,Brett Moffitt(i),Chv,6,4038,21,35.944,150.234,15
4919,2,2020,02,Brett Moffitt(i),Chv,6,4038,22,83.835,64.412,16
4919,2,2020,02,Brett Moffitt(i),Chv,6,4038,23,98.342,54.910,18
4919,2,2020,02,Brett Moffitt(i),Chv,6,4038,24,94.051,57.416,18
4919,2,2020,02,Brett Moffitt(i),Chv,6,4038,25,88.989,60.682,16
4919,2,2020,02,Brett Moffitt(i),Chv,6,4038,26,33.553,160.939,14
4919,2,2020,02,Brett Moffitt(i),Chv,6,4038,27,31.294,172.557,14
4919,2,2020,02,Brett Moffitt(i),Chv,6,4038,28,33.708,160.199,13
4919,2,2020,02,Brett Moffitt(i),Chv,6,4038,29,85.979,62.806,13
4919,2,2020,02,Brett Moffitt(i),Chv,6,4038,30,104.784,51.535,12
4919,2,2020,02,Brett Moffitt(i),Chv,6,4038,31,104.151,51.848,12
4919,2,2020,02,Brett Moffitt(i),Chv,6,4038,32,98.908,54.596,11
4919,2,2020,02,Brett Moffitt(i),Chv,6,4038,33,33.638,160.533,11
4919,2,2020,02,Brett Moffitt(i),Chv,6,4038,34,31.625,170.751,12
4919,2,2020,02,Brett Moffitt(i),Chv,6,4038,35,31.619,170.783,12
4919,2,2020,02,Brett Moffitt(i),Chv,6,4038,36,31.375,172.112,12
4919,2,2020,02,Brett Moffitt(i),Chv,6,4038,37,31.53,171.265,12
4919,2,2020,02,Brett Moffitt(i),Chv,6,4038,38,31.455,171.674,12
4919,2,2020,02,Brett Moffitt(i),Chv,6,4038,39,31.45,171.701,12
4919,2,2020,02,Brett Moffitt(i),Chv,6,4038,40,31.448,171.712,12
4919,2,2020,02,Brett Moffitt(i),Chv,6,4038,41,31.38,172.084,12
4919,2,2020,02,Brett Moffitt(i),Chv,6,4038,42,31.514,171.352,12
4919,2,2020,02,Brett Moffitt(i),Chv,6,4038,43,31.618,170.789,12
4919,2,2020,02,Brett Moffitt(i),Chv,6,4038,44,31.591,170.935,12
4919,2,2020,02,Brett Moffitt(i),Chv,6,4038,45,31.742,170.122,12
4919,2,2020,02,Brett Moffitt(i),Chv,6,4038,46,48.588,111.139,12
4919,2,2020,02,Brett Moffitt(i),Chv,6,4038,47,71.296,75.741,12
4919,2,2020,02,Brett Moffitt(i),Chv,6,4038,48,96.218,56.123,7
4919,2,2020,02,Brett Moffitt(i),Chv,6,4038,49,96.526,55.943,11
4919,2,2020,02,Brett Moffitt(i),Chv,6,4038,50,97.332,55.480,11
4919,2,2020,02,Brett Moffitt(i),Chv,6,4038,51,94.534,57.122,11
4919,2,2020,02,Brett Moffitt(i),Chv,6,4038,52,91.786,58.833,12
4919,2,2020,02,Brett Moffitt(i),Chv,6,4038,53,33.577,160.824,12
4919,2,2020,02,Brett Moffitt(i),Chv,6,4038,54,31.344,172.282,12
4919,2,2020,02,Brett Moffitt(i),Chv,6,4038,55,31.227,172.927,12
4919,2,2020,02,Brett Moffitt(i),Chv,6,4038,56,31.043,173.952,12
4919,2,2020,02,Brett Moffitt(i),Chv,6,4038,57,31.102,173.622,12
4919,2,2020,02,Brett Moffitt(i),Chv,6,4038,58,31.163,173.282,12
4919,2,2020,02,Brett Moffitt(i),Chv,6,4038,59,31.14,173.410,12
4919,2,2020,02,Brett Moffitt(i),Chv,6,4038,60,31.042,173.958,12
4919,2,2020,02,Brett Moffitt(i),Chv,6,4038,61,30.987,174.267,12
4919,2,2020,02,Brett Moffitt(i),Chv,6,4038,62,31.055,173.885,12
4919,2,2020,02,Brett Moffitt(i),Chv,6,4038,63,31.058,173.868,12
4919,2,2020,02,Brett Moffitt(i),Chv,6,4038,64,31.155,173.327,12
4919,2,2020,02,Brett Moffitt(i),Chv,6,4038,65,31.276,172.656,12
4919,2,2020,02,Brett Moffitt(i),Chv,6,4038,66,31.303,172.507,12
4919,2,2020,02,Brett Moffitt(i),Chv,6,4038,67,31.384,172.062,12
4919,2,2020,02,Brett Moffitt(i),Chv,6,4038,68,31.332,172.348,12
4919,2,2020,02,Brett Moffitt(i),Chv,6,4038,69,31.359,172.199,12
4919,2,2020,02,Brett Moffitt(i),Chv,6,4038,70,31.262,172.734,12
4919,2,2020,02,Brett Moffitt(i),Chv,6,4038,71,31.308,172.480,12
4919,2,2020,02,Brett Moffitt(i),Chv,6,4038,72,31.224,172.944,12
4919,2,2020,02,Brett Moffitt(i),Chv,6,4038,73,31.566,171.070,13
4919,2,2020,02,Brett Moffitt(i),Chv,6,4038,74,31.632,170.713,13
4919,2,2020,02,Brett Moffitt(i),Chv,6,4038,75,31.391,172.024,13
4919,2,2020,02,Brett Moffitt(i),Chv,6,4038,76,31.453,171.685,13
4919,2,2020,02,Brett Moffitt(i),Chv,6,4038,77,31.497,171.445,13
4919,2,2020,02,Brett Moffitt(i),Chv,6,4038,78,31.461,171.641,13
4919,2,2020,02,Brett Moffitt(i),Chv,6,4038,79,31.496,171.450,13
4919,2,2020,02,Brett Moffitt(i),Chv,6,4038,80,31.97,168.908,14
4919,2,2020,02,Brett Moffitt(i),Chv,6,4038,81,31.646,170.638,14
4919,2,2020,02,Brett Moffitt(i),Chv,6,4038,82,31.652,170.605,14
4919,2,2020,02,Brett Moffitt(i),Chv,6,4038,83,31.565,171.076,14
4919,2,2020,02,Brett Moffitt(i),Chv,6,4038,84,31.66,170.562,14
4919,2,2020,02,Brett Moffitt(i),Chv,6,4038,85,31.504,171.407,14
4919,2,2020,02,Brett Moffitt(i),Chv,6,4038,86,31.714,170.272,14
4919,2,2020,02,Brett Moffitt(i),Chv,6,4038,87,31.619,170.783,14
4919,2,2020,02,Brett Moffitt(i),Chv,6,4038,88,31.582,170.983,14
4919,2,2020,02,Brett Moffitt(i),Chv,6,4038,89,31.723,170.223,14
4919,2,2020,02,Brett Moffitt(i),Chv,6,4038,90,32.116,168.140,14
4919,2,2020,02,Brett Moffitt(i),Chv,6,4038,91,47.284,114.204,14
4919,2,2020,02,Brett Moffitt(i),Chv,6,4038,92,78.487,68.801,14
4919,2,2020,02,Brett Moffitt(i),Chv,6,4038,93,91.356,59.109,8
4919,2,2020,02,Brett Moffitt(i),Chv,6,4038,94,99.47,54.288,13
4919,2,2020,02,Brett Moffitt(i),Chv,6,4038,95,90.532,59.647,13
4919,2,2020,02,Brett Moffitt(i),Chv,6,4038,96,95.982,56.261,13
4919,2,2020,02,Brett Moffitt(i),Chv,6,4038,97,94.284,57.274,12
4919,2,2020,02,Brett Moffitt(i),Chv,6,4038,98,91.957,58.723,11
4919,2,2020,02,Brett Moffitt(i),Chv,6,4038,99,32.978,163.746,11
4919,2,2020,02,Brett Moffitt(i),Chv,6,4038,100,30.981,174.300,11
4919,2,2020,02,Brett Moffitt(i),Chv,6,4038,101,30.928,174.599,11
4919,2,2020,02,Brett Moffitt(i),Chv,6,4038,102,30.958,174.430,11
4919,2,2020,02,Brett Moffitt(i),Chv,6,4038,103,30.832,175.143,11
4919,2,2020,02,Brett Moffitt(i),Chv,6,4038,104,30.92,174.644,11
4919,2,2020,02,Brett Moffitt(i),Chv,6,4038,105,30.955,174.447,11
4919,2,2020,02,Brett Moffitt(i),Chv,6,4038,106,30.883,174.853,11
4919,2,2020,02,Brett Moffitt(i),Chv,6,4038,107,31.119,173.527,12
4919,2,2020,02,Brett Moffitt(i),Chv,6,4038,108,31.317,172.430,13
4919,2,2020,02,Brett Moffitt(i),Chv,6,4038,109,31.295,172.552,13
4919,2,2020,02,Brett Moffitt(i),Chv,6,4038,110,30.988,174.261,13
4919,2,2020,02,Brett Moffitt(i),Chv,6,4038,111,31.058,173.868,13
4919,2,2020,02,Brett Moffitt(i),Chv,6,4038,112,31.158,173.310,13
4919,2,2020,02,Brett Moffitt(i),Chv,6,4038,113,31.166,173.266,13
4919,2,2020,02,Brett Moffitt(i),Chv,6,4038,114,31.28,172.634,13
4919,2,2020,02,Brett Moffitt(i),Chv,6,4038,115,31.3,172.524,13
4919,2,2020,02,Brett Moffitt(i),Chv,6,4038,116,31.296,172.546,13
4919,2,2020,02,Brett Moffitt(i),Chv,6,4038,117,31.323,172.397,13
4919,2,2020,02,Brett Moffitt(i),Chv,6,4038,118,31.244,172.833,13
4919,2,2020,02,Brett Moffitt(i),Chv,6,4038,119,31.241,172.850,13
4919,2,2020,02,Brett Moffitt(i),Chv,6,4038,120,31.317,172.430,13
4919,2,2020,02,Brett Moffitt(i),Chv,6,4038,121,31.311,172.463,13
4919,2,2020,02,Brett Moffitt(i),Chv,6,4038,122,31.231,172.905,13
4919,2,2020,02,Brett Moffitt(i),Chv,6,4038,123,31.591,170.935,13
4919,2,2020,02,Brett Moffitt(i),Chv,6,4038,124,31.331,172.353,13
4919,2,2020,02,Brett Moffitt(i),Chv,6,4038,125,31.406,171.942,13
4919,2,2020,02,Brett Moffitt(i),Chv,6,4038,126,31.4,171.975,13
4919,2,2020,02,Brett Moffitt(i),Chv,6,4038,127,31.401,171.969,13
4919,2,2020,02,Brett Moffitt(i),Chv,6,4038,128,31.54,171.211,13
4919,2,2020,02,Brett Moffitt(i),Chv,6,4038,129,31.834,169.630,13
4919,2,2020,02,Brett Moffitt(i),Chv,6,4038,130,31.919,169.178,13
4919,2,2020,02,Brett Moffitt(i),Chv,6,4038,131,31.818,169.715,12
4919,2,2020,02,Brett Moffitt(i),Chv,6,4038,132,32.028,168.602,12
4919,2,2020,02,Brett Moffitt(i),Chv,6,4038,133,31.615,170.805,12
4919,2,2020,02,Brett Moffitt(i),Chv,6,4038,134,31.568,171.059,12
4919,2,2020,02,Brett Moffitt(i),Chv,6,4038,135,31.671,170.503,12
4919,2,2020,02,Brett Moffitt(i),Chv,6,4038,136,31.586,170.962,12
4919,2,2020,02,Brett Moffitt(i),Chv,6,4038,137,31.556,171.124,12
4919,2,2020,02,Brett Moffitt(i),Chv,6,4038,138,31.717,170.256,12
4919,2,2020,02,Brett Moffitt(i),Chv,6,4038,139,31.86,169.492,12
4919,2,2020,02,Brett Moffitt(i),Chv,6,4038,140,32.064,168.413,12
4919,2,2020,02,Brett Moffitt(i),Chv,6,4038,141,31.731,170.181,12
4919,2,2020,02,Brett Moffitt(i),Chv,6,4038,142,31.664,170.541,12
4919,2,2020,02,Brett Moffitt(i),Chv,6,4038,143,31.898,169.290,12
4919,2,2020,02,Brett Moffitt(i),Chv,6,4038,144,31.945,169.041,11
4919,2,2020,02,Brett Moffitt(i),Chv,6,4038,145,32.066,168.403,11
4919,2,2020,02,Brett Moffitt(i),Chv,6,4038,146,32.549,165.904,8
4919,2,2020,02,Brett Moffitt(i),Chv,6,4038,147,32.162,167.900,7
4919,2,2020,02,Brett Moffitt(i),Chv,6,4038,148,32.554,165.878,5
4919,2,2020,02,Brett Moffitt(i),Chv,6,4038,149,31.911,169.221,4
4919,2,2020,02,Brett Moffitt(i),Chv,6,4038,150,31.949,169.019,3
4919,2,2020,02,Brett Moffitt(i),Chv,6,4038,151,32.073,168.366,2
4919,2,2020,02,Brett Moffitt(i),Chv,6,4038,152,31.91,169.226,2
4919,2,2020,02,Brett Moffitt(i),Chv,6,4038,153,32.033,168.576,2
4919,2,2020,02,Brett Moffitt(i),Chv,6,4038,154,31.876,169.406,2
4919,2,2020,02,Brett Moffitt(i),Chv,6,4038,155,39.023,138.380,2
4919,2,2020,02,Brett Moffitt(i),Chv,6,4038,156,88.486,61.027,2
4919,2,2020,02,Brett Moffitt(i),Chv,6,4038,157,95.716,56.417,2
4919,2,2020,02,Brett Moffitt(i),Chv,6,4038,158,97.602,55.327,2
4919,2,2020,02,Brett Moffitt(i),Chv,6,4038,159,124.806,43.267,6
4919,2,2020,02,Brett Moffitt(i),Chv,6,4038,160,79.227,68.159,6
4919,2,2020,02,Brett Moffitt(i),Chv,6,4038,161,97.357,55.466,6
4919,2,2020,02,Brett Moffitt(i),Chv,6,4038,162,101.698,53.098,6
4919,2,2020,02,Brett Moffitt(i),Chv,6,4038,163,33.125,163.019,6
4919,2,2020,02,Brett Moffitt(i),Chv,6,4038,164,31.579,171.000,9
4919,2,2020,02,Brett Moffitt(i),Chv,6,4038,165,31.191,173.127,10
4919,2,2020,02,Brett Moffitt(i),Chv,6,4038,166,31.059,173.863,10
4919,2,2020,02,Brett Moffitt(i),Chv,6,4038,167,31.075,173.773,10
4919,2,2020,02,Brett Moffitt(i),Chv,6,4038,168,31.119,173.527,10
4919,2,2020,02,Brett Moffitt(i),Chv,6,4038,169,31.288,172.590,10
4919,2,2020,02,Brett Moffitt(i),Chv,6,4038,170,31.426,171.832,11
4919,2,2020,02,Brett Moffitt(i),Chv,6,4038,171,34.6,156.069,10
4919,2,2020,02,Brett Moffitt(i),Chv,6,4038,172,77.831,69.381,9
4919,2,2020,02,Brett Moffitt(i),Chv,6,4038,173,104.017,51.915,8
4919,2,2020,02,Brett Moffitt(i),Chv,6,4038,174,89.954,60.031,8
4919,2,2020,02,Brett Moffitt(i),Chv,6,4038,175,89.783,60.145,7
4919,2,2020,02,Brett Moffitt(i),Chv,6,4038,176,39.674,136.109,8
4919,2,2020,02,Brett Moffitt(i),Chv,6,4038,177,90.408,59.729,10
4919,2,2020,02,Brett Moffitt(i),Chv,6,4038,178,110.124,49.036,13
4919,2,2020,02,Brett Moffitt(i),Chv,6,4038,179,97.448,55.414,13
4919,2,2020,02,Brett Moffitt(i),Chv,6,4038,180,94.904,56.900,13
4919,2,2020,02,Brett Moffitt(i),Chv,6,4038,181,96.534,55.939,13
4919,2,2020,02,Brett Moffitt(i),Chv,6,4038,182,101.11,53.407,13
4919,2,2020,02,Brett Moffitt(i),Chv,6,4038,183,90.219,59.854,13
4919,2,2020,02,Brett Moffitt(i),Chv,6,4038,184,41.25,130.909,12
4919,2,2020,02,Brett Moffitt(i),Chv,6,4038,185,81.027,66.644,12
4919,2,2020,02,Brett Moffitt(i),Chv,6,4038,186,98.985,54.554,12
4919,2,2020,02,Brett Moffitt(i),Chv,6,4038,187,90.346,59.770,12
4919,2,2020,02,Brett Moffitt(i),Chv,6,4038,188,85.153,63.415,12
4919,2,2020,02,Brett Moffitt(i),Chv,6,4038,189,33.261,162.352,13
4919,2,2020,02,Brett Moffitt(i),Chv,6,4038,190,31.355,172.221,12
4919,2,2020,02,Brett Moffitt(i),Chv,6,4038,191,31.344,172.282,12
4919,2,2020,02,Brett Moffitt(i),Chv,6,4038,192,32.49,166.205,12
4919,2,2020,02,Brett Moffitt(i),Chv,6,4038,193,48.741,110.790,11
4919,2,2020,02,Brett Moffitt(i),Chv,6,4038,194,91.413,59.073,10
4919,2,2020,02,Brett Moffitt(i),Chv,6,4038,195,107.297,50.328,11
4919,2,2020,02,Brett Moffitt(i),Chv,6,4038,196,102.483,52.692,12
4919,2,2020,02,Brett Moffitt(i),Chv,6,4038,197,40.112,134.623,8
4919,2,2020,02,Brett Moffitt(i),Chv,6,4038,198,84.103,64.207,8
4919,2,2020,02,Brett Moffitt(i),Chv,6,4038,199,94.241,57.300,8
4919,2,2020,02,Brett Moffitt(i),Chv,6,4038,200,93.361,57.840,8
4919,2,2020,02,Brett Moffitt(i),Chv,6,4038,201,95.426,56.588,7
4919,2,2020,02,Brett Moffitt(i),Chv,6,4038,202,33.04,163.438,5
4919,2,2020,02,Brett Moffitt(i),Chv,6,4038,203,31.104,173.611,6
4919,2,2020,1,Michael Annett,Chv,7,3861,0,,,9
4919,2,2020,1,Michael Annett,Chv,7,3861,1,34.16,158.080,11
4919,2,2020,1,Michael Annett,Chv,7,3861,2,31.579,171.000,10
4919,2,2020,1,Michael Annett,Chv,7,3861,3,31.104,173.611,10
4919,2,2020,1,Michael Annett,Chv,7,3861,4,34.337,157.265,11
4919,2,2020,1,Michael Annett,Chv,7,3861,5,86.609,62.349,11
4919,2,2020,1,Michael Annett,Chv,7,3861,6,95.892,56.313,11
4919,2,2020,1,Michael Annett,Chv,7,3861,7,91.198,59.212,12
4919,2,2020,1,Michael Annett,Chv,7,3861,8,33.678,160.342,12
4919,2,2020,1,Michael Annett,Chv,7,3861,9,31.729,170.191,13
4919,2,2020,1,Michael Annett,Chv,7,3861,10,31.66,170.562,13
4919,2,2020,1,Michael Annett,Chv,7,3861,11,31.364,172.172,13
4919,2,2020,1,Michael Annett,Chv,7,3861,12,31.38,172.084,13
4919,2,2020,1,Michael Annett,Chv,7,3861,13,31.208,173.033,13
4919,2,2020,1,Michael Annett,Chv,7,3861,14,31.152,173.344,13
4919,2,2020,1,Michael Annett,Chv,7,3861,15,31.419,171.871,13
4919,2,2020,1,Michael Annett,Chv,7,3861,16,31.248,172.811,13
4919,2,2020,1,Michael Annett,Chv,7,3861,17,31.423,171.849,13
4919,2,2020,1,Michael Annett,Chv,7,3861,18,31.47,171.592,12
4919,2,2020,1,Michael Annett,Chv,7,3861,19,31.359,172.199,12
4919,2,2020,1,Michael Annett,Chv,7,3861,20,31.408,171.931,12
4919,2,2020,1,Michael Annett,Chv,7,3861,21,37.089,145.596,11
4919,2,2020,1,Michael Annett,Chv,7,3861,22,81.44,66.306,10
4919,2,2020,1,Michael Annett,Chv,7,3861,23,97.063,55.634,10
4919,2,2020,1,Michael Annett,Chv,7,3861,24,95.755,56.394,10
4919,2,2020,1,Michael Annett,Chv,7,3861,25,92.39,58.448,9
4919,2,2020,1,Michael Annett,Chv,7,3861,26,33.194,162.680,8
4919,2,2020,1,Michael Annett,Chv,7,3861,27,31.724,170.218,9
4919,2,2020,1,Michael Annett,Chv,7,3861,28,33.108,163.103,9
4919,2,2020,1,Michael Annett,Chv,7,3861,29,85.002,63.528,9
4919,2,2020,1,Michael Annett,Chv,7,3861,30,105.206,51.328,9
4919,2,2020,1,Michael Annett,Chv,7,3861,31,104.871,51.492,9
4919,2,2020,1,Michael Annett,Chv,7,3861,32,99.902,54.053,10
4919,2,2020,1,Michael Annett,Chv,7,3861,33,33.568,160.867,10
4919,2,2020,1,Michael Annett,Chv,7,3861,34,31.372,172.128,10
4919,2,2020,1,Michael Annett,Chv,7,3861,35,31.534,171.244,10
4919,2,2020,1,Michael Annett,Chv,7,3861,36,31.656,170.584,11
4919,2,2020,1,Michael Annett,Chv,7,3861,37,31.35,172.249,11
4919,2,2020,1,Michael Annett,Chv,7,3861,38,31.449,171.707,11
4919,2,2020,1,Michael Annett,Chv,7,3861,39,31.34,172.304,11
4919,2,2020,1,Michael Annett,Chv,7,3861,40,31.419,171.871,11
4919,2,2020,1,Michael Annett,Chv,7,3861,41,31.373,172.123,11
4919,2,2020,1,Michael Annett,Chv,7,3861,42,31.721,170.234,11
4919,2,2020,1,Michael Annett,Chv,7,3861,43,31.619,170.783,11
4919,2,2020,1,Michael Annett,Chv,7,3861,44,31.438,171.767,11
4919,2,2020,1,Michael Annett,Chv,7,3861,45,31.476,171.559,11
4919,2,2020,1,Michael Annett,Chv,7,3861,46,48.785,110.690,11
4919,2,2020,1,Michael Annett,Chv,7,3861,47,71.318,75.717,11
4919,2,2020,1,Michael Annett,Chv,7,3861,48,96.365,56.037,6
4919,2,2020,1,Michael Annett,Chv,7,3861,49,98.907,54.597,14
4919,2,2020,1,Michael Annett,Chv,7,3861,50,96.775,55.800,14
4919,2,2020,1,Michael Annett,Chv,7,3861,51,94.531,57.124,14
4919,2,2020,1,Michael Annett,Chv,7,3861,52,90.486,59.678,13
4919,2,2020,1,Michael Annett,Chv,7,3861,53,33.138,162.955,11
4919,2,2020,1,Michael Annett,Chv,7,3861,54,31.191,173.127,11
4919,2,2020,1,Michael Annett,Chv,7,3861,55,31.145,173.383,11
4919,2,2020,1,Michael Annett,Chv,7,3861,56,31.102,173.622,11
4919,2,2020,1,Michael Annett,Chv,7,3861,57,31.004,174.171,11
4919,2,2020,1,Michael Annett,Chv,7,3861,58,30.96,174.419,11
4919,2,2020,1,Michael Annett,Chv,7,3861,59,31.086,173.712,11
4919,2,2020,1,Michael Annett,Chv,7,3861,60,31.108,173.589,11
4919,2,2020,1,Michael Annett,Chv,7,3861,61,31.029,174.031,11
4919,2,2020,1,Michael Annett,Chv,7,3861,62,31.131,173.461,11
4919,2,2020,1,Michael Annett,Chv,7,3861,63,31.14,173.410,11
4919,2,2020,1,Michael Annett,Chv,7,3861,64,31.295,172.552,11
4919,2,2020,1,Michael Annett,Chv,7,3861,65,31.298,172.535,11
4919,2,2020,1,Michael Annett,Chv,7,3861,66,31.27,172.689,11
4919,2,2020,1,Michael Annett,Chv,7,3861,67,31.335,172.331,11
4919,2,2020,1,Michael Annett,Chv,7,3861,68,31.202,173.066,11
4919,2,2020,1,Michael Annett,Chv,7,3861,69,31.205,173.049,11
4919,2,2020,1,Michael Annett,Chv,7,3861,70,31.258,172.756,11
4919,2,2020,1,Michael Annett,Chv,7,3861,71,31.166,173.266,11
4919,2,2020,1,Michael Annett,Chv,7,3861,72,31.088,173.700,11
4919,2,2020,1,Michael Annett,Chv,7,3861,73,31.129,173.472,11
4919,2,2020,1,Michael Annett,Chv,7,3861,74,31.33,172.359,11
4919,2,2020,1,Michael Annett,Chv,7,3861,75,31.467,171.608,11
4919,2,2020,1,Michael Annett,Chv,7,3861,76,31.519,171.325,11
4919,2,2020,1,Michael Annett,Chv,7,3861,77,31.485,171.510,11
4919,2,2020,1,Michael Annett,Chv,7,3861,78,31.61,170.832,11
4919,2,2020,1,Michael Annett,Chv,7,3861,79,31.764,170.004,11
4919,2,2020,1,Michael Annett,Chv,7,3861,80,31.413,171.903,11
4919,2,2020,1,Michael Annett,Chv,7,3861,81,31.652,170.605,11
4919,2,2020,1,Michael Annett,Chv,7,3861,82,31.619,170.783,11
4919,2,2020,1,Michael Annett,Chv,7,3861,83,31.652,170.605,11
4919,2,2020,1,Michael Annett,Chv,7,3861,84,31.474,171.570,11
4919,2,2020,1,Michael Annett,Chv,7,3861,85,31.482,171.527,11
4919,2,2020,1,Michael Annett,Chv,7,3861,86,31.451,171.696,11
4919,2,2020,1,Michael Annett,Chv,7,3861,87,31.451,171.696,11
4919,2,2020,1,Michael Annett,Chv,7,3861,88,31.83,169.651,11
4919,2,2020,1,Michael Annett,Chv,7,3861,89,31.636,170.692,11
4919,2,2020,1,Michael Annett,Chv,7,3861,90,31.594,170.919,11
4919,2,2020,1,Michael Annett,Chv,7,3861,91,47.843,112.869,11
4919,2,2020,1,Michael Annett,Chv,7,3861,92,78.325,68.944,11
4919,2,2020,1,Michael Annett,Chv,7,3861,93,92.352,58.472,5
4919,2,2020,1,Michael Annett,Chv,7,3861,94,98.793,54.660,11
4919,2,2020,1,Michael Annett,Chv,7,3861,95,91.37,59.100,11
4919,2,2020,1,Michael Annett,Chv,7,3861,96,95.926,56.293,11
4919,2,2020,1,Michael Annett,Chv,7,3861,97,94.774,56.978,10
4919,2,2020,1,Michael Annett,Chv,7,3861,98,92.567,58.336,10
4919,2,2020,1,Michael Annett,Chv,7,3861,99,32.961,163.830,9
4919,2,2020,1,Michael Annett,Chv,7,3861,100,30.693,175.936,9
4919,2,2020,1,Michael Annett,Chv,7,3861,101,30.93,174.588,9
4919,2,2020,1,Michael Annett,Chv,7,3861,102,30.84,175.097,9
4919,2,2020,1,Michael Annett,Chv,7,3861,103,30.747,175.627,9
4919,2,2020,1,Michael Annett,Chv,7,3861,104,30.687,175.970,9
4919,2,2020,1,Michael Annett,Chv,7,3861,105,30.739,175.673,9
4919,2,2020,1,Michael Annett,Chv,7,3861,106,30.906,174.723,9
4919,2,2020,1,Michael Annett,Chv,7,3861,107,30.832,175.143,9
4919,2,2020,1,Michael Annett,Chv,7,3861,108,30.912,174.689,9
4919,2,2020,1,Michael Annett,Chv,7,3861,109,30.988,174.261,9
4919,2,2020,1,Michael Annett,Chv,7,3861,110,30.869,174.933,9
4919,2,2020,1,Michael Annett,Chv,7,3861,111,31.012,174.126,9
4919,2,2020,1,Michael Annett,Chv,7,3861,112,30.973,174.345,9
4919,2,2020,1,Michael Annett,Chv,7,3861,113,31.053,173.896,9
4919,2,2020,1,Michael Annett,Chv,7,3861,114,31.055,173.885,9
4919,2,2020,1,Michael Annett,Chv,7,3861,115,30.959,174.424,9
4919,2,2020,1,Michael Annett,Chv,7,3861,116,31.374,172.117,10
4919,2,2020,1,Michael Annett,Chv,7,3861,117,31.426,171.832,11
4919,2,2020,1,Michael Annett,Chv,7,3861,118,31.249,172.806,11
4919,2,2020,1,Michael Annett,Chv,7,3861,119,31.18,173.188,11
4919,2,2020,1,Michael Annett,Chv,7,3861,120,31.121,173.516,11
4919,2,2020,1,Michael Annett,Chv,7,3861,121,31.213,173.005,11
4919,2,2020,1,Michael Annett,Chv,7,3861,122,31.292,172.568,11
4919,2,2020,1,Michael Annett,Chv,7,3861,123,31.501,171.423,11
4919,2,2020,1,Michael Annett,Chv,7,3861,124,31.301,172.518,11
4919,2,2020,1,Michael Annett,Chv,7,3861,125,31.337,172.320,11
4919,2,2020,1,Michael Annett,Chv,7,3861,126,31.617,170.794,11
4919,2,2020,1,Michael Annett,Chv,7,3861,127,31.983,168.840,11
4919,2,2020,1,Michael Annett,Chv,7,3861,128,32.21,167.650,11
4919,2,2020,1,Michael Annett,Chv,7,3861,129,31.292,172.568,11
4919,2,2020,1,Michael Annett,Chv,7,3861,130,31.305,172.496,11
4919,2,2020,1,Michael Annett,Chv,7,3861,131,31.378,172.095,11
4919,2,2020,1,Michael Annett,Chv,7,3861,132,31.54,171.211,11
4919,2,2020,1,Michael Annett,Chv,7,3861,133,31.409,171.925,11
4919,2,2020,1,Michael Annett,Chv,7,3861,134,31.815,169.731,11
4919,2,2020,1,Michael Annett,Chv,7,3861,135,31.74,170.132,11
4919,2,2020,1,Michael Annett,Chv,7,3861,136,31.408,171.931,11
4919,2,2020,1,Michael Annett,Chv,7,3861,137,31.493,171.467,11
4919,2,2020,1,Michael Annett,Chv,7,3861,138,31.594,170.919,11
4919,2,2020,1,Michael Annett,Chv,7,3861,139,31.858,169.502,11
4919,2,2020,1,Michael Annett,Chv,7,3861,140,31.716,170.261,11
4919,2,2020,1,Michael Annett,Chv,7,3861,141,31.955,168.988,11
4919,2,2020,1,Michael Annett,Chv,7,3861,142,32.34,166.976,11
4919,2,2020,1,Michael Annett,Chv,7,3861,143,31.764,170.004,11
4919,2,2020,1,Michael Annett,Chv,7,3861,144,32.029,168.597,10
4919,2,2020,1,Michael Annett,Chv,7,3861,145,31.882,169.375,10
4919,2,2020,1,Michael Annett,Chv,7,3861,146,32.122,168.109,7
4919,2,2020,1,Michael Annett,Chv,7,3861,147,32.43,166.512,6
4919,2,2020,1,Michael Annett,Chv,7,3861,148,32.485,166.231,4
4919,2,2020,1,Michael Annett,Chv,7,3861,149,32.043,168.524,3
4919,2,2020,1,Michael Annett,Chv,7,3861,150,31.733,170.170,1
4919,2,2020,1,Michael Annett,Chv,7,3861,151,31.711,170.288,1
4919,2,2020,1,Michael Annett,Chv,7,3861,152,31.714,170.272,1
4919,2,2020,1,Michael Annett,Chv,7,3861,153,31.812,169.747,1
4919,2,2020,1,Michael Annett,Chv,7,3861,154,31.985,168.829,1
4919,2,2020,1,Michael Annett,Chv,7,3861,155,40.582,133.064,1
4919,2,2020,1,Michael Annett,Chv,7,3861,156,89.132,60.584,1
4919,2,2020,1,Michael Annett,Chv,7,3861,157,96.567,55.920,1
4919,2,2020,1,Michael Annett,Chv,7,3861,158,97.942,55.135,1
4919,2,2020,1,Michael Annett,Chv,7,3861,159,109.088,49.501,3
4919,2,2020,1,Michael Annett,Chv,7,3861,160,93.9,57.508,3
4919,2,2020,1,Michael Annett,Chv,7,3861,161,99.031,54.528,3
4919,2,2020,1,Michael Annett,Chv,7,3861,162,102.423,52.723,5
4919,2,2020,1,Michael Annett,Chv,7,3861,163,33.336,161.987,7
4919,2,2020,1,Michael Annett,Chv,7,3861,164,31.098,173.645,6
4919,2,2020,1,Michael Annett,Chv,7,3861,165,31.45,171.701,7
4919,2,2020,1,Michael Annett,Chv,7,3861,166,30.961,174.413,8
4919,2,2020,1,Michael Annett,Chv,7,3861,167,30.995,174.222,8
4919,2,2020,1,Michael Annett,Chv,7,3861,168,31.399,171.980,9
4919,2,2020,1,Michael Annett,Chv,7,3861,169,31.262,172.734,9
4919,2,2020,1,Michael Annett,Chv,7,3861,170,31.109,173.583,9
4919,2,2020,1,Michael Annett,Chv,7,3861,171,34.277,157.540,9
4919,2,2020,1,Michael Annett,Chv,7,3861,172,77.761,69.444,8
4919,2,2020,1,Michael Annett,Chv,7,3861,173,105.055,51.402,10
4919,2,2020,1,Michael Annett,Chv,7,3861,174,90.195,59.870,10
4919,2,2020,1,Michael Annett,Chv,7,3861,175,89.624,60.252,11
4919,2,2020,1,Michael Annett,Chv,7,3861,176,40.129,134.566,12
4919,2,2020,1,Michael Annett,Chv,7,3861,177,89.98,60.013,11
4919,2,2020,1,Michael Annett,Chv,7,3861,178,96.012,56.243,10
4919,2,2020,1,Michael Annett,Chv,7,3861,179,96.074,56.207,10
4919,2,2020,1,Michael Annett,Chv,7,3861,180,97.927,55.143,10
4919,2,2020,1,Michael Annett,Chv,7,3861,181,95.281,56.674,10
4919,2,2020,1,Michael Annett,Chv,7,3861,182,104.56,51.645,10
4919,2,2020,1,Michael Annett,Chv,7,3861,183,98.631,54.750,9
4919,2,2020,1,Michael Annett,Chv,7,3861,184,37.443,144.219,9
4919,2,2020,1,Michael Annett,Chv,7,3861,185,81.83,65.990,9
4919,2,2020,1,Michael Annett,Chv,7,3861,186,96.071,56.208,9
4919,2,2020,1,Michael Annett,Chv,7,3861,187,93.86,57.532,8
4919,2,2020,1,Michael Annett,Chv,7,3861,188,88.679,60.894,8
4919,2,2020,1,Michael Annett,Chv,7,3861,189,32.933,163.969,8
4919,2,2020,1,Michael Annett,Chv,7,3861,190,31.437,171.772,9
4919,2,2020,1,Michael Annett,Chv,7,3861,191,30.915,174.672,9
4919,2,2020,1,Michael Annett,Chv,7,3861,192,31.236,172.877,8
4919,2,2020,1,Michael Annett,Chv,7,3861,193,49.552,108.976,8
4919,2,2020,1,Michael Annett,Chv,7,3861,194,90.992,59.346,7
4919,2,2020,1,Michael Annett,Chv,7,3861,195,103.096,52.378,7
4919,2,2020,1,Michael Annett,Chv,7,3861,196,108.303,49.860,8
4919,2,2020,1,Michael Annett,Chv,7,3861,197,38.236,141.228,5
4919,2,2020,1,Michael Annett,Chv,7,3861,198,84.503,63.903,5
4919,2,2020,1,Michael Annett,Chv,7,3861,199,93.978,57.460,5
4919,2,2020,1,Michael Annett,Chv,7,3861,200,94.722,57.009,5
4919,2,2020,1,Michael Annett,Chv,7,3861,201,95.995,56.253,6
4919,2,2020,1,Michael Annett,Chv,7,3861,202,33.43,161.532,9
4919,2,2020,1,Michael Annett,Chv,7,3861,203,31.405,171.947,7
4919,2,2020,68,Brandon Brown,Chv,8,4118,0,,,15
4919,2,2020,68,Brandon Brown,Chv,8,4118,1,33.917,159.212,14
4919,2,2020,68,Brandon Brown,Chv,8,4118,2,31.857,169.507,14
4919,2,2020,68,Brandon Brown,Chv,8,4118,3,31.393,172.013,14
4919,2,2020,68,Brandon Brown,Chv,8,4118,4,34.187,157.955,13
4919,2,2020,68,Brandon Brown,Chv,8,4118,5,86.79,62.219,13
4919,2,2020,68,Brandon Brown,Chv,8,4118,6,95.844,56.342,13
4919,2,2020,68,Brandon Brown,Chv,8,4118,7,90.481,59.681,14
4919,2,2020,68,Brandon Brown,Chv,8,4118,8,33.69,160.285,13
4919,2,2020,68,Brandon Brown,Chv,8,4118,9,31.949,169.019,15
4919,2,2020,68,Brandon Brown,Chv,8,4118,10,32.108,168.182,15
4919,2,2020,68,Brandon Brown,Chv,8,4118,11,31.278,172.645,15
4919,2,2020,68,Brandon Brown,Chv,8,4118,12,31.453,171.685,15
4919,2,2020,68,Brandon Brown,Chv,8,4118,13,31.527,171.282,15
4919,2,2020,68,Brandon Brown,Chv,8,4118,14,31.59,170.940,15
4919,2,2020,68,Brandon Brown,Chv,8,4118,15,32.004,168.729,15
4919,2,2020,68,Brandon Brown,Chv,8,4118,16,31.958,168.972,15
4919,2,2020,68,Brandon Brown,Chv,8,4118,17,31.99,168.803,16
4919,2,2020,68,Brandon Brown,Chv,8,4118,18,32.034,168.571,17
4919,2,2020,68,Brandon Brown,Chv,8,4118,19,31.753,170.063,17
4919,2,2020,68,Brandon Brown,Chv,8,4118,20,31.783,169.902,17
4919,2,2020,68,Brandon Brown,Chv,8,4118,21,36.946,146.159,17
4919,2,2020,68,Brandon Brown,Chv,8,4118,22,96.818,55.775,26
4919,2,2020,68,Brandon Brown,Chv,8,4118,23,82.365,65.562,17
4919,2,2020,68,Brandon Brown,Chv,8,4118,24,93.846,57.541,17
4919,2,2020,68,Brandon Brown,Chv,8,4118,25,89.816,60.123,18
4919,2,2020,68,Brandon Brown,Chv,8,4118,26,34.0,158.824,18
4919,2,2020,68,Brandon Brown,Chv,8,4118,27,31.984,168.834,18
4919,2,2020,68,Brandon Brown,Chv,8,4118,28,35.126,153.732,20
4919,2,2020,68,Brandon Brown,Chv,8,4118,29,87.385,61.796,20
4919,2,2020,68,Brandon Brown,Chv,8,4118,30,156.068,34.600,33
4919,2,2020,68,Brandon Brown,Chv,8,4118,31,58.877,91.717,33
4919,2,2020,68,Brandon Brown,Chv,8,4118,32,90.707,59.532,30
4919,2,2020,68,Brandon Brown,Chv,8,4118,33,33.74,160.047,28
4919,2,2020,68,Brandon Brown,Chv,8,4118,34,32.396,166.687,29
4919,2,2020,68,Brandon Brown,Chv,8,4118,35,32.27,167.338,29
4919,2,2020,68,Brandon Brown,Chv,8,4118,36,31.974,168.887,29
4919,2,2020,68,Brandon Brown,Chv,8,4118,37,32.175,167.832,29
4919,2,2020,68,Brandon Brown,Chv,8,4118,38,31.782,169.907,29
4919,2,2020,68,Brandon Brown,Chv,8,4118,39,31.855,169.518,29
4919,2,2020,68,Brandon Brown,Chv,8,4118,40,32.067,168.397,29
4919,2,2020,68,Brandon Brown,Chv,8,4118,41,32.252,167.431,29
4919,2,2020,68,Brandon Brown,Chv,8,4118,42,32.415,166.590,29
4919,2,2020,68,Brandon Brown,Chv,8,4118,43,32.661,165.335,30
4919,2,2020,68,Brandon Brown,Chv,8,4118,44,32.287,167.250,30
4919,2,2020,68,Brandon Brown,Chv,8,4118,45,33.531,161.045,30
4919,2,2020,68,Brandon Brown,Chv,8,4118,46,48.94,110.339,30
4919,2,2020,68,Brandon Brown,Chv,8,4118,47,69.449,77.755,30
4919,2,2020,68,Brandon Brown,Chv,8,4118,48,118.12,45.716,28
4919,2,2020,68,Brandon Brown,Chv,8,4118,49,72.23,74.761,21
4919,2,2020,68,Brandon Brown,Chv,8,4118,50,95.57,56.503,21
4919,2,2020,68,Brandon Brown,Chv,8,4118,51,93.137,57.979,19
4919,2,2020,68,Brandon Brown,Chv,8,4118,52,88.21,61.218,19
4919,2,2020,68,Brandon Brown,Chv,8,4118,53,33.868,159.443,21
4919,2,2020,68,Brandon Brown,Chv,8,4118,54,31.971,168.903,23
4919,2,2020,68,Brandon Brown,Chv,8,4118,55,31.504,171.407,23
4919,2,2020,68,Brandon Brown,Chv,8,4118,56,31.435,171.783,23
4919,2,2020,68,Brandon Brown,Chv,8,4118,57,32.027,168.608,22
4919,2,2020,68,Brandon Brown,Chv,8,4118,58,31.902,169.268,22
4919,2,2020,68,Brandon Brown,Chv,8,4118,59,31.445,171.728,21
4919,2,2020,68,Brandon Brown,Chv,8,4118,60,31.355,172.221,20
4919,2,2020,68,Brandon Brown,Chv,8,4118,61,31.237,172.872,19
4919,2,2020,68,Brandon Brown,Chv,8,4118,62,31.294,172.557,19
4919,2,2020,68,Brandon Brown,Chv,8,4118,63,31.716,170.261,18
4919,2,2020,68,Brandon Brown,Chv,8,4118,64,31.479,171.543,18
4919,2,2020,68,Brandon Brown,Chv,8,4118,65,31.5,171.429,17
4919,2,2020,68,Brandon Brown,Chv,8,4118,66,31.883,169.369,18
4919,2,2020,68,Brandon Brown,Chv,8,4118,67,31.761,170.020,18
4919,2,2020,68,Brandon Brown,Chv,8,4118,68,32.004,168.729,17
4919,2,2020,68,Brandon Brown,Chv,8,4118,69,31.699,170.352,17
4919,2,2020,68,Brandon Brown,Chv,8,4118,70,31.743,170.116,17
4919,2,2020,68,Brandon Brown,Chv,8,4118,71,31.826,169.673,17
4919,2,2020,68,Brandon Brown,Chv,8,4118,72,31.798,169.822,17
4919,2,2020,68,Brandon Brown,Chv,8,4118,73,31.685,170.428,17
4919,2,2020,68,Brandon Brown,Chv,8,4118,74,31.766,169.993,17
4919,2,2020,68,Brandon Brown,Chv,8,4118,75,32.062,168.424,17
4919,2,2020,68,Brandon Brown,Chv,8,4118,76,31.839,169.603,17
4919,2,2020,68,Brandon Brown,Chv,8,4118,77,31.78,169.918,17
4919,2,2020,68,Brandon Brown,Chv,8,4118,78,31.81,169.758,17
4919,2,2020,68,Brandon Brown,Chv,8,4118,79,32.007,168.713,17
4919,2,2020,68,Brandon Brown,Chv,8,4118,80,32.017,168.660,17
4919,2,2020,68,Brandon Brown,Chv,8,4118,81,32.073,168.366,17
4919,2,2020,68,Brandon Brown,Chv,8,4118,82,31.896,169.300,17
4919,2,2020,68,Brandon Brown,Chv,8,4118,83,31.697,170.363,17
4919,2,2020,68,Brandon Brown,Chv,8,4118,84,31.524,171.298,17
4919,2,2020,68,Brandon Brown,Chv,8,4118,85,31.516,171.342,17
4919,2,2020,68,Brandon Brown,Chv,8,4118,86,31.549,171.162,17
4919,2,2020,68,Brandon Brown,Chv,8,4118,87,31.787,169.881,17
4919,2,2020,68,Brandon Brown,Chv,8,4118,88,31.517,171.336,17
4919,2,2020,68,Brandon Brown,Chv,8,4118,89,31.59,170.940,17
4919,2,2020,68,Brandon Brown,Chv,8,4118,90,33.054,163.369,17
4919,2,2020,68,Brandon Brown,Chv,8,4118,91,40.184,134.382,17
4919,2,2020,68,Brandon Brown,Chv,8,4118,92,75.499,71.524,17
4919,2,2020,68,Brandon Brown,Chv,8,4118,93,110.608,48.821,16
4919,2,2020,68,Brandon Brown,Chv,8,4118,94,77.958,69.268,16
4919,2,2020,68,Brandon Brown,Chv,8,4118,95,90.871,59.425,16
4919,2,2020,68,Brandon Brown,Chv,8,4118,96,95.988,56.257,16
4919,2,2020,68,Brandon Brown,Chv,8,4118,97,93.647,57.663,15
4919,2,2020,68,Brandon Brown,Chv,8,4118,98,91.239,59.185,16
4919,2,2020,68,Brandon Brown,Chv,8,4118,99,32.935,163.959,15
4919,2,2020,68,Brandon Brown,Chv,8,4118,100,31.254,172.778,15
4919,2,2020,68,Brandon Brown,Chv,8,4118,101,31.048,173.924,14
4919,2,2020,68,Brandon Brown,Chv,8,4118,102,31.044,173.947,15
4919,2,2020,68,Brandon Brown,Chv,8,4118,103,31.098,173.645,16
4919,2,2020,68,Brandon Brown,Chv,8,4118,104,31.18,173.188,16
4919,2,2020,68,Brandon Brown,Chv,8,4118,105,31.128,173.477,16
4919,2,2020,68,Brandon Brown,Chv,8,4118,106,31.115,173.550,16
4919,2,2020,68,Brandon Brown,Chv,8,4118,107,31.164,173.277,16
4919,2,2020,68,Brandon Brown,Chv,8,4118,108,31.129,173.472,16
4919,2,2020,68,Brandon Brown,Chv,8,4118,109,31.271,172.684,16
4919,2,2020,68,Brandon Brown,Chv,8,4118,110,31.171,173.238,16
4919,2,2020,68,Brandon Brown,Chv,8,4118,111,31.253,172.783,16
4919,2,2020,68,Brandon Brown,Chv,8,4118,112,31.337,172.320,15
4919,2,2020,68,Brandon Brown,Chv,8,4118,113,31.356,172.216,15
4919,2,2020,68,Brandon Brown,Chv,8,4118,114,31.207,173.038,15
4919,2,2020,68,Brandon Brown,Chv,8,4118,115,31.227,172.927,15
4919,2,2020,68,Brandon Brown,Chv,8,4118,116,31.271,172.684,15
4919,2,2020,68,Brandon Brown,Chv,8,4118,117,31.347,172.265,15
4919,2,2020,68,Brandon Brown,Chv,8,4118,118,31.382,172.073,15
4919,2,2020,68,Brandon Brown,Chv,8,4118,119,31.426,171.832,15
4919,2,2020,68,Brandon Brown,Chv,8,4118,120,31.369,172.144,15
4919,2,2020,68,Brandon Brown,Chv,8,4118,121,31.65,170.616,15
4919,2,2020,68,Brandon Brown,Chv,8,4118,122,31.574,171.027,15
4919,2,2020,68,Brandon Brown,Chv,8,4118,123,31.591,170.935,15
4919,2,2020,68,Brandon Brown,Chv,8,4118,124,31.556,171.124,15
4919,2,2020,68,Brandon Brown,Chv,8,4118,125,31.455,171.674,15
4919,2,2020,68,Brandon Brown,Chv,8,4118,126,31.759,170.031,15
4919,2,2020,68,Brandon Brown,Chv,8,4118,127,31.748,170.089,15
4919,2,2020,68,Brandon Brown,Chv,8,4118,128,31.492,171.472,15
4919,2,2020,68,Brandon Brown,Chv,8,4118,129,31.493,171.467,15
4919,2,2020,68,Brandon Brown,Chv,8,4118,130,31.51,171.374,15
4919,2,2020,68,Brandon Brown,Chv,8,4118,131,31.677,170.471,15
4919,2,2020,68,Brandon Brown,Chv,8,4118,132,31.811,169.753,15
4919,2,2020,68,Brandon Brown,Chv,8,4118,133,31.973,168.893,15
4919,2,2020,68,Brandon Brown,Chv,8,4118,134,32.138,168.025,15
4919,2,2020,68,Brandon Brown,Chv,8,4118,135,32.066,168.403,15
4919,2,2020,68,Brandon Brown,Chv,8,4118,136,32.153,167.947,15
4919,2,2020,68,Brandon Brown,Chv,8,4118,137,32.035,168.566,15
4919,2,2020,68,Brandon Brown,Chv,8,4118,138,32.061,168.429,15
4919,2,2020,68,Brandon Brown,Chv,8,4118,139,31.756,170.047,15
4919,2,2020,68,Brandon Brown,Chv,8,4118,140,32.082,168.319,15
4919,2,2020,68,Brandon Brown,Chv,8,4118,141,32.036,168.560,15
4919,2,2020,68,Brandon Brown,Chv,8,4118,142,31.936,169.088,15
4919,2,2020,68,Brandon Brown,Chv,8,4118,143,32.019,168.650,15
4919,2,2020,68,Brandon Brown,Chv,8,4118,144,32.047,168.503,13
4919,2,2020,68,Brandon Brown,Chv,8,4118,145,32.095,168.251,13
4919,2,2020,68,Brandon Brown,Chv,8,4118,146,69.295,77.928,18
4919,2,2020,68,Brandon Brown,Chv,8,4118,147,45.607,118.403,18
4919,2,2020,68,Brandon Brown,Chv,8,4118,148,31.123,173.505,15
4919,2,2020,68,Brandon Brown,Chv,8,4118,149,30.86,174.984,15
4919,2,2020,68,Brandon Brown,Chv,8,4118,150,30.824,175.188,15
4919,2,2020,68,Brandon Brown,Chv,8,4118,151,30.809,175.273,14
4919,2,2020,68,Brandon Brown,Chv,8,4118,152,30.7,175.896,14
4919,2,2020,68,Brandon Brown,Chv,8,4118,153,34.814,155.110,14
4919,2,2020,68,Brandon Brown,Chv,8,4118,154,46.817,115.343,13
4919,2,2020,68,Brandon Brown,Chv,8,4118,155,70.44,76.661,13
4919,2,2020,68,Brandon Brown,Chv,8,4118,156,96.058,56.216,13
4919,2,2020,68,Brandon Brown,Chv,8,4118,157,92.696,58.255,13
4919,2,2020,68,Brandon Brown,Chv,8,4118,158,95.532,56.526,13
4919,2,2020,68,Brandon Brown,Chv,8,4118,159,90.816,59.461,13
4919,2,2020,68,Brandon Brown,Chv,8,4118,160,41.347,130.602,13
4919,2,2020,68,Brandon Brown,Chv,8,4118,161,69.794,77.371,13
4919,2,2020,68,Brandon Brown,Chv,8,4118,162,99.843,54.085,13
4919,2,2020,68,Brandon Brown,Chv,8,4118,163,33.748,160.009,13
4919,2,2020,68,Brandon Brown,Chv,8,4118,164,31.976,168.877,13
4919,2,2020,68,Brandon Brown,Chv,8,4118,165,31.602,170.875,13
4919,2,2020,68,Brandon Brown,Chv,8,4118,166,31.43,171.810,13
4919,2,2020,68,Brandon Brown,Chv,8,4118,167,31.087,173.706,13
4919,2,2020,68,Brandon Brown,Chv,8,4118,168,31.206,173.044,13
4919,2,2020,68,Brandon Brown,Chv,8,4118,169,31.134,173.444,13
4919,2,2020,68,Brandon Brown,Chv,8,4118,170,31.243,172.839,13
4919,2,2020,68,Brandon Brown,Chv,8,4118,171,34.808,155.137,13
4919,2,2020,68,Brandon Brown,Chv,8,4118,172,149.654,36.083,14
4919,2,2020,68,Brandon Brown,Chv,8,4118,173,53.392,101.139,14
4919,2,2020,68,Brandon Brown,Chv,8,4118,174,67.907,79.521,13
4919,2,2020,68,Brandon Brown,Chv,8,4118,175,88.505,61.014,13
4919,2,2020,68,Brandon Brown,Chv,8,4118,176,40.32,133.929,13
4919,2,2020,68,Brandon Brown,Chv,8,4118,177,90.058,59.961,12
4919,2,2020,68,Brandon Brown,Chv,8,4118,178,95.993,56.254,11
4919,2,2020,68,Brandon Brown,Chv,8,4118,179,96.164,56.154,11
4919,2,2020,68,Brandon Brown,Chv,8,4118,180,98.012,55.095,11
4919,2,2020,68,Brandon Brown,Chv,8,4118,181,95.285,56.672,11
4919,2,2020,68,Brandon Brown,Chv,8,4118,182,104.305,51.771,11
4919,2,2020,68,Brandon Brown,Chv,8,4118,183,98.444,54.854,12
4919,2,2020,68,Brandon Brown,Chv,8,4118,184,37.659,143.392,11
4919,2,2020,68,Brandon Brown,Chv,8,4118,185,82.602,65.374,11
4919,2,2020,68,Brandon Brown,Chv,8,4118,186,96.036,56.229,11
4919,2,2020,68,Brandon Brown,Chv,8,4118,187,93.671,57.649,11
4919,2,2020,68,Brandon Brown,Chv,8,4118,188,87.916,61.422,11
4919,2,2020,68,Brandon Brown,Chv,8,4118,189,33.241,162.450,11
4919,2,2020,68,Brandon Brown,Chv,8,4118,190,31.222,172.955,10
4919,2,2020,68,Brandon Brown,Chv,8,4118,191,31.295,172.552,11
4919,2,2020,68,Brandon Brown,Chv,8,4118,192,30.998,174.205,10
4919,2,2020,68,Brandon Brown,Chv,8,4118,193,50.026,107.944,10
4919,2,2020,68,Brandon Brown,Chv,8,4118,194,91.311,59.139,9
4919,2,2020,68,Brandon Brown,Chv,8,4118,195,102.392,52.738,9
4919,2,2020,68,Brandon Brown,Chv,8,4118,196,107.913,50.040,11
4919,2,2020,68,Brandon Brown,Chv,8,4118,197,39.882,135.399,7
4919,2,2020,68,Brandon Brown,Chv,8,4118,198,83.93,64.339,7
4919,2,2020,68,Brandon Brown,Chv,8,4118,199,93.674,57.647,7
4919,2,2020,68,Brandon Brown,Chv,8,4118,200,94.257,57.290,7
4919,2,2020,68,Brandon Brown,Chv,8,4118,201,95.655,56.453,8
4919,2,2020,68,Brandon Brown,Chv,8,4118,202,33.252,162.396,8
4919,2,2020,68,Brandon Brown,Chv,8,4118,203,31.789,169.870,8
4919,2,2020,20,Harrison Burton #,Tyt,9,4217,0,,,11
4919,2,2020,20,Harrison Burton #,Tyt,9,4217,1,34.31,157.389,15
4919,2,2020,20,Harrison Burton #,Tyt,9,4217,2,31.917,169.189,15
4919,2,2020,20,Harrison Burton #,Tyt,9,4217,3,31.414,171.898,15
4919,2,2020,20,Harrison Burton #,Tyt,9,4217,4,34.84,154.994,15
4919,2,2020,20,Harrison Burton #,Tyt,9,4217,5,86.783,62.224,15
4919,2,2020,20,Harrison Burton #,Tyt,9,4217,6,95.698,56.428,15
4919,2,2020,20,Harrison Burton #,Tyt,9,4217,7,90.019,59.987,16
4919,2,2020,20,Harrison Burton #,Tyt,9,4217,8,33.647,160.490,15
4919,2,2020,20,Harrison Burton #,Tyt,9,4217,9,31.835,169.625,14
4919,2,2020,20,Harrison Burton #,Tyt,9,4217,10,31.443,171.739,14
4919,2,2020,20,Harrison Burton #,Tyt,9,4217,11,31.399,171.980,14
4919,2,2020,20,Harrison Burton #,Tyt,9,4217,12,31.234,172.889,14
4919,2,2020,20,Harrison Burton #,Tyt,9,4217,13,31.442,171.745,14
4919,2,2020,20,Harrison Burton #,Tyt,9,4217,14,31.273,172.673,14
4919,2,2020,20,Harrison Burton #,Tyt,9,4217,15,31.198,173.088,14
4919,2,2020,20,Harrison Burton #,Tyt,9,4217,16,31.395,172.002,14
4919,2,2020,20,Harrison Burton #,Tyt,9,4217,17,31.437,171.772,14
4919,2,2020,20,Harrison Burton #,Tyt,9,4217,18,31.526,171.287,14
4919,2,2020,20,Harrison Burton #,Tyt,9,4217,19,31.576,171.016,13
4919,2,2020,20,Harrison Burton #,Tyt,9,4217,20,31.58,170.994,13
4919,2,2020,20,Harrison Burton #,Tyt,9,4217,21,37.728,143.130,13
4919,2,2020,20,Harrison Burton #,Tyt,9,4217,22,80.615,66.985,11
4919,2,2020,20,Harrison Burton #,Tyt,9,4217,23,96.9,55.728,11
4919,2,2020,20,Harrison Burton #,Tyt,9,4217,24,95.653,56.454,11
4919,2,2020,20,Harrison Burton #,Tyt,9,4217,25,92.35,58.473,12
4919,2,2020,20,Harrison Burton #,Tyt,9,4217,26,33.477,161.305,13
4919,2,2020,20,Harrison Burton #,Tyt,9,4217,27,31.404,171.953,11
4919,2,2020,20,Harrison Burton #,Tyt,9,4217,28,33.852,159.518,12
4919,2,2020,20,Harrison Burton #,Tyt,9,4217,29,85.235,63.354,12
4919,2,2020,20,Harrison Burton #,Tyt,9,4217,30,105.181,51.340,11
4919,2,2020,20,Harrison Burton #,Tyt,9,4217,31,104.346,51.751,11
4919,2,2020,20,Harrison Burton #,Tyt,9,4217,32,99.369,54.343,12
4919,2,2020,20,Harrison Burton #,Tyt,9,4217,33,33.657,160.442,12
4919,2,2020,20,Harrison Burton #,Tyt,9,4217,34,31.253,172.783,11
4919,2,2020,20,Harrison Burton #,Tyt,9,4217,35,31.457,171.663,11
4919,2,2020,20,Harrison Burton #,Tyt,9,4217,36,31.197,173.094,10
4919,2,2020,20,Harrison Burton #,Tyt,9,4217,37,31.438,171.767,10
4919,2,2020,20,Harrison Burton #,Tyt,9,4217,38,31.311,172.463,10
4919,2,2020,20,Harrison Burton #,Tyt,9,4217,39,31.329,172.364,10
4919,2,2020,20,Harrison Burton #,Tyt,9,4217,40,31.381,172.079,10
4919,2,2020,20,Harrison Burton #,Tyt,9,4217,41,31.371,172.133,10
4919,2,2020,20,Harrison Burton #,Tyt,9,4217,42,32.093,168.261,10
4919,2,2020,20,Harrison Burton #,Tyt,9,4217,43,31.483,171.521,10
4919,2,2020,20,Harrison Burton #,Tyt,9,4217,44,31.433,171.794,10
4919,2,2020,20,Harrison Burton #,Tyt,9,4217,45,31.565,171.076,10
4919,2,2020,20,Harrison Burton #,Tyt,9,4217,46,48.216,111.996,10
4919,2,2020,20,Harrison Burton #,Tyt,9,4217,47,71.62,75.398,10
4919,2,2020,20,Harrison Burton #,Tyt,9,4217,48,116.499,46.352,22
4919,2,2020,20,Harrison Burton #,Tyt,9,4217,49,77.853,69.361,12
4919,2,2020,20,Harrison Burton #,Tyt,9,4217,50,97.259,55.522,12
4919,2,2020,20,Harrison Burton #,Tyt,9,4217,51,94.247,57.296,12
4919,2,2020,20,Harrison Burton #,Tyt,9,4217,52,91.484,59.027,11
4919,2,2020,20,Harrison Burton #,Tyt,9,4217,53,32.703,165.122,9
4919,2,2020,20,Harrison Burton #,Tyt,9,4217,54,30.733,175.707,9
4919,2,2020,20,Harrison Burton #,Tyt,9,4217,55,30.743,175.650,9
4919,2,2020,20,Harrison Burton #,Tyt,9,4217,56,30.728,175.735,9
4919,2,2020,20,Harrison Burton #,Tyt,9,4217,57,31.347,172.265,10
4919,2,2020,20,Harrison Burton #,Tyt,9,4217,58,31.09,173.689,10
4919,2,2020,20,Harrison Burton #,Tyt,9,4217,59,30.983,174.289,10
4919,2,2020,20,Harrison Burton #,Tyt,9,4217,60,31.039,173.975,10
4919,2,2020,20,Harrison Burton #,Tyt,9,4217,61,31.084,173.723,10
4919,2,2020,20,Harrison Burton #,Tyt,9,4217,62,30.987,174.267,10
4919,2,2020,20,Harrison Burton #,Tyt,9,4217,63,31.187,173.149,10
4919,2,2020,20,Harrison Burton #,Tyt,9,4217,64,31.177,173.205,10
4919,2,2020,20,Harrison Burton #,Tyt,9,4217,65,31.407,171.936,10
4919,2,2020,20,Harrison Burton #,Tyt,9,4217,66,31.406,171.942,10
4919,2,2020,20,Harrison Burton #,Tyt,9,4217,67,31.386,172.051,10
4919,2,2020,20,Harrison Burton #,Tyt,9,4217,68,31.389,172.035,10
4919,2,2020,20,Harrison Burton #,Tyt,9,4217,69,31.425,171.838,10
4919,2,2020,20,Harrison Burton #,Tyt,9,4217,70,31.174,173.221,10
4919,2,2020,20,Harrison Burton #,Tyt,9,4217,71,31.295,172.552,10
4919,2,2020,20,Harrison Burton #,Tyt,9,4217,72,31.594,170.919,10
4919,2,2020,20,Harrison Burton #,Tyt,9,4217,73,31.37,172.139,10
4919,2,2020,20,Harrison Burton #,Tyt,9,4217,74,31.438,171.767,10
4919,2,2020,20,Harrison Burton #,Tyt,9,4217,75,31.395,172.002,10
4919,2,2020,20,Harrison Burton #,Tyt,9,4217,76,31.524,171.298,10
4919,2,2020,20,Harrison Burton #,Tyt,9,4217,77,31.513,171.358,10
4919,2,2020,20,Harrison Burton #,Tyt,9,4217,78,31.66,170.562,10
4919,2,2020,20,Harrison Burton #,Tyt,9,4217,79,31.404,171.953,10
4919,2,2020,20,Harrison Burton #,Tyt,9,4217,80,31.523,171.303,10
4919,2,2020,20,Harrison Burton #,Tyt,9,4217,81,31.583,170.978,10
4919,2,2020,20,Harrison Burton #,Tyt,9,4217,82,31.604,170.864,10
4919,2,2020,20,Harrison Burton #,Tyt,9,4217,83,31.661,170.557,10
4919,2,2020,20,Harrison Burton #,Tyt,9,4217,84,31.408,171.931,10
4919,2,2020,20,Harrison Burton #,Tyt,9,4217,85,31.484,171.516,10
4919,2,2020,20,Harrison Burton #,Tyt,9,4217,86,31.623,170.762,10
4919,2,2020,20,Harrison Burton #,Tyt,9,4217,87,31.363,172.177,10
4919,2,2020,20,Harrison Burton #,Tyt,9,4217,88,32.026,168.613,10
4919,2,2020,20,Harrison Burton #,Tyt,9,4217,89,31.632,170.713,10
4919,2,2020,20,Harrison Burton #,Tyt,9,4217,90,31.651,170.611,10
4919,2,2020,20,Harrison Burton #,Tyt,9,4217,91,47.515,113.648,10
4919,2,2020,20,Harrison Burton #,Tyt,9,4217,92,78.297,68.968,10
4919,2,2020,20,Harrison Burton #,Tyt,9,4217,93,111.712,48.339,15
4919,2,2020,20,Harrison Burton #,Tyt,9,4217,94,79.367,68.038,10
4919,2,2020,20,Harrison Burton #,Tyt,9,4217,95,91.459,59.043,10
4919,2,2020,20,Harrison Burton #,Tyt,9,4217,96,96.013,56.242,10
4919,2,2020,20,Harrison Burton #,Tyt,9,4217,97,95.012,56.835,9
4919,2,2020,20,Harrison Burton #,Tyt,9,4217,98,92.688,58.260,9
4919,2,2020,20,Harrison Burton #,Tyt,9,4217,99,33.044,163.418,10
4919,2,2020,20,Harrison Burton #,Tyt,9,4217,100,30.833,175.137,10
4919,2,2020,20,Harrison Burton #,Tyt,9,4217,101,30.948,174.486,10
4919,2,2020,20,Harrison Burton #,Tyt,9,4217,102,30.926,174.610,10
4919,2,2020,20,Harrison Burton #,Tyt,9,4217,103,30.771,175.490,10
4919,2,2020,20,Harrison Burton #,Tyt,9,4217,104,30.769,175.501,10
4919,2,2020,20,Harrison Burton #,Tyt,9,4217,105,30.652,176.171,10
4919,2,2020,20,Harrison Burton #,Tyt,9,4217,106,30.839,175.103,10
4919,2,2020,20,Harrison Burton #,Tyt,9,4217,107,30.883,174.853,10
4919,2,2020,20,Harrison Burton #,Tyt,9,4217,108,30.87,174.927,10
4919,2,2020,20,Harrison Burton #,Tyt,9,4217,109,31.106,173.600,10
4919,2,2020,20,Harrison Burton #,Tyt,9,4217,110,30.834,175.131,10
4919,2,2020,20,Harrison Burton #,Tyt,9,4217,111,31.243,172.839,11
4919,2,2020,20,Harrison Burton #,Tyt,9,4217,112,31.21,173.021,12
4919,2,2020,20,Harrison Burton #,Tyt,9,4217,113,31.095,173.661,12
4919,2,2020,20,Harrison Burton #,Tyt,9,4217,114,31.248,172.811,12
4919,2,2020,20,Harrison Burton #,Tyt,9,4217,115,31.171,173.238,12
4919,2,2020,20,Harrison Burton #,Tyt,9,4217,116,30.992,174.239,12
4919,2,2020,20,Harrison Burton #,Tyt,9,4217,117,31.185,173.160,12
4919,2,2020,20,Harrison Burton #,Tyt,9,4217,118,31.078,173.756,12
4919,2,2020,20,Harrison Burton #,Tyt,9,4217,119,31.589,170.946,12
4919,2,2020,20,Harrison Burton #,Tyt,9,4217,120,31.698,170.358,12
4919,2,2020,20,Harrison Burton #,Tyt,9,4217,121,31.375,172.112,12
4919,2,2020,20,Harrison Burton #,Tyt,9,4217,122,31.291,172.574,12
4919,2,2020,20,Harrison Burton #,Tyt,9,4217,123,31.466,171.614,12
4919,2,2020,20,Harrison Burton #,Tyt,9,4217,124,31.561,171.097,12
4919,2,2020,20,Harrison Burton #,Tyt,9,4217,125,31.513,171.358,12
4919,2,2020,20,Harrison Burton #,Tyt,9,4217,126,31.569,171.054,12
4919,2,2020,20,Harrison Burton #,Tyt,9,4217,127,31.534,171.244,12
4919,2,2020,20,Harrison Burton #,Tyt,9,4217,128,31.723,170.223,12
4919,2,2020,20,Harrison Burton #,Tyt,9,4217,129,32.056,168.455,12
4919,2,2020,20,Harrison Burton #,Tyt,9,4217,130,32.188,167.764,12
4919,2,2020,20,Harrison Burton #,Tyt,9,4217,131,32.446,166.430,13
4919,2,2020,20,Harrison Burton #,Tyt,9,4217,132,31.983,168.840,13
4919,2,2020,20,Harrison Burton #,Tyt,9,4217,133,31.586,170.962,13
4919,2,2020,20,Harrison Burton #,Tyt,9,4217,134,31.564,171.081,13
4919,2,2020,20,Harrison Burton #,Tyt,9,4217,135,31.686,170.422,13
4919,2,2020,20,Harrison Burton #,Tyt,9,4217,136,31.627,170.740,13
4919,2,2020,20,Harrison Burton #,Tyt,9,4217,137,31.675,170.481,13
4919,2,2020,20,Harrison Burton #,Tyt,9,4217,138,31.535,171.238,13
4919,2,2020,20,Harrison Burton #,Tyt,9,4217,139,31.914,169.205,13
4919,2,2020,20,Harrison Burton #,Tyt,9,4217,140,32.069,168.387,13
4919,2,2020,20,Harrison Burton #,Tyt,9,4217,141,31.653,170.600,13
4919,2,2020,20,Harrison Burton #,Tyt,9,4217,142,31.682,170.444,13
4919,2,2020,20,Harrison Burton #,Tyt,9,4217,143,31.917,169.189,13
4919,2,2020,20,Harrison Burton #,Tyt,9,4217,144,62.896,85.856,18
4919,2,2020,20,Harrison Burton #,Tyt,9,4217,145,44.459,121.460,18
4919,2,2020,20,Harrison Burton #,Tyt,9,4217,146,31.198,173.088,17
4919,2,2020,20,Harrison Burton #,Tyt,9,4217,147,30.743,175.650,15
4919,2,2020,20,Harrison Burton #,Tyt,9,4217,148,31.182,173.177,13
4919,2,2020,20,Harrison Burton #,Tyt,9,4217,149,31.056,173.879,13
4919,2,2020,20,Harrison Burton #,Tyt,9,4217,150,30.61,176.413,12
4919,2,2020,20,Harrison Burton #,Tyt,9,4217,151,30.772,175.484,12
4919,2,2020,20,Harrison Burton #,Tyt,9,4217,152,31.522,171.309,11
4919,2,2020,20,Harrison Burton #,Tyt,9,4217,153,30.753,175.593,11
4919,2,2020,20,Harrison Burton #,Tyt,9,4217,154,40.169,134.432,10
4919,2,2020,20,Harrison Burton #,Tyt,9,4217,155,86.621,62.341,10
4919,2,2020,20,Harrison Burton #,Tyt,9,4217,156,96.33,56.057,10
4919,2,2020,20,Harrison Burton #,Tyt,9,4217,157,94.146,57.358,10
4919,2,2020,20,Harrison Burton #,Tyt,9,4217,158,97.273,55.514,10
4919,2,2020,20,Harrison Burton #,Tyt,9,4217,159,90.975,59.357,10
4919,2,2020,20,Harrison Burton #,Tyt,9,4217,160,38.276,141.081,10
4919,2,2020,20,Harrison Burton #,Tyt,9,4217,161,77.234,69.917,9
4919,2,2020,20,Harrison Burton #,Tyt,9,4217,162,101.051,53.438,9
4919,2,2020,20,Harrison Burton #,Tyt,9,4217,163,32.797,164.649,8
4919,2,2020,20,Harrison Burton #,Tyt,9,4217,164,31.557,171.119,11
4919,2,2020,20,Harrison Burton #,Tyt,9,4217,165,31.238,172.866,11
4919,2,2020,20,Harrison Burton #,Tyt,9,4217,166,31.232,172.900,11
4919,2,2020,20,Harrison Burton #,Tyt,9,4217,167,31.1,173.633,11
4919,2,2020,20,Harrison Burton #,Tyt,9,4217,168,30.941,174.526,11
4919,2,2020,20,Harrison Burton #,Tyt,9,4217,169,31.284,172.612,11
4919,2,2020,20,Harrison Burton #,Tyt,9,4217,170,31.226,172.933,10
4919,2,2020,20,Harrison Burton #,Tyt,9,4217,171,34.635,155.912,11
4919,2,2020,20,Harrison Burton #,Tyt,9,4217,172,95.406,56.600,11
4919,2,2020,20,Harrison Burton #,Tyt,9,4217,173,85.579,63.100,7
4919,2,2020,20,Harrison Burton #,Tyt,9,4217,174,90.266,59.823,7
4919,2,2020,20,Harrison Burton #,Tyt,9,4217,175,90.446,59.704,9
4919,2,2020,20,Harrison Burton #,Tyt,9,4217,176,39.275,137.492,7
4919,2,2020,20,Harrison Burton #,Tyt,9,4217,177,88.839,60.784,6
4919,2,2020,20,Harrison Burton #,Tyt,9,4217,178,96.338,56.053,6
4919,2,2020,20,Harrison Burton #,Tyt,9,4217,179,96.487,55.966,6
4919,2,2020,20,Harrison Burton #,Tyt,9,4217,180,97.649,55.300,6
4919,2,2020,20,Harrison Burton #,Tyt,9,4217,181,95.209,56.717,6
4919,2,2020,20,Harrison Burton #,Tyt,9,4217,182,104.587,51.632,6
4919,2,2020,20,Harrison Burton #,Tyt,9,4217,183,100.05,53.973,6
4919,2,2020,20,Harrison Burton #,Tyt,9,4217,184,36.39,148.392,6
4919,2,2020,20,Harrison Burton #,Tyt,9,4217,185,82.39,65.542,6
4919,2,2020,20,Harrison Burton #,Tyt,9,4217,186,95.603,56.484,6
4919,2,2020,20,Harrison Burton #,Tyt,9,4217,187,94.496,57.145,6
4919,2,2020,20,Harrison Burton #,Tyt,9,4217,188,89.191,60.544,5
4919,2,2020,20,Harrison Burton #,Tyt,9,4217,189,32.707,165.102,5
4919,2,2020,20,Harrison Burton #,Tyt,9,4217,190,30.512,176.980,5
4919,2,2020,20,Harrison Burton #,Tyt,9,4217,191,30.606,176.436,5
4919,2,2020,20,Harrison Burton #,Tyt,9,4217,192,30.812,175.256,4
4919,2,2020,20,Harrison Burton #,Tyt,9,4217,193,48.181,112.077,4
4919,2,2020,20,Harrison Burton #,Tyt,9,4217,194,92.591,58.321,4
4919,2,2020,20,Harrison Burton #,Tyt,9,4217,195,104.055,51.896,4
4919,2,2020,20,Harrison Burton #,Tyt,9,4217,196,108.695,49.680,3
4919,2,2020,20,Harrison Burton #,Tyt,9,4217,197,38.022,142.023,4
4919,2,2020,20,Harrison Burton #,Tyt,9,4217,198,84.74,63.724,4
4919,2,2020,20,Harrison Burton #,Tyt,9,4217,199,94.057,57.412,4
4919,2,2020,20,Harrison Burton #,Tyt,9,4217,200,94.697,57.024,4
4919,2,2020,20,Harrison Burton #,Tyt,9,4217,201,96.211,56.127,4
4919,2,2020,20,Harrison Burton #,Tyt,9,4217,202,33.47,161.339,7
4919,2,2020,20,Harrison Burton #,Tyt,9,4217,203,32.693,165.173,9
4919,2,2020,21,Myatt Snider,Chv,10,4223,0,,,17
4919,2,2020,21,Myatt Snider,Chv,10,4223,1,33.998,158.833,17
4919,2,2020,21,Myatt Snider,Chv,10,4223,2,31.804,169.790,16
4919,2,2020,21,Myatt Snider,Chv,10,4223,3,31.486,171.505,16
4919,2,2020,21,Myatt Snider,Chv,10,4223,4,35.044,154.092,16
4919,2,2020,21,Myatt Snider,Chv,10,4223,5,87.679,61.588,16
4919,2,2020,21,Myatt Snider,Chv,10,4223,6,95.171,56.740,16
4919,2,2020,21,Myatt Snider,Chv,10,4223,7,89.213,60.529,15
4919,2,2020,21,Myatt Snider,Chv,10,4223,8,34.011,158.772,17
4919,2,2020,21,Myatt Snider,Chv,10,4223,9,31.892,169.321,17
4919,2,2020,21,Myatt Snider,Chv,10,4223,10,31.892,169.321,17
4919,2,2020,21,Myatt Snider,Chv,10,4223,11,32.096,168.245,18
4919,2,2020,21,Myatt Snider,Chv,10,4223,12,31.636,170.692,18
4919,2,2020,21,Myatt Snider,Chv,10,4223,13,31.457,171.663,18
4919,2,2020,21,Myatt Snider,Chv,10,4223,14,31.658,170.573,18
4919,2,2020,21,Myatt Snider,Chv,10,4223,15,31.702,170.336,18
4919,2,2020,21,Myatt Snider,Chv,10,4223,16,31.624,170.756,18
4919,2,2020,21,Myatt Snider,Chv,10,4223,17,32.012,168.687,18
4919,2,2020,21,Myatt Snider,Chv,10,4223,18,32.127,168.083,18
4919,2,2020,21,Myatt Snider,Chv,10,4223,19,32.022,168.634,18
4919,2,2020,21,Myatt Snider,Chv,10,4223,20,31.996,168.771,18
4919,2,2020,21,Myatt Snider,Chv,10,4223,21,37.391,144.420,18
4919,2,2020,21,Myatt Snider,Chv,10,4223,22,80.892,66.756,18
4919,2,2020,21,Myatt Snider,Chv,10,4223,23,97.946,55.132,19
4919,2,2020,21,Myatt Snider,Chv,10,4223,24,93.889,57.515,19
4919,2,2020,21,Myatt Snider,Chv,10,4223,25,88.673,60.898,20
4919,2,2020,21,Myatt Snider,Chv,10,4223,26,33.991,158.866,19
4919,2,2020,21,Myatt Snider,Chv,10,4223,27,31.855,169.518,17
4919,2,2020,21,Myatt Snider,Chv,10,4223,28,33.8,159.763,17
4919,2,2020,21,Myatt Snider,Chv,10,4223,29,86.88,62.155,17
4919,2,2020,21,Myatt Snider,Chv,10,4223,30,105.057,51.401,17
4919,2,2020,21,Myatt Snider,Chv,10,4223,31,103.271,52.290,15
4919,2,2020,21,Myatt Snider,Chv,10,4223,32,97.616,55.319,15
4919,2,2020,21,Myatt Snider,Chv,10,4223,33,33.859,159.485,16
4919,2,2020,21,Myatt Snider,Chv,10,4223,34,31.644,170.648,15
4919,2,2020,21,Myatt Snider,Chv,10,4223,35,31.678,170.465,14
4919,2,2020,21,Myatt Snider,Chv,10,4223,36,31.515,171.347,14
4919,2,2020,21,Myatt Snider,Chv,10,4223,37,31.702,170.336,14
4919,2,2020,21,Myatt Snider,Chv,10,4223,38,31.527,171.282,13
4919,2,2020,21,Myatt Snider,Chv,10,4223,39,31.212,173.010,13
4919,2,2020,21,Myatt Snider,Chv,10,4223,40,31.208,173.033,13
4919,2,2020,21,Myatt Snider,Chv,10,4223,41,31.191,173.127,13
4919,2,2020,21,Myatt Snider,Chv,10,4223,42,31.494,171.461,13
4919,2,2020,21,Myatt Snider,Chv,10,4223,43,31.504,171.407,13
4919,2,2020,21,Myatt Snider,Chv,10,4223,44,32.305,167.157,13
4919,2,2020,21,Myatt Snider,Chv,10,4223,45,33.027,163.503,14
4919,2,2020,21,Myatt Snider,Chv,10,4223,46,47.55,113.565,14
4919,2,2020,21,Myatt Snider,Chv,10,4223,47,71.046,76.007,14
4919,2,2020,21,Myatt Snider,Chv,10,4223,48,96.299,56.075,8
4919,2,2020,21,Myatt Snider,Chv,10,4223,49,96.981,55.681,13
4919,2,2020,21,Myatt Snider,Chv,10,4223,50,96.922,55.715,13
4919,2,2020,21,Myatt Snider,Chv,10,4223,51,94.894,56.906,13
4919,2,2020,21,Myatt Snider,Chv,10,4223,52,90.559,59.630,14
4919,2,2020,21,Myatt Snider,Chv,10,4223,53,33.771,159.901,14
4919,2,2020,21,Myatt Snider,Chv,10,4223,54,31.589,170.946,14
4919,2,2020,21,Myatt Snider,Chv,10,4223,55,31.027,174.042,13
4919,2,2020,21,Myatt Snider,Chv,10,4223,56,31.008,174.149,13
4919,2,2020,21,Myatt Snider,Chv,10,4223,57,30.92,174.644,13
4919,2,2020,21,Myatt Snider,Chv,10,4223,58,31.132,173.455,13
4919,2,2020,21,Myatt Snider,Chv,10,4223,59,31.394,172.007,13
4919,2,2020,21,Myatt Snider,Chv,10,4223,60,31.06,173.857,13
4919,2,2020,21,Myatt Snider,Chv,10,4223,61,31.353,172.232,13
4919,2,2020,21,Myatt Snider,Chv,10,4223,62,31.116,173.544,13
4919,2,2020,21,Myatt Snider,Chv,10,4223,63,31.074,173.779,13
4919,2,2020,21,Myatt Snider,Chv,10,4223,64,31.024,174.059,13
4919,2,2020,21,Myatt Snider,Chv,10,4223,65,30.97,174.362,13
4919,2,2020,21,Myatt Snider,Chv,10,4223,66,31.097,173.650,13
4919,2,2020,21,Myatt Snider,Chv,10,4223,67,31.344,172.282,13
4919,2,2020,21,Myatt Snider,Chv,10,4223,68,31.247,172.817,13
4919,2,2020,21,Myatt Snider,Chv,10,4223,69,31.357,172.210,13
4919,2,2020,21,Myatt Snider,Chv,10,4223,70,31.344,172.282,13
4919,2,2020,21,Myatt Snider,Chv,10,4223,71,31.287,172.596,13
4919,2,2020,21,Myatt Snider,Chv,10,4223,72,31.121,173.516,13
4919,2,2020,21,Myatt Snider,Chv,10,4223,73,31.306,172.491,12
4919,2,2020,21,Myatt Snider,Chv,10,4223,74,31.165,173.271,12
4919,2,2020,21,Myatt Snider,Chv,10,4223,75,31.249,172.806,12
4919,2,2020,21,Myatt Snider,Chv,10,4223,76,31.107,173.594,12
4919,2,2020,21,Myatt Snider,Chv,10,4223,77,31.145,173.383,12
4919,2,2020,21,Myatt Snider,Chv,10,4223,78,31.596,170.908,12
4919,2,2020,21,Myatt Snider,Chv,10,4223,79,31.967,168.924,12
4919,2,2020,21,Myatt Snider,Chv,10,4223,80,31.327,172.375,12
4919,2,2020,21,Myatt Snider,Chv,10,4223,81,31.651,170.611,12
4919,2,2020,21,Myatt Snider,Chv,10,4223,82,31.596,170.908,12
4919,2,2020,21,Myatt Snider,Chv,10,4223,83,31.481,171.532,12
4919,2,2020,21,Myatt Snider,Chv,10,4223,84,31.746,170.100,12
4919,2,2020,21,Myatt Snider,Chv,10,4223,85,31.502,171.418,12
4919,2,2020,21,Myatt Snider,Chv,10,4223,86,31.529,171.271,12
4919,2,2020,21,Myatt Snider,Chv,10,4223,87,31.385,172.057,12
4919,2,2020,21,Myatt Snider,Chv,10,4223,88,31.6,170.886,12
4919,2,2020,21,Myatt Snider,Chv,10,4223,89,31.759,170.031,12
4919,2,2020,21,Myatt Snider,Chv,10,4223,90,31.593,170.924,12
4919,2,2020,21,Myatt Snider,Chv,10,4223,91,48.029,112.432,12
4919,2,2020,21,Myatt Snider,Chv,10,4223,92,78.45,68.834,12
4919,2,2020,21,Myatt Snider,Chv,10,4223,93,92.293,58.509,6
4919,2,2020,21,Myatt Snider,Chv,10,4223,94,99.273,54.395,12
4919,2,2020,21,Myatt Snider,Chv,10,4223,95,90.934,59.384,12
4919,2,2020,21,Myatt Snider,Chv,10,4223,96,95.619,56.474,12
4919,2,2020,21,Myatt Snider,Chv,10,4223,97,95.161,56.746,11
4919,2,2020,21,Myatt Snider,Chv,10,4223,98,92.073,58.649,12
4919,2,2020,21,Myatt Snider,Chv,10,4223,99,33.088,163.201,12
4919,2,2020,21,Myatt Snider,Chv,10,4223,100,31.007,174.154,12
4919,2,2020,21,Myatt Snider,Chv,10,4223,101,31.109,173.583,12
4919,2,2020,21,Myatt Snider,Chv,10,4223,102,30.922,174.633,12
4919,2,2020,21,Myatt Snider,Chv,10,4223,103,30.85,175.041,12
4919,2,2020,21,Myatt Snider,Chv,10,4223,104,30.852,175.029,12
4919,2,2020,21,Myatt Snider,Chv,10,4223,105,31.327,172.375,13
4919,2,2020,21,Myatt Snider,Chv,10,4223,106,30.812,175.256,13
4919,2,2020,21,Myatt Snider,Chv,10,4223,107,31.374,172.117,14
4919,2,2020,21,Myatt Snider,Chv,10,4223,108,30.847,175.058,14
4919,2,2020,21,Myatt Snider,Chv,10,4223,109,31.091,173.684,14
4919,2,2020,21,Myatt Snider,Chv,10,4223,110,31.073,173.784,14
4919,2,2020,21,Myatt Snider,Chv,10,4223,111,31.044,173.947,14
4919,2,2020,21,Myatt Snider,Chv,10,4223,112,31.067,173.818,14
4919,2,2020,21,Myatt Snider,Chv,10,4223,113,31.205,173.049,14
4919,2,2020,21,Myatt Snider,Chv,10,4223,114,31.399,171.980,14
4919,2,2020,21,Myatt Snider,Chv,10,4223,115,31.626,170.746,14
4919,2,2020,21,Myatt Snider,Chv,10,4223,116,31.256,172.767,14
4919,2,2020,21,Myatt Snider,Chv,10,4223,117,31.291,172.574,14
4919,2,2020,21,Myatt Snider,Chv,10,4223,118,31.434,171.789,14
4919,2,2020,21,Myatt Snider,Chv,10,4223,119,31.407,171.936,14
4919,2,2020,21,Myatt Snider,Chv,10,4223,120,31.57,171.048,14
4919,2,2020,21,Myatt Snider,Chv,10,4223,121,31.509,171.380,14
4919,2,2020,21,Myatt Snider,Chv,10,4223,122,31.247,172.817,14
4919,2,2020,21,Myatt Snider,Chv,10,4223,123,31.28,172.634,14
4919,2,2020,21,Myatt Snider,Chv,10,4223,124,31.229,172.916,14
4919,2,2020,21,Myatt Snider,Chv,10,4223,125,31.129,173.472,14
4919,2,2020,21,Myatt Snider,Chv,10,4223,126,31.393,172.013,14
4919,2,2020,21,Myatt Snider,Chv,10,4223,127,31.249,172.806,14
4919,2,2020,21,Myatt Snider,Chv,10,4223,128,31.305,172.496,14
4919,2,2020,21,Myatt Snider,Chv,10,4223,129,31.708,170.304,14
4919,2,2020,21,Myatt Snider,Chv,10,4223,130,32.051,168.481,14
4919,2,2020,21,Myatt Snider,Chv,10,4223,131,32.393,166.703,14
4919,2,2020,21,Myatt Snider,Chv,10,4223,132,31.802,169.801,14
4919,2,2020,21,Myatt Snider,Chv,10,4223,133,32.158,167.921,14
4919,2,2020,21,Myatt Snider,Chv,10,4223,134,31.959,168.966,14
4919,2,2020,21,Myatt Snider,Chv,10,4223,135,31.453,171.685,14
4919,2,2020,21,Myatt Snider,Chv,10,4223,136,31.72,170.240,14
4919,2,2020,21,Myatt Snider,Chv,10,4223,137,31.593,170.924,14
4919,2,2020,21,Myatt Snider,Chv,10,4223,138,31.712,170.283,14
4919,2,2020,21,Myatt Snider,Chv,10,4223,139,31.921,169.168,14
4919,2,2020,21,Myatt Snider,Chv,10,4223,140,32.141,168.010,14
4919,2,2020,21,Myatt Snider,Chv,10,4223,141,32.003,168.734,14
4919,2,2020,21,Myatt Snider,Chv,10,4223,142,32.123,168.104,14
4919,2,2020,21,Myatt Snider,Chv,10,4223,143,31.768,169.982,14
4919,2,2020,21,Myatt Snider,Chv,10,4223,144,31.76,170.025,12
4919,2,2020,21,Myatt Snider,Chv,10,4223,145,31.574,171.027,12
4919,2,2020,21,Myatt Snider,Chv,10,4223,146,31.534,171.244,9
4919,2,2020,21,Myatt Snider,Chv,10,4223,147,31.938,169.078,8
4919,2,2020,21,Myatt Snider,Chv,10,4223,148,32.322,167.069,6
4919,2,2020,21,Myatt Snider,Chv,10,4223,149,31.926,169.141,5
4919,2,2020,21,Myatt Snider,Chv,10,4223,150,31.912,169.215,4
4919,2,2020,21,Myatt Snider,Chv,10,4223,151,32.244,167.473,3
4919,2,2020,21,Myatt Snider,Chv,10,4223,152,32.508,166.113,3
4919,2,2020,21,Myatt Snider,Chv,10,4223,153,31.573,171.032,3
4919,2,2020,21,Myatt Snider,Chv,10,4223,154,31.843,169.582,3
4919,2,2020,21,Myatt Snider,Chv,10,4223,155,41.244,130.928,3
4919,2,2020,21,Myatt Snider,Chv,10,4223,156,86.846,62.179,3
4919,2,2020,21,Myatt Snider,Chv,10,4223,157,96.484,55.968,3
4919,2,2020,21,Myatt Snider,Chv,10,4223,158,96.442,55.992,3
4919,2,2020,21,Myatt Snider,Chv,10,4223,159,107.382,50.288,4
4919,2,2020,21,Myatt Snider,Chv,10,4223,160,94.264,57.286,4
4919,2,2020,21,Myatt Snider,Chv,10,4223,161,98.584,54.776,4
4919,2,2020,21,Myatt Snider,Chv,10,4223,162,101.965,52.959,3
4919,2,2020,21,Myatt Snider,Chv,10,4223,163,33.245,162.430,5
4919,2,2020,21,Myatt Snider,Chv,10,4223,164,31.209,173.027,5
4919,2,2020,21,Myatt Snider,Chv,10,4223,165,31.069,173.807,5
4919,2,2020,21,Myatt Snider,Chv,10,4223,166,30.567,176.661,5
4919,2,2020,21,Myatt Snider,Chv,10,4223,167,30.583,176.569,5
4919,2,2020,21,Myatt Snider,Chv,10,4223,168,30.546,176.783,5
4919,2,2020,21,Myatt Snider,Chv,10,4223,169,30.566,176.667,5
4919,2,2020,21,Myatt Snider,Chv,10,4223,170,30.896,174.780,6
4919,2,2020,21,Myatt Snider,Chv,10,4223,171,33.338,161.977,6
4919,2,2020,21,Myatt Snider,Chv,10,4223,172,79.505,67.920,5
4919,2,2020,21,Myatt Snider,Chv,10,4223,173,96.573,55.916,5
4919,2,2020,21,Myatt Snider,Chv,10,4223,174,96.557,55.926,5
4919,2,2020,21,Myatt Snider,Chv,10,4223,175,93.644,57.665,6
4919,2,2020,21,Myatt Snider,Chv,10,4223,176,39.155,137.913,6
4919,2,2020,21,Myatt Snider,Chv,10,4223,177,88.507,61.012,5
4919,2,2020,21,Myatt Snider,Chv,10,4223,178,96.598,55.902,5
4919,2,2020,21,Myatt Snider,Chv,10,4223,179,96.394,56.020,5
4919,2,2020,21,Myatt Snider,Chv,10,4223,180,97.588,55.335,5
4919,2,2020,21,Myatt Snider,Chv,10,4223,181,95.092,56.787,5
4919,2,2020,21,Myatt Snider,Chv,10,4223,182,104.922,51.467,5
4919,2,2020,21,Myatt Snider,Chv,10,4223,183,100.328,53.823,5
4919,2,2020,21,Myatt Snider,Chv,10,4223,184,84.132,64.185,14
4919,2,2020,21,Myatt Snider,Chv,10,4223,185,183.109,29.491,15
4919,2,2020,21,Myatt Snider,Chv,10,4223,186,56.439,95.679,15
4919,2,2020,21,Myatt Snider,Chv,10,4223,187,89.89,60.073,15
4919,2,2020,21,Myatt Snider,Chv,10,4223,188,33.198,162.660,15
4919,2,2020,21,Myatt Snider,Chv,10,4223,189,32.73,164.986,15
4919,2,2020,21,Myatt Snider,Chv,10,4223,190,32.521,166.047,15
4919,2,2020,21,Myatt Snider,Chv,10,4223,191,36.369,148.478,15
4919,2,2020,21,Myatt Snider,Chv,10,4223,192,42.662,126.576,15
4919,2,2020,21,Myatt Snider,Chv,10,4223,193,84.9,63.604,15
4919,2,2020,21,Myatt Snider,Chv,10,4223,194,103.168,52.342,15
4919,2,2020,21,Myatt Snider,Chv,10,4223,195,103.822,52.012,15
4919,2,2020,21,Myatt Snider,Chv,10,4223,196,58.486,92.330,14
4919,2,2020,21,Myatt Snider,Chv,10,4223,197,68.316,79.044,13
4919,2,2020,21,Myatt Snider,Chv,10,4223,198,58.066,92.998,11
4919,2,2020,21,Myatt Snider,Chv,10,4223,199,42.929,125.789,10
4919,2,2020,21,Myatt Snider,Chv,10,4223,200,89.604,60.265,10
4919,2,2020,21,Myatt Snider,Chv,10,4223,201,89.421,60.388,11
4919,2,2020,21,Myatt Snider,Chv,10,4223,202,35.521,152.023,11
4919,2,2020,21,Myatt Snider,Chv,10,4223,203,33.521,161.093,10
4919,2,2020,9,Noah Gragson,Chv,11,4224,0,,,10
4919,2,2020,9,Noah Gragson,Chv,11,4224,1,33.379,161.778,6
4919,2,2020,9,Noah Gragson,Chv,11,4224,2,31.139,173.416,6
4919,2,2020,9,Noah Gragson,Chv,11,4224,3,30.814,175.245,6
4919,2,2020,9,Noah Gragson,Chv,11,4224,4,32.38,166.770,6
4919,2,2020,9,Noah Gragson,Chv,11,4224,5,87.547,61.681,6
4919,2,2020,9,Noah Gragson,Chv,11,4224,6,95.892,56.313,6
4919,2,2020,9,Noah Gragson,Chv,11,4224,7,93.065,58.024,4
4919,2,2020,9,Noah Gragson,Chv,11,4224,8,32.731,164.981,4
4919,2,2020,9,Noah Gragson,Chv,11,4224,9,30.903,174.740,4
4919,2,2020,9,Noah Gragson,Chv,11,4224,10,31.165,173.271,5
4919,2,2020,9,Noah Gragson,Chv,11,4224,11,31.159,173.305,5
4919,2,2020,9,Noah Gragson,Chv,11,4224,12,30.906,174.723,5
4919,2,2020,9,Noah Gragson,Chv,11,4224,13,31.184,173.166,6
4919,2,2020,9,Noah Gragson,Chv,11,4224,14,31.015,174.109,6
4919,2,2020,9,Noah Gragson,Chv,11,4224,15,31.054,173.891,6
4919,2,2020,9,Noah Gragson,Chv,11,4224,16,31.174,173.221,5
4919,2,2020,9,Noah Gragson,Chv,11,4224,17,31.709,170.299,6
4919,2,2020,9,Noah Gragson,Chv,11,4224,18,31.1,173.633,5
4919,2,2020,9,Noah Gragson,Chv,11,4224,19,31.183,173.171,5
4919,2,2020,9,Noah Gragson,Chv,11,4224,20,31.232,172.900,5
4919,2,2020,9,Noah Gragson,Chv,11,4224,21,36.105,149.564,5
4919,2,2020,9,Noah Gragson,Chv,11,4224,22,84.875,63.623,5
4919,2,2020,9,Noah Gragson,Chv,11,4224,23,96.861,55.750,5
4919,2,2020,9,Noah Gragson,Chv,11,4224,24,96.802,55.784,5
4919,2,2020,9,Noah Gragson,Chv,11,4224,25,93.442,57.790,5
4919,2,2020,9,Noah Gragson,Chv,11,4224,26,33.444,161.464,7
4919,2,2020,9,Noah Gragson,Chv,11,4224,27,30.904,174.735,6
4919,2,2020,9,Noah Gragson,Chv,11,4224,28,32.791,164.679,6
4919,2,2020,9,Noah Gragson,Chv,11,4224,29,84.66,63.785,6
4919,2,2020,9,Noah Gragson,Chv,11,4224,30,105.34,51.263,6
4919,2,2020,9,Noah Gragson,Chv,11,4224,31,105.269,51.297,6
4919,2,2020,9,Noah Gragson,Chv,11,4224,32,100.532,53.714,5
4919,2,2020,9,Noah Gragson,Chv,11,4224,33,33.256,162.377,5
4919,2,2020,9,Noah Gragson,Chv,11,4224,34,31.174,173.221,5
4919,2,2020,9,Noah Gragson,Chv,11,4224,35,31.006,174.160,5
4919,2,2020,9,Noah Gragson,Chv,11,4224,36,31.055,173.885,4
4919,2,2020,9,Noah Gragson,Chv,11,4224,37,31.149,173.360,4
4919,2,2020,9,Noah Gragson,Chv,11,4224,38,31.061,173.851,4
4919,2,2020,9,Noah Gragson,Chv,11,4224,39,30.97,174.362,4
4919,2,2020,9,Noah Gragson,Chv,11,4224,40,31.132,173.455,4
4919,2,2020,9,Noah Gragson,Chv,11,4224,41,31.225,172.938,4
4919,2,2020,9,Noah Gragson,Chv,11,4224,42,31.248,172.811,4
4919,2,2020,9,Noah Gragson,Chv,11,4224,43,31.185,173.160,4
4919,2,2020,9,Noah Gragson,Chv,11,4224,44,31.418,171.876,4
4919,2,2020,9,Noah Gragson,Chv,11,4224,45,31.34,172.304,4
4919,2,2020,9,Noah Gragson,Chv,11,4224,46,45.99,117.417,4
4919,2,2020,9,Noah Gragson,Chv,11,4224,47,75.08,71.923,4
4919,2,2020,9,Noah Gragson,Chv,11,4224,48,97.025,55.656,2
4919,2,2020,9,Noah Gragson,Chv,11,4224,49,96.972,55.686,5
4919,2,2020,9,Noah Gragson,Chv,11,4224,50,96.7,55.843,5
4919,2,2020,9,Noah Gragson,Chv,11,4224,51,95.805,56.364,5
4919,2,2020,9,Noah Gragson,Chv,11,4224,52,93.302,57.877,6
4919,2,2020,9,Noah Gragson,Chv,11,4224,53,32.793,164.669,6
4919,2,2020,9,Noah Gragson,Chv,11,4224,54,30.549,176.765,6
4919,2,2020,9,Noah Gragson,Chv,11,4224,55,30.713,175.821,6
4919,2,2020,9,Noah Gragson,Chv,11,4224,56,30.636,176.263,6
4919,2,2020,9,Noah Gragson,Chv,11,4224,57,30.735,175.695,5
4919,2,2020,9,Noah Gragson,Chv,11,4224,58,30.629,176.304,5
4919,2,2020,9,Noah Gragson,Chv,11,4224,59,30.652,176.171,5
4919,2,2020,9,Noah Gragson,Chv,11,4224,60,30.897,174.774,5
4919,2,2020,9,Noah Gragson,Chv,11,4224,61,30.776,175.461,5
4919,2,2020,9,Noah Gragson,Chv,11,4224,62,30.526,176.898,5
4919,2,2020,9,Noah Gragson,Chv,11,4224,63,30.568,176.655,5
4919,2,2020,9,Noah Gragson,Chv,11,4224,64,30.816,175.234,5
4919,2,2020,9,Noah Gragson,Chv,11,4224,65,30.826,175.177,5
4919,2,2020,9,Noah Gragson,Chv,11,4224,66,30.782,175.427,5
4919,2,2020,9,Noah Gragson,Chv,11,4224,67,30.791,175.376,5
4919,2,2020,9,Noah Gragson,Chv,11,4224,68,30.664,176.102,5
4919,2,2020,9,Noah Gragson,Chv,11,4224,69,30.925,174.616,5
4919,2,2020,9,Noah Gragson,Chv,11,4224,70,31.125,173.494,5
4919,2,2020,9,Noah Gragson,Chv,11,4224,71,30.987,174.267,5
4919,2,2020,9,Noah Gragson,Chv,11,4224,72,30.936,174.554,5
4919,2,2020,9,Noah Gragson,Chv,11,4224,73,31.097,173.650,5
4919,2,2020,9,Noah Gragson,Chv,11,4224,74,31.065,173.829,5
4919,2,2020,9,Noah Gragson,Chv,11,4224,75,31.247,172.817,5
4919,2,2020,9,Noah Gragson,Chv,11,4224,76,31.732,170.175,5
4919,2,2020,9,Noah Gragson,Chv,11,4224,77,31.481,171.532,5
4919,2,2020,9,Noah Gragson,Chv,11,4224,78,31.444,171.734,5
4919,2,2020,9,Noah Gragson,Chv,11,4224,79,31.727,170.202,5
4919,2,2020,9,Noah Gragson,Chv,11,4224,80,31.531,171.260,5
4919,2,2020,9,Noah Gragson,Chv,11,4224,81,31.518,171.331,5
4919,2,2020,9,Noah Gragson,Chv,11,4224,82,31.849,169.550,5
4919,2,2020,9,Noah Gragson,Chv,11,4224,83,31.705,170.320,5
4919,2,2020,9,Noah Gragson,Chv,11,4224,84,31.656,170.584,5
4919,2,2020,9,Noah Gragson,Chv,11,4224,85,31.502,171.418,5
4919,2,2020,9,Noah Gragson,Chv,11,4224,86,31.688,170.412,5
4919,2,2020,9,Noah Gragson,Chv,11,4224,87,31.942,169.056,5
4919,2,2020,9,Noah Gragson,Chv,11,4224,88,31.654,170.595,5
4919,2,2020,9,Noah Gragson,Chv,11,4224,89,31.395,172.002,5
4919,2,2020,9,Noah Gragson,Chv,11,4224,90,31.485,171.510,5
4919,2,2020,9,Noah Gragson,Chv,11,4224,91,45.566,118.509,5
4919,2,2020,9,Noah Gragson,Chv,11,4224,92,80.692,66.921,5
4919,2,2020,9,Noah Gragson,Chv,11,4224,93,95.112,56.775,3
4919,2,2020,9,Noah Gragson,Chv,11,4224,94,101.224,53.347,6
4919,2,2020,9,Noah Gragson,Chv,11,4224,95,92.178,58.582,6
4919,2,2020,9,Noah Gragson,Chv,11,4224,96,96.376,56.031,6
4919,2,2020,9,Noah Gragson,Chv,11,4224,97,95.155,56.750,5
4919,2,2020,9,Noah Gragson,Chv,11,4224,98,93.705,57.628,5
4919,2,2020,9,Noah Gragson,Chv,11,4224,99,32.928,163.994,7
4919,2,2020,9,Noah Gragson,Chv,11,4224,100,30.884,174.848,8
4919,2,2020,9,Noah Gragson,Chv,11,4224,101,30.861,174.978,8
4919,2,2020,9,Noah Gragson,Chv,11,4224,102,30.517,176.951,8
4919,2,2020,9,Noah Gragson,Chv,11,4224,103,30.774,175.473,8
4919,2,2020,9,Noah Gragson,Chv,11,4224,104,30.655,176.154,8
4919,2,2020,9,Noah Gragson,Chv,11,4224,105,30.742,175.655,8
4919,2,2020,9,Noah Gragson,Chv,11,4224,106,30.707,175.856,8
4919,2,2020,9,Noah Gragson,Chv,11,4224,107,30.835,175.126,8
4919,2,2020,9,Noah Gragson,Chv,11,4224,108,30.756,175.575,8
4919,2,2020,9,Noah Gragson,Chv,11,4224,109,30.902,174.746,8
4919,2,2020,9,Noah Gragson,Chv,11,4224,110,30.688,175.965,7
4919,2,2020,9,Noah Gragson,Chv,11,4224,111,30.706,175.861,7
4919,2,2020,9,Noah Gragson,Chv,11,4224,112,30.835,175.126,7
4919,2,2020,9,Noah Gragson,Chv,11,4224,113,30.84,175.097,7
4919,2,2020,9,Noah Gragson,Chv,11,4224,114,30.908,174.712,7
4919,2,2020,9,Noah Gragson,Chv,11,4224,115,31.108,173.589,7
4919,2,2020,9,Noah Gragson,Chv,11,4224,116,30.808,175.279,7
4919,2,2020,9,Noah Gragson,Chv,11,4224,117,30.914,174.678,7
4919,2,2020,9,Noah Gragson,Chv,11,4224,118,31.053,173.896,6
4919,2,2020,9,Noah Gragson,Chv,11,4224,119,30.936,174.554,6
4919,2,2020,9,Noah Gragson,Chv,11,4224,120,31.025,174.053,6
4919,2,2020,9,Noah Gragson,Chv,11,4224,121,30.936,174.554,6
4919,2,2020,9,Noah Gragson,Chv,11,4224,122,31.185,173.160,6
4919,2,2020,9,Noah Gragson,Chv,11,4224,123,31.401,171.969,6
4919,2,2020,9,Noah Gragson,Chv,11,4224,124,31.266,172.712,6
4919,2,2020,9,Noah Gragson,Chv,11,4224,125,31.163,173.282,6
4919,2,2020,9,Noah Gragson,Chv,11,4224,126,31.177,173.205,6
4919,2,2020,9,Noah Gragson,Chv,11,4224,127,31.27,172.689,6
4919,2,2020,9,Noah Gragson,Chv,11,4224,128,31.445,171.728,6
4919,2,2020,9,Noah Gragson,Chv,11,4224,129,31.404,171.953,6
4919,2,2020,9,Noah Gragson,Chv,11,4224,130,31.837,169.614,6
4919,2,2020,9,Noah Gragson,Chv,11,4224,131,31.49,171.483,6
4919,2,2020,9,Noah Gragson,Chv,11,4224,132,31.524,171.298,6
4919,2,2020,9,Noah Gragson,Chv,11,4224,133,31.819,169.710,6
4919,2,2020,9,Noah Gragson,Chv,11,4224,134,31.845,169.571,6
4919,2,2020,9,Noah Gragson,Chv,11,4224,135,31.987,168.819,6
4919,2,2020,9,Noah Gragson,Chv,11,4224,136,31.845,169.571,6
4919,2,2020,9,Noah Gragson,Chv,11,4224,137,31.685,170.428,6
4919,2,2020,9,Noah Gragson,Chv,11,4224,138,31.948,169.025,6
4919,2,2020,9,Noah Gragson,Chv,11,4224,139,31.792,169.854,6
4919,2,2020,9,Noah Gragson,Chv,11,4224,140,31.97,168.908,6
4919,2,2020,9,Noah Gragson,Chv,11,4224,141,31.813,169.742,6
4919,2,2020,9,Noah Gragson,Chv,11,4224,142,31.847,169.561,7
4919,2,2020,9,Noah Gragson,Chv,11,4224,143,31.662,170.551,7
4919,2,2020,9,Noah Gragson,Chv,11,4224,144,31.297,172.540,7
4919,2,2020,9,Noah Gragson,Chv,11,4224,145,31.655,170.589,7
4919,2,2020,9,Noah Gragson,Chv,11,4224,146,31.487,171.499,6
4919,2,2020,9,Noah Gragson,Chv,11,4224,147,31.469,171.597,5
4919,2,2020,9,Noah Gragson,Chv,11,4224,148,31.468,171.603,2
4919,2,2020,9,Noah Gragson,Chv,11,4224,149,31.39,172.029,2
4919,2,2020,9,Noah Gragson,Chv,11,4224,150,42.837,126.059,2
4919,2,2020,9,Noah Gragson,Chv,11,4224,151,64.077,84.274,7
4919,2,2020,9,Noah Gragson,Chv,11,4224,152,30.738,175.678,7
4919,2,2020,9,Noah Gragson,Chv,11,4224,153,30.379,177.754,7
4919,2,2020,9,Noah Gragson,Chv,11,4224,154,38.202,141.354,6
4919,2,2020,9,Noah Gragson,Chv,11,4224,155,91.403,59.079,6
4919,2,2020,9,Noah Gragson,Chv,11,4224,156,96.524,55.945,6
4919,2,2020,9,Noah Gragson,Chv,11,4224,157,94.808,56.957,6
4919,2,2020,9,Noah Gragson,Chv,11,4224,158,48.44,111.478,6
4919,2,2020,9,Noah Gragson,Chv,11,4224,159,64.446,83.791,5
4919,2,2020,9,Noah Gragson,Chv,11,4224,160,94.023,57.433,5
4919,2,2020,9,Noah Gragson,Chv,11,4224,161,98.341,54.911,5
4919,2,2020,9,Noah Gragson,Chv,11,4224,162,101.831,53.029,4
4919,2,2020,9,Noah Gragson,Chv,11,4224,163,32.671,165.284,3
4919,2,2020,9,Noah Gragson,Chv,11,4224,164,30.406,177.597,3
4919,2,2020,9,Noah Gragson,Chv,11,4224,165,30.383,177.731,3
4919,2,2020,9,Noah Gragson,Chv,11,4224,166,30.363,177.848,3
4919,2,2020,9,Noah Gragson,Chv,11,4224,167,30.393,177.672,3
4919,2,2020,9,Noah Gragson,Chv,11,4224,168,30.468,177.235,3
4919,2,2020,9,Noah Gragson,Chv,11,4224,169,30.618,176.367,2
4919,2,2020,9,Noah Gragson,Chv,11,4224,170,30.609,176.419,2
4919,2,2020,9,Noah Gragson,Chv,11,4224,171,32.528,166.011,2
4919,2,2020,9,Noah Gragson,Chv,11,4224,172,81.631,66.151,2
4919,2,2020,9,Noah Gragson,Chv,11,4224,173,96.565,55.921,2
4919,2,2020,9,Noah Gragson,Chv,11,4224,174,96.142,56.167,1
4919,2,2020,9,Noah Gragson,Chv,11,4224,175,94.962,56.865,1
4919,2,2020,9,Noah Gragson,Chv,11,4224,176,37.694,143.259,2
4919,2,2020,9,Noah Gragson,Chv,11,4224,177,88.905,60.739,2
4919,2,2020,9,Noah Gragson,Chv,11,4224,178,96.561,55.923,2
4919,2,2020,9,Noah Gragson,Chv,11,4224,179,96.607,55.897,2
4919,2,2020,9,Noah Gragson,Chv,11,4224,180,96.725,55.828,2
4919,2,2020,9,Noah Gragson,Chv,11,4224,181,96.176,56.147,2
4919,2,2020,9,Noah Gragson,Chv,11,4224,182,105.003,51.427,2
4919,2,2020,9,Noah Gragson,Chv,11,4224,183,101.066,53.430,1
4919,2,2020,9,Noah Gragson,Chv,11,4224,184,34.425,156.863,2
4919,2,2020,9,Noah Gragson,Chv,11,4224,185,83.229,64.881,2
4919,2,2020,9,Noah Gragson,Chv,11,4224,186,94.884,56.912,2
4919,2,2020,9,Noah Gragson,Chv,11,4224,187,95.028,56.825,2
4919,2,2020,9,Noah Gragson,Chv,11,4224,188,90.616,59.592,2
4919,2,2020,9,Noah Gragson,Chv,11,4224,189,32.214,167.629,2
4919,2,2020,9,Noah Gragson,Chv,11,4224,190,30.623,176.338,3
4919,2,2020,9,Noah Gragson,Chv,11,4224,191,30.643,176.223,3
4919,2,2020,9,Noah Gragson,Chv,11,4224,192,30.842,175.086,3
4919,2,2020,9,Noah Gragson,Chv,11,4224,193,47.999,112.502,3
4919,2,2020,9,Noah Gragson,Chv,11,4224,194,92.743,58.225,3
4919,2,2020,9,Noah Gragson,Chv,11,4224,195,104.202,51.822,3
4919,2,2020,9,Noah Gragson,Chv,11,4224,196,109.129,49.483,4
4919,2,2020,9,Noah Gragson,Chv,11,4224,197,65.866,81.985,12
4919,2,2020,9,Noah Gragson,Chv,11,4224,198,72.557,74.424,10
4919,2,2020,9,Noah Gragson,Chv,11,4224,199,119.108,45.337,11
4919,2,2020,9,Noah Gragson,Chv,11,4224,200,68.247,79.124,11
4919,2,2020,9,Noah Gragson,Chv,11,4224,201,83.514,64.660,10
4919,2,2020,9,Noah Gragson,Chv,11,4224,202,32.501,166.149,10
4919,2,2020,9,Noah Gragson,Chv,11,4224,203,43.404,124.412,11
4919,2,2020,18,Riley Herbst #,Tyt,12,4269,0,,,5
4919,2,2020,18,Riley Herbst #,Tyt,12,4269,1,33.193,162.685,4
4919,2,2020,18,Riley Herbst #,Tyt,12,4269,2,30.529,176.881,4
4919,2,2020,18,Riley Herbst #,Tyt,12,4269,3,30.44,177.398,4
4919,2,2020,18,Riley Herbst #,Tyt,12,4269,4,32.807,164.599,4
4919,2,2020,18,Riley Herbst #,Tyt,12,4269,5,87.423,61.769,4
4919,2,2020,18,Riley Herbst #,Tyt,12,4269,6,96.266,56.095,4
4919,2,2020,18,Riley Herbst #,Tyt,12,4269,7,93.87,57.526,3
4919,2,2020,18,Riley Herbst #,Tyt,12,4269,8,32.74,164.936,3
4919,2,2020,18,Riley Herbst #,Tyt,12,4269,9,30.942,174.520,3
4919,2,2020,18,Riley Herbst #,Tyt,12,4269,10,30.819,175.217,3
4919,2,2020,18,Riley Herbst #,Tyt,12,4269,11,30.877,174.887,3
4919,2,2020,18,Riley Herbst #,Tyt,12,4269,12,30.918,174.656,3
4919,2,2020,18,Riley Herbst #,Tyt,12,4269,13,31.054,173.891,3
4919,2,2020,18,Riley Herbst #,Tyt,12,4269,14,31.11,173.578,3
4919,2,2020,18,Riley Herbst #,Tyt,12,4269,15,31.416,171.887,5
4919,2,2020,18,Riley Herbst #,Tyt,12,4269,16,31.538,171.222,6
4919,2,2020,18,Riley Herbst #,Tyt,12,4269,17,31.48,171.537,5
4919,2,2020,18,Riley Herbst #,Tyt,12,4269,18,31.595,170.913,6
4919,2,2020,18,Riley Herbst #,Tyt,12,4269,19,31.384,172.062,6
4919,2,2020,18,Riley Herbst #,Tyt,12,4269,20,31.552,171.146,6
4919,2,2020,18,Riley Herbst #,Tyt,12,4269,21,36.792,146.771,6
4919,2,2020,18,Riley Herbst #,Tyt,12,4269,22,83.734,64.490,6
4919,2,2020,18,Riley Herbst #,Tyt,12,4269,23,96.817,55.775,6
4919,2,2020,18,Riley Herbst #,Tyt,12,4269,24,96.65,55.872,6
4919,2,2020,18,Riley Herbst #,Tyt,12,4269,25,93.309,57.872,6
4919,2,2020,18,Riley Herbst #,Tyt,12,4269,26,32.844,164.414,3
4919,2,2020,18,Riley Herbst #,Tyt,12,4269,27,30.74,175.667,3
4919,2,2020,18,Riley Herbst #,Tyt,12,4269,28,32.01,168.697,3
4919,2,2020,18,Riley Herbst #,Tyt,12,4269,29,85.007,63.524,3
4919,2,2020,18,Riley Herbst #,Tyt,12,4269,30,105.087,51.386,3
4919,2,2020,18,Riley Herbst #,Tyt,12,4269,31,105.338,51.264,3
4919,2,2020,18,Riley Herbst #,Tyt,12,4269,32,101.826,53.032,4
4919,2,2020,18,Riley Herbst #,Tyt,12,4269,33,32.815,164.559,3
4919,2,2020,18,Riley Herbst #,Tyt,12,4269,34,31.242,172.844,3
4919,2,2020,18,Riley Herbst #,Tyt,12,4269,35,31.37,172.139,4
4919,2,2020,18,Riley Herbst #,Tyt,12,4269,36,31.603,170.870,5
4919,2,2020,18,Riley Herbst #,Tyt,12,4269,37,31.405,171.947,5
4919,2,2020,18,Riley Herbst #,Tyt,12,4269,38,31.443,171.739,5
4919,2,2020,18,Riley Herbst #,Tyt,12,4269,39,31.357,172.210,5
4919,2,2020,18,Riley Herbst #,Tyt,12,4269,40,31.319,172.419,5
4919,2,2020,18,Riley Herbst #,Tyt,12,4269,41,32.211,167.645,8
4919,2,2020,18,Riley Herbst #,Tyt,12,4269,42,31.391,172.024,7
4919,2,2020,18,Riley Herbst #,Tyt,12,4269,43,31.414,171.898,7
4919,2,2020,18,Riley Herbst #,Tyt,12,4269,44,31.347,172.265,7
4919,2,2020,18,Riley Herbst #,Tyt,12,4269,45,31.507,171.390,7
4919,2,2020,18,Riley Herbst #,Tyt,12,4269,46,47.432,113.847,7
4919,2,2020,18,Riley Herbst #,Tyt,12,4269,47,72.128,74.867,7
4919,2,2020,18,Riley Herbst #,Tyt,12,4269,48,117.726,45.869,21
4919,2,2020,18,Riley Herbst #,Tyt,12,4269,49,75.662,71.370,8
4919,2,2020,18,Riley Herbst #,Tyt,12,4269,50,97.407,55.437,8
4919,2,2020,18,Riley Herbst #,Tyt,12,4269,51,94.764,56.984,7
4919,2,2020,18,Riley Herbst #,Tyt,12,4269,52,92.77,58.208,7
4919,2,2020,18,Riley Herbst #,Tyt,12,4269,53,32.717,165.052,7
4919,2,2020,18,Riley Herbst #,Tyt,12,4269,54,30.58,176.586,7
4919,2,2020,18,Riley Herbst #,Tyt,12,4269,55,30.834,175.131,7
4919,2,2020,18,Riley Herbst #,Tyt,12,4269,56,30.915,174.672,7
4919,2,2020,18,Riley Herbst #,Tyt,12,4269,57,30.866,174.950,7
4919,2,2020,18,Riley Herbst #,Tyt,12,4269,58,30.848,175.052,7
4919,2,2020,18,Riley Herbst #,Tyt,12,4269,59,30.888,174.825,7
4919,2,2020,18,Riley Herbst #,Tyt,12,4269,60,30.902,174.746,7
4919,2,2020,18,Riley Herbst #,Tyt,12,4269,61,30.996,174.216,7
4919,2,2020,18,Riley Herbst #,Tyt,12,4269,62,31.277,172.651,6
4919,2,2020,18,Riley Herbst #,Tyt,12,4269,63,31.624,170.756,7
4919,2,2020,18,Riley Herbst #,Tyt,12,4269,64,31.031,174.020,7
4919,2,2020,18,Riley Herbst #,Tyt,12,4269,65,31.036,173.991,7
4919,2,2020,18,Riley Herbst #,Tyt,12,4269,66,31.143,173.394,7
4919,2,2020,18,Riley Herbst #,Tyt,12,4269,67,31.147,173.371,7
4919,2,2020,18,Riley Herbst #,Tyt,12,4269,68,31.075,173.773,7
4919,2,2020,18,Riley Herbst #,Tyt,12,4269,69,31.171,173.238,7
4919,2,2020,18,Riley Herbst #,Tyt,12,4269,70,31.242,172.844,7
4919,2,2020,18,Riley Herbst #,Tyt,12,4269,71,31.165,173.271,7
4919,2,2020,18,Riley Herbst #,Tyt,12,4269,72,31.465,171.619,7
4919,2,2020,18,Riley Herbst #,Tyt,12,4269,73,31.367,172.155,7
4919,2,2020,18,Riley Herbst #,Tyt,12,4269,74,31.253,172.783,7
4919,2,2020,18,Riley Herbst #,Tyt,12,4269,75,31.844,169.577,8
4919,2,2020,18,Riley Herbst #,Tyt,12,4269,76,31.2,173.077,8
4919,2,2020,18,Riley Herbst #,Tyt,12,4269,77,31.186,173.155,8
4919,2,2020,18,Riley Herbst #,Tyt,12,4269,78,31.128,173.477,8
4919,2,2020,18,Riley Herbst #,Tyt,12,4269,79,31.205,173.049,8
4919,2,2020,18,Riley Herbst #,Tyt,12,4269,80,31.149,173.360,8
4919,2,2020,18,Riley Herbst #,Tyt,12,4269,81,31.472,171.581,8
4919,2,2020,18,Riley Herbst #,Tyt,12,4269,82,31.454,171.679,8
4919,2,2020,18,Riley Herbst #,Tyt,12,4269,83,31.613,170.816,8
4919,2,2020,18,Riley Herbst #,Tyt,12,4269,84,31.797,169.827,8
4919,2,2020,18,Riley Herbst #,Tyt,12,4269,85,31.619,170.783,8
4919,2,2020,18,Riley Herbst #,Tyt,12,4269,86,31.752,170.068,8
4919,2,2020,18,Riley Herbst #,Tyt,12,4269,87,31.863,169.476,8
4919,2,2020,18,Riley Herbst #,Tyt,12,4269,88,32.227,167.561,8
4919,2,2020,18,Riley Herbst #,Tyt,12,4269,89,32.062,168.424,8
4919,2,2020,18,Riley Herbst #,Tyt,12,4269,90,32.852,164.374,8
4919,2,2020,18,Riley Herbst #,Tyt,12,4269,91,46.881,115.185,8
4919,2,2020,18,Riley Herbst #,Tyt,12,4269,92,78.564,68.734,8
4919,2,2020,18,Riley Herbst #,Tyt,12,4269,93,110.803,48.735,12
4919,2,2020,18,Riley Herbst #,Tyt,12,4269,94,79.882,67.600,7
4919,2,2020,18,Riley Herbst #,Tyt,12,4269,95,91.884,58.770,7
4919,2,2020,18,Riley Herbst #,Tyt,12,4269,96,96.445,55.990,7
4919,2,2020,18,Riley Herbst #,Tyt,12,4269,97,95.142,56.757,6
4919,2,2020,18,Riley Herbst #,Tyt,12,4269,98,93.392,57.821,6
4919,2,2020,18,Riley Herbst #,Tyt,12,4269,99,32.689,165.193,6
4919,2,2020,18,Riley Herbst #,Tyt,12,4269,100,30.463,177.264,6
4919,2,2020,18,Riley Herbst #,Tyt,12,4269,101,30.422,177.503,6
4919,2,2020,18,Riley Herbst #,Tyt,12,4269,102,30.644,176.217,6
4919,2,2020,18,Riley Herbst #,Tyt,12,4269,103,30.657,176.142,6
4919,2,2020,18,Riley Herbst #,Tyt,12,4269,104,30.7,175.896,6
4919,2,2020,18,Riley Herbst #,Tyt,12,4269,105,30.772,175.484,6
4919,2,2020,18,Riley Herbst #,Tyt,12,4269,106,30.879,174.876,6
4919,2,2020,18,Riley Herbst #,Tyt,12,4269,107,30.896,174.780,6
4919,2,2020,18,Riley Herbst #,Tyt,12,4269,108,30.974,174.340,6
4919,2,2020,18,Riley Herbst #,Tyt,12,4269,109,31.023,174.064,6
4919,2,2020,18,Riley Herbst #,Tyt,12,4269,110,30.884,174.848,6
4919,2,2020,18,Riley Herbst #,Tyt,12,4269,111,30.692,175.942,6
4919,2,2020,18,Riley Herbst #,Tyt,12,4269,112,30.872,174.916,6
4919,2,2020,18,Riley Herbst #,Tyt,12,4269,113,30.801,175.319,6
4919,2,2020,18,Riley Herbst #,Tyt,12,4269,114,30.971,174.357,6
4919,2,2020,18,Riley Herbst #,Tyt,12,4269,115,30.932,174.576,6
4919,2,2020,18,Riley Herbst #,Tyt,12,4269,116,30.932,174.576,6
4919,2,2020,18,Riley Herbst #,Tyt,12,4269,117,31.07,173.801,6
4919,2,2020,18,Riley Herbst #,Tyt,12,4269,118,31.305,172.496,7
4919,2,2020,18,Riley Herbst #,Tyt,12,4269,119,30.911,174.695,7
4919,2,2020,18,Riley Herbst #,Tyt,12,4269,120,30.942,174.520,7
4919,2,2020,18,Riley Herbst #,Tyt,12,4269,121,31.167,173.260,7
4919,2,2020,18,Riley Herbst #,Tyt,12,4269,122,31.268,172.701,7
4919,2,2020,18,Riley Herbst #,Tyt,12,4269,123,31.629,170.729,7
4919,2,2020,18,Riley Herbst #,Tyt,12,4269,124,31.607,170.848,7
4919,2,2020,18,Riley Herbst #,Tyt,12,4269,125,31.383,172.068,7
4919,2,2020,18,Riley Herbst #,Tyt,12,4269,126,31.454,171.679,7
4919,2,2020,18,Riley Herbst #,Tyt,12,4269,127,31.287,172.596,7
4919,2,2020,18,Riley Herbst #,Tyt,12,4269,128,31.257,172.761,7
4919,2,2020,18,Riley Herbst #,Tyt,12,4269,129,31.66,170.562,7
4919,2,2020,18,Riley Herbst #,Tyt,12,4269,130,31.675,170.481,8
4919,2,2020,18,Riley Herbst #,Tyt,12,4269,131,31.59,170.940,7
4919,2,2020,18,Riley Herbst #,Tyt,12,4269,132,31.442,171.745,7
4919,2,2020,18,Riley Herbst #,Tyt,12,4269,133,31.405,171.947,7
4919,2,2020,18,Riley Herbst #,Tyt,12,4269,134,31.753,170.063,8
4919,2,2020,18,Riley Herbst #,Tyt,12,4269,135,31.981,168.850,8
4919,2,2020,18,Riley Herbst #,Tyt,12,4269,136,31.8,169.811,8
4919,2,2020,18,Riley Herbst #,Tyt,12,4269,137,31.626,170.746,8
4919,2,2020,18,Riley Herbst #,Tyt,12,4269,138,31.932,169.109,8
4919,2,2020,18,Riley Herbst #,Tyt,12,4269,139,31.947,169.030,8
4919,2,2020,18,Riley Herbst #,Tyt,12,4269,140,31.849,169.550,8
4919,2,2020,18,Riley Herbst #,Tyt,12,4269,141,32.067,168.397,8
4919,2,2020,18,Riley Herbst #,Tyt,12,4269,142,32.077,168.345,8
4919,2,2020,18,Riley Herbst #,Tyt,12,4269,143,31.561,171.097,8
4919,2,2020,18,Riley Herbst #,Tyt,12,4269,144,31.364,172.172,8
4919,2,2020,18,Riley Herbst #,Tyt,12,4269,145,31.426,171.832,8
4919,2,2020,18,Riley Herbst #,Tyt,12,4269,146,63.289,85.323,14
4919,2,2020,18,Riley Herbst #,Tyt,12,4269,147,45.044,119.883,13
4919,2,2020,18,Riley Herbst #,Tyt,12,4269,148,30.854,175.018,11
4919,2,2020,18,Riley Herbst #,Tyt,12,4269,149,31.244,172.833,11
4919,2,2020,18,Riley Herbst #,Tyt,12,4269,150,31.143,173.394,10
4919,2,2020,18,Riley Herbst #,Tyt,12,4269,151,30.81,175.268,8
4919,2,2020,18,Riley Herbst #,Tyt,12,4269,152,30.576,176.609,8
4919,2,2020,18,Riley Herbst #,Tyt,12,4269,153,30.599,176.476,8
4919,2,2020,18,Riley Herbst #,Tyt,12,4269,154,39.558,136.508,7
4919,2,2020,18,Riley Herbst #,Tyt,12,4269,155,89.949,60.034,7
4919,2,2020,18,Riley Herbst #,Tyt,12,4269,156,96.151,56.162,7
4919,2,2020,18,Riley Herbst #,Tyt,12,4269,157,96.041,56.226,7
4919,2,2020,18,Riley Herbst #,Tyt,12,4269,158,96.82,55.774,7
4919,2,2020,18,Riley Herbst #,Tyt,12,4269,159,91.238,59.186,7
4919,2,2020,18,Riley Herbst #,Tyt,12,4269,160,36.87,146.461,7
4919,2,2020,18,Riley Herbst #,Tyt,12,4269,161,79.958,67.535,8
4919,2,2020,18,Riley Herbst #,Tyt,12,4269,162,101.282,53.316,8
4919,2,2020,18,Riley Herbst #,Tyt,12,4269,163,32.963,163.820,9
4919,2,2020,18,Riley Herbst #,Tyt,12,4269,164,31.409,171.925,10
4919,2,2020,18,Riley Herbst #,Tyt,12,4269,165,31.023,174.064,9
4919,2,2020,18,Riley Herbst #,Tyt,12,4269,166,30.991,174.244,9
4919,2,2020,18,Riley Herbst #,Tyt,12,4269,167,31.024,174.059,9
4919,2,2020,18,Riley Herbst #,Tyt,12,4269,168,30.86,174.984,8
4919,2,2020,18,Riley Herbst #,Tyt,12,4269,169,31.072,173.790,8
4919,2,2020,18,Riley Herbst #,Tyt,12,4269,170,30.956,174.441,8
4919,2,2020,18,Riley Herbst #,Tyt,12,4269,171,34.238,157.719,8
4919,2,2020,18,Riley Herbst #,Tyt,12,4269,172,98.45,54.850,12
4919,2,2020,18,Riley Herbst #,Tyt,12,4269,173,85.132,63.431,9
4919,2,2020,18,Riley Herbst #,Tyt,12,4269,174,90.064,59.957,9
4919,2,2020,18,Riley Herbst #,Tyt,12,4269,175,89.536,60.311,8
4919,2,2020,18,Riley Herbst #,Tyt,12,4269,176,39.697,136.030,9
4919,2,2020,18,Riley Herbst #,Tyt,12,4269,177,88.967,60.697,7
4919,2,2020,18,Riley Herbst #,Tyt,12,4269,178,96.112,56.184,7
4919,2,2020,18,Riley Herbst #,Tyt,12,4269,179,96.308,56.070,7
4919,2,2020,18,Riley Herbst #,Tyt,12,4269,180,98.062,55.067,7
4919,2,2020,18,Riley Herbst #,Tyt,12,4269,181,95.137,56.760,7
4919,2,2020,18,Riley Herbst #,Tyt,12,4269,182,104.257,51.795,7
4919,2,2020,18,Riley Herbst #,Tyt,12,4269,183,100.017,53.991,7
4919,2,2020,18,Riley Herbst #,Tyt,12,4269,184,35.81,150.796,5
4919,2,2020,18,Riley Herbst #,Tyt,12,4269,185,82.464,65.483,5
4919,2,2020,18,Riley Herbst #,Tyt,12,4269,186,95.509,56.539,5
4919,2,2020,18,Riley Herbst #,Tyt,12,4269,187,94.569,57.101,5
4919,2,2020,18,Riley Herbst #,Tyt,12,4269,188,89.634,60.245,6
4919,2,2020,18,Riley Herbst #,Tyt,12,4269,189,32.937,163.949,6
4919,2,2020,18,Riley Herbst #,Tyt,12,4269,190,30.471,177.218,6
4919,2,2020,18,Riley Herbst #,Tyt,12,4269,191,30.549,176.765,6
4919,2,2020,18,Riley Herbst #,Tyt,12,4269,192,34.537,156.354,11
4919,2,2020,18,Riley Herbst #,Tyt,12,4269,193,62.936,85.801,13
4919,2,2020,18,Riley Herbst #,Tyt,12,4269,194,171.821,31.428,14
4919,2,2020,18,Riley Herbst #,Tyt,12,4269,195,54.905,98.352,14
4919,2,2020,18,Riley Herbst #,Tyt,12,4269,196,171.103,31.560,15
4919,2,2020,18,Riley Herbst #,Tyt,12,4269,197,62.166,86.864,14
4919,2,2020,18,Riley Herbst #,Tyt,12,4269,198,58.187,92.804,13
4919,2,2020,18,Riley Herbst #,Tyt,12,4269,199,91.433,59.060,12
4919,2,2020,18,Riley Herbst #,Tyt,12,4269,200,86.527,62.408,12
4919,2,2020,18,Riley Herbst #,Tyt,12,4269,201,35.208,153.374,12
4919,2,2020,18,Riley Herbst #,Tyt,12,4269,202,35.121,153.754,12
4919,2,2020,90,Dillon Bassett,Chv,13,4309,0,,,19
4919,2,2020,90,Dillon Bassett,Chv,13,4309,1,35.168,153.549,25
4919,2,2020,90,Dillon Bassett,Chv,13,4309,2,32.106,168.193,24
4919,2,2020,90,Dillon Bassett,Chv,13,4309,3,32.293,167.219,23
4919,2,2020,90,Dillon Bassett,Chv,13,4309,4,37.189,145.204,23
4919,2,2020,90,Dillon Bassett,Chv,13,4309,5,86.677,62.300,22
4919,2,2020,90,Dillon Bassett,Chv,13,4309,6,94.997,56.844,22
4919,2,2020,90,Dillon Bassett,Chv,13,4309,7,86.296,62.575,21
4919,2,2020,90,Dillon Bassett,Chv,13,4309,8,33.722,160.133,20
4919,2,2020,90,Dillon Bassett,Chv,13,4309,9,31.746,170.100,19
4919,2,2020,90,Dillon Bassett,Chv,13,4309,10,32.036,168.560,19
4919,2,2020,90,Dillon Bassett,Chv,13,4309,11,32.117,168.135,20
4919,2,2020,90,Dillon Bassett,Chv,13,4309,12,31.993,168.787,20
4919,2,2020,90,Dillon Bassett,Chv,13,4309,13,32.05,168.487,19
4919,2,2020,90,Dillon Bassett,Chv,13,4309,14,31.948,169.025,20
4919,2,2020,90,Dillon Bassett,Chv,13,4309,15,31.646,170.638,20
4919,2,2020,90,Dillon Bassett,Chv,13,4309,16,31.591,170.935,20
4919,2,2020,90,Dillon Bassett,Chv,13,4309,17,31.773,169.956,20
4919,2,2020,90,Dillon Bassett,Chv,13,4309,18,31.948,169.025,20
4919,2,2020,90,Dillon Bassett,Chv,13,4309,19,32.015,168.671,20
4919,2,2020,90,Dillon Bassett,Chv,13,4309,20,31.912,169.215,19
4919,2,2020,90,Dillon Bassett,Chv,13,4309,21,39.697,136.030,20
4919,2,2020,90,Dillon Bassett,Chv,13,4309,22,74.719,72.271,14
4919,2,2020,90,Dillon Bassett,Chv,13,4309,23,96.294,56.078,13
4919,2,2020,90,Dillon Bassett,Chv,13,4309,24,94.97,56.860,13
4919,2,2020,90,Dillon Bassett,Chv,13,4309,25,91.681,58.900,14
4919,2,2020,90,Dillon Bassett,Chv,13,4309,26,34.318,157.352,17
4919,2,2020,90,Dillon Bassett,Chv,13,4309,27,32.176,167.827,19
4919,2,2020,90,Dillon Bassett,Chv,13,4309,28,35.465,152.263,21
4919,2,2020,90,Dillon Bassett,Chv,13,4309,29,87.562,61.671,21
4919,2,2020,90,Dillon Bassett,Chv,13,4309,30,104.56,51.645,20
4919,2,2020,90,Dillon Bassett,Chv,13,4309,31,102.6,52.632,19
4919,2,2020,90,Dillon Bassett,Chv,13,4309,32,96.399,56.017,17
4919,2,2020,90,Dillon Bassett,Chv,13,4309,33,33.931,159.147,17
4919,2,2020,90,Dillon Bassett,Chv,13,4309,34,31.936,169.088,18
4919,2,2020,90,Dillon Bassett,Chv,13,4309,35,32.204,167.681,21
4919,2,2020,90,Dillon Bassett,Chv,13,4309,36,32.002,168.739,21
4919,2,2020,90,Dillon Bassett,Chv,13,4309,37,32.102,168.214,23
4919,2,2020,90,Dillon Bassett,Chv,13,4309,38,32.03,168.592,22
4919,2,2020,90,Dillon Bassett,Chv,13,4309,39,32.052,168.476,22
4919,2,2020,90,Dillon Bassett,Chv,13,4309,40,32.177,167.822,22
4919,2,2020,90,Dillon Bassett,Chv,13,4309,41,31.98,168.856,22
4919,2,2020,90,Dillon Bassett,Chv,13,4309,42,32.042,168.529,22
4919,2,2020,90,Dillon Bassett,Chv,13,4309,43,32.004,168.729,22
4919,2,2020,90,Dillon Bassett,Chv,13,4309,44,32.025,168.618,22
4919,2,2020,90,Dillon Bassett,Chv,13,4309,45,32.528,166.011,22
4919,2,2020,90,Dillon Bassett,Chv,13,4309,46,48.116,112.229,22
4919,2,2020,90,Dillon Bassett,Chv,13,4309,47,69.875,77.281,22
4919,2,2020,90,Dillon Bassett,Chv,13,4309,48,117.677,45.888,25
4919,2,2020,90,Dillon Bassett,Chv,13,4309,49,74.144,72.831,17
4919,2,2020,90,Dillon Bassett,Chv,13,4309,50,96.168,56.152,17
4919,2,2020,90,Dillon Bassett,Chv,13,4309,51,112.999,47.788,32
4919,2,2020,90,Dillon Bassett,Chv,13,4309,52,71.825,75.183,32
4919,2,2020,90,Dillon Bassett,Chv,13,4309,53,33.842,159.565,30
4919,2,2020,90,Dillon Bassett,Chv,13,4309,54,31.349,172.254,28
4919,2,2020,90,Dillon Bassett,Chv,13,4309,55,31.527,171.282,27
4919,2,2020,90,Dillon Bassett,Chv,13,4309,56,31.636,170.692,26
4919,2,2020,90,Dillon Bassett,Chv,13,4309,57,31.496,171.450,24
4919,2,2020,90,Dillon Bassett,Chv,13,4309,58,31.768,169.982,24
4919,2,2020,90,Dillon Bassett,Chv,13,4309,59,31.708,170.304,23
4919,2,2020,90,Dillon Bassett,Chv,13,4309,60,31.848,169.555,24
4919,2,2020,90,Dillon Bassett,Chv,13,4309,61,31.593,170.924,24
4919,2,2020,90,Dillon Bassett,Chv,13,4309,62,31.713,170.277,24
4919,2,2020,90,Dillon Bassett,Chv,13,4309,63,31.842,169.587,23
4919,2,2020,90,Dillon Bassett,Chv,13,4309,64,31.973,168.893,23
4919,2,2020,90,Dillon Bassett,Chv,13,4309,65,32.238,167.504,24
4919,2,2020,90,Dillon Bassett,Chv,13,4309,66,31.889,169.337,24
4919,2,2020,90,Dillon Bassett,Chv,13,4309,67,32.069,168.387,24
4919,2,2020,90,Dillon Bassett,Chv,13,4309,68,31.454,171.679,24
4919,2,2020,90,Dillon Bassett,Chv,13,4309,69,31.656,170.584,24
4919,2,2020,90,Dillon Bassett,Chv,13,4309,70,32.79,164.684,24
4919,2,2020,90,Dillon Bassett,Chv,13,4309,71,32.145,167.989,24
4919,2,2020,90,Dillon Bassett,Chv,13,4309,72,31.928,169.131,24
4919,2,2020,90,Dillon Bassett,Chv,13,4309,73,31.89,169.332,24
4919,2,2020,90,Dillon Bassett,Chv,13,4309,74,31.934,169.099,24
4919,2,2020,90,Dillon Bassett,Chv,13,4309,75,32.018,168.655,24
4919,2,2020,90,Dillon Bassett,Chv,13,4309,76,32.008,168.708,23
4919,2,2020,90,Dillon Bassett,Chv,13,4309,77,32.365,166.847,23
4919,2,2020,90,Dillon Bassett,Chv,13,4309,78,32.038,168.550,23
4919,2,2020,90,Dillon Bassett,Chv,13,4309,79,32.148,167.973,23
4919,2,2020,90,Dillon Bassett,Chv,13,4309,80,32.125,168.093,23
4919,2,2020,90,Dillon Bassett,Chv,13,4309,81,32.067,168.397,23
4919,2,2020,90,Dillon Bassett,Chv,13,4309,82,32.314,167.110,23
4919,2,2020,90,Dillon Bassett,Chv,13,4309,83,32.391,166.713,23
4919,2,2020,90,Dillon Bassett,Chv,13,4309,84,32.138,168.025,23
4919,2,2020,90,Dillon Bassett,Chv,13,4309,85,32.206,167.671,23
4919,2,2020,90,Dillon Bassett,Chv,13,4309,86,32.217,167.613,23
4919,2,2020,90,Dillon Bassett,Chv,13,4309,87,32.416,166.584,23
4919,2,2020,90,Dillon Bassett,Chv,13,4309,88,32.371,166.816,23
4919,2,2020,90,Dillon Bassett,Chv,13,4309,89,32.442,166.451,23
4919,2,2020,90,Dillon Bassett,Chv,13,4309,90,47.018,114.850,23
4919,2,2020,90,Dillon Bassett,Chv,13,4309,91,79.882,67.600,23
4919,2,2020,90,Dillon Bassett,Chv,13,4309,92,91.632,58.931,23
4919,2,2020,90,Dillon Bassett,Chv,13,4309,93,122.48,44.089,26
4919,2,2020,90,Dillon Bassett,Chv,13,4309,94,80.848,66.792,23
4919,2,2020,90,Dillon Bassett,Chv,13,4309,95,95.594,56.489,23
4919,2,2020,90,Dillon Bassett,Chv,13,4309,96,92.17,58.587,22
4919,2,2020,90,Dillon Bassett,Chv,13,4309,97,88.37,61.107,21
4919,2,2020,90,Dillon Bassett,Chv,13,4309,98,33.967,158.978,21
4919,2,2020,90,Dillon Bassett,Chv,13,4309,99,31.445,171.728,21
4919,2,2020,90,Dillon Bassett,Chv,13,4309,100,31.153,173.338,20
4919,2,2020,90,Dillon Bassett,Chv,13,4309,101,31.07,173.801,20
4919,2,2020,90,Dillon Bassett,Chv,13,4309,102,31.302,172.513,19
4919,2,2020,90,Dillon Bassett,Chv,13,4309,103,31.099,173.639,19
4919,2,2020,90,Dillon Bassett,Chv,13,4309,104,31.161,173.294,19
4919,2,2020,90,Dillon Bassett,Chv,13,4309,105,31.136,173.433,19
4919,2,2020,90,Dillon Bassett,Chv,13,4309,106,31.1,173.633,19
4919,2,2020,90,Dillon Bassett,Chv,13,4309,107,31.19,173.132,19
4919,2,2020,90,Dillon Bassett,Chv,13,4309,108,31.253,172.783,19
4919,2,2020,90,Dillon Bassett,Chv,13,4309,109,31.092,173.678,19
4919,2,2020,90,Dillon Bassett,Chv,13,4309,110,31.25,172.800,19
4919,2,2020,90,Dillon Bassett,Chv,13,4309,111,31.349,172.254,19
4919,2,2020,90,Dillon Bassett,Chv,13,4309,112,31.328,172.370,19
4919,2,2020,90,Dillon Bassett,Chv,13,4309,113,31.47,171.592,19
4919,2,2020,90,Dillon Bassett,Chv,13,4309,114,31.4,171.975,19
4919,2,2020,90,Dillon Bassett,Chv,13,4309,115,31.44,171.756,19
4919,2,2020,90,Dillon Bassett,Chv,13,4309,116,31.454,171.679,19
4919,2,2020,90,Dillon Bassett,Chv,13,4309,117,31.627,170.740,19
4919,2,2020,90,Dillon Bassett,Chv,13,4309,118,31.61,170.832,19
4919,2,2020,90,Dillon Bassett,Chv,13,4309,119,31.439,171.761,19
4919,2,2020,90,Dillon Bassett,Chv,13,4309,120,31.373,172.123,19
4919,2,2020,90,Dillon Bassett,Chv,13,4309,121,31.407,171.936,19
4919,2,2020,90,Dillon Bassett,Chv,13,4309,122,31.566,171.070,19
4919,2,2020,90,Dillon Bassett,Chv,13,4309,123,31.831,169.646,19
4919,2,2020,90,Dillon Bassett,Chv,13,4309,124,31.71,170.293,19
4919,2,2020,90,Dillon Bassett,Chv,13,4309,125,31.757,170.041,19
4919,2,2020,90,Dillon Bassett,Chv,13,4309,126,31.746,170.100,19
4919,2,2020,90,Dillon Bassett,Chv,13,4309,127,31.932,169.109,19
4919,2,2020,90,Dillon Bassett,Chv,13,4309,128,31.847,169.561,19
4919,2,2020,90,Dillon Bassett,Chv,13,4309,129,31.79,169.865,19
4919,2,2020,90,Dillon Bassett,Chv,13,4309,130,31.891,169.327,19
4919,2,2020,90,Dillon Bassett,Chv,13,4309,131,31.82,169.705,19
4919,2,2020,90,Dillon Bassett,Chv,13,4309,132,31.9,169.279,19
4919,2,2020,90,Dillon Bassett,Chv,13,4309,133,31.948,169.025,19
4919,2,2020,90,Dillon Bassett,Chv,13,4309,134,31.934,169.099,19
4919,2,2020,90,Dillon Bassett,Chv,13,4309,135,32.042,168.529,19
4919,2,2020,90,Dillon Bassett,Chv,13,4309,136,32.093,168.261,19
4919,2,2020,90,Dillon Bassett,Chv,13,4309,137,32.129,168.072,19
4919,2,2020,90,Dillon Bassett,Chv,13,4309,138,32.271,167.333,19
4919,2,2020,90,Dillon Bassett,Chv,13,4309,139,32.244,167.473,19
4919,2,2020,90,Dillon Bassett,Chv,13,4309,140,32.675,165.264,19
4919,2,2020,90,Dillon Bassett,Chv,13,4309,141,32.253,167.426,19
4919,2,2020,90,Dillon Bassett,Chv,13,4309,142,32.381,166.764,19
4919,2,2020,90,Dillon Bassett,Chv,13,4309,143,32.621,165.538,19
4919,2,2020,90,Dillon Bassett,Chv,13,4309,144,32.229,167.551,19
4919,2,2020,90,Dillon Bassett,Chv,13,4309,145,32.353,166.909,19
4919,2,2020,90,Dillon Bassett,Chv,13,4309,146,32.684,165.218,19
4919,2,2020,90,Dillon Bassett,Chv,13,4309,147,68.663,78.645,27
4919,2,2020,90,Dillon Bassett,Chv,13,4309,148,49.88,108.260,23
4919,2,2020,90,Dillon Bassett,Chv,13,4309,149,32.369,166.826,22
4919,2,2020,90,Dillon Bassett,Chv,13,4309,150,31.93,169.120,21
4919,2,2020,90,Dillon Bassett,Chv,13,4309,151,31.794,169.843,21
4919,2,2020,90,Dillon Bassett,Chv,13,4309,152,41.13,131.291,19
4919,2,2020,90,Dillon Bassett,Chv,13,4309,153,85.437,63.204,19
4919,2,2020,90,Dillon Bassett,Chv,13,4309,154,96.486,55.967,19
4919,2,2020,90,Dillon Bassett,Chv,13,4309,155,94.074,57.402,19
4919,2,2020,90,Dillon Bassett,Chv,13,4309,156,97.526,55.370,19
4919,2,2020,90,Dillon Bassett,Chv,13,4309,157,91.222,59.196,19
4919,2,2020,90,Dillon Bassett,Chv,13,4309,158,38.307,140.966,19
4919,2,2020,90,Dillon Bassett,Chv,13,4309,159,76.212,70.855,17
4919,2,2020,90,Dillon Bassett,Chv,13,4309,160,100.415,53.777,17
4919,2,2020,90,Dillon Bassett,Chv,13,4309,161,33.915,159.222,18
4919,2,2020,90,Dillon Bassett,Chv,13,4309,162,32.001,168.745,18
4919,2,2020,90,Dillon Bassett,Chv,13,4309,163,31.415,171.892,18
4919,2,2020,90,Dillon Bassett,Chv,13,4309,164,31.314,172.447,18
4919,2,2020,90,Dillon Bassett,Chv,13,4309,165,31.663,170.546,18
4919,2,2020,90,Dillon Bassett,Chv,13,4309,166,31.398,171.985,18
4919,2,2020,90,Dillon Bassett,Chv,13,4309,167,31.458,171.657,18
4919,2,2020,90,Dillon Bassett,Chv,13,4309,168,31.609,170.837,18
4919,2,2020,90,Dillon Bassett,Chv,13,4309,169,35.612,151.634,18
4919,2,2020,90,Dillon Bassett,Chv,13,4309,170,73.3,73.670,18
4919,2,2020,90,Dillon Bassett,Chv,13,4309,171,96.03,56.232,18
4919,2,2020,90,Dillon Bassett,Chv,13,4309,172,97.956,55.127,18
4919,2,2020,90,Dillon Bassett,Chv,13,4309,173,90.637,59.578,19
4919,2,2020,90,Dillon Bassett,Chv,13,4309,174,43.097,125.299,20
4919,2,2020,90,Dillon Bassett,Chv,13,4309,175,90.358,59.762,20
4919,2,2020,90,Dillon Bassett,Chv,13,4309,176,96.403,56.015,20
4919,2,2020,90,Dillon Bassett,Chv,13,4309,177,97.357,55.466,18
4919,2,2020,90,Dillon Bassett,Chv,13,4309,178,95.464,56.566,18
4919,2,2020,90,Dillon Bassett,Chv,13,4309,179,96.188,56.140,18
4919,2,2020,90,Dillon Bassett,Chv,13,4309,180,102.966,52.444,18
4919,2,2020,90,Dillon Bassett,Chv,13,4309,181,96.837,55.764,18
4919,2,2020,90,Dillon Bassett,Chv,13,4309,182,38.373,140.724,18
4919,2,2020,90,Dillon Bassett,Chv,13,4309,183,82.685,65.308,18
4919,2,2020,90,Dillon Bassett,Chv,13,4309,184,97.069,55.631,17
4919,2,2020,90,Dillon Bassett,Chv,13,4309,185,92.326,58.488,17
4919,2,2020,90,Dillon Bassett,Chv,13,4309,186,87.352,61.819,17
4919,2,2020,90,Dillon Bassett,Chv,13,4309,187,33.284,162.240,16
4919,2,2020,90,Dillon Bassett,Chv,13,4309,188,31.434,171.789,16
4919,2,2020,90,Dillon Bassett,Chv,13,4309,189,31.606,170.854,16
4919,2,2020,90,Dillon Bassett,Chv,13,4309,190,32.649,165.396,16
4919,2,2020,90,Dillon Bassett,Chv,13,4309,191,48.903,110.423,16
4919,2,2020,90,Dillon Bassett,Chv,13,4309,192,90.617,59.591,16
4919,2,2020,90,Dillon Bassett,Chv,13,4309,193,102.59,52.637,16
4919,2,2020,90,Dillon Bassett,Chv,13,4309,194,107.139,50.402,16
4919,2,2020,90,Dillon Bassett,Chv,13,4309,195,41.203,131.058,16
4919,2,2020,90,Dillon Bassett,Chv,13,4309,196,84.731,63.731,16
4919,2,2020,90,Dillon Bassett,Chv,13,4309,197,93.982,57.458,15
4919,2,2020,90,Dillon Bassett,Chv,13,4309,198,92.411,58.435,14
4919,2,2020,90,Dillon Bassett,Chv,13,4309,199,95.094,56.786,13
4919,2,2020,90,Dillon Bassett,Chv,13,4309,200,33.495,161.218,13
4919,2,2020,90,Dillon Bassett,Chv,13,4309,201,32.082,168.319,13
4919,2,2020,92,Josh Williams,Chv,14,4106,0,,,21
4919,2,2020,92,Josh Williams,Chv,14,4106,1,34.598,156.078,21
4919,2,2020,92,Josh Williams,Chv,14,4106,2,32.349,166.929,23
4919,2,2020,92,Josh Williams,Chv,14,4106,3,32.19,167.754,22
4919,2,2020,92,Josh Williams,Chv,14,4106,4,36.456,148.124,22
4919,2,2020,92,Josh Williams,Chv,14,4106,5,86.704,62.281,21
4919,2,2020,92,Josh Williams,Chv,14,4106,6,95.348,56.635,21
4919,2,2020,92,Josh Williams,Chv,14,4106,7,86.925,62.123,22
4919,2,2020,92,Josh Williams,Chv,14,4106,8,34.013,158.763,23
4919,2,2020,92,Josh Williams,Chv,14,4106,9,32.177,167.822,22
4919,2,2020,92,Josh Williams,Chv,14,4106,10,32.028,168.602,23
4919,2,2020,92,Josh Williams,Chv,14,4106,11,32.019,168.650,23
4919,2,2020,92,Josh Williams,Chv,14,4106,12,32.413,166.600,23
4919,2,2020,92,Josh Williams,Chv,14,4106,13,32.383,166.754,22
4919,2,2020,92,Josh Williams,Chv,14,4106,14,32.793,164.669,24
4919,2,2020,92,Josh Williams,Chv,14,4106,15,32.193,167.738,24
4919,2,2020,92,Josh Williams,Chv,14,4106,16,32.005,168.724,24
4919,2,2020,92,Josh Williams,Chv,14,4106,17,31.903,169.263,23
4919,2,2020,92,Josh Williams,Chv,14,4106,18,32.092,168.266,23
4919,2,2020,92,Josh Williams,Chv,14,4106,19,32.338,166.986,24
4919,2,2020,92,Josh Williams,Chv,14,4106,20,31.977,168.871,24
4919,2,2020,92,Josh Williams,Chv,14,4106,21,38.974,138.554,24
4919,2,2020,92,Josh Williams,Chv,14,4106,22,78.944,68.403,23
4919,2,2020,92,Josh Williams,Chv,14,4106,23,95.125,56.767,22
4919,2,2020,92,Josh Williams,Chv,14,4106,24,94.124,57.371,22
4919,2,2020,92,Josh Williams,Chv,14,4106,25,87.379,61.800,24
4919,2,2020,92,Josh Williams,Chv,14,4106,26,34.059,158.548,25
4919,2,2020,92,Josh Williams,Chv,14,4106,27,32.359,166.878,26
4919,2,2020,92,Josh Williams,Chv,14,4106,28,35.948,150.217,26
4919,2,2020,92,Josh Williams,Chv,14,4106,29,88.62,60.934,26
4919,2,2020,92,Josh Williams,Chv,14,4106,30,104.501,51.674,25
4919,2,2020,92,Josh Williams,Chv,14,4106,31,102.478,52.694,24
4919,2,2020,92,Josh Williams,Chv,14,4106,32,94.54,57.119,23
4919,2,2020,92,Josh Williams,Chv,14,4106,33,33.907,159.259,20
4919,2,2020,92,Josh Williams,Chv,14,4106,34,31.744,170.111,20
4919,2,2020,92,Josh Williams,Chv,14,4106,35,31.727,170.202,19
4919,2,2020,92,Josh Williams,Chv,14,4106,36,31.83,169.651,19
4919,2,2020,92,Josh Williams,Chv,14,4106,37,32.007,168.713,19
4919,2,2020,92,Josh Williams,Chv,14,4106,38,31.987,168.819,20
4919,2,2020,92,Josh Williams,Chv,14,4106,39,31.946,169.035,19
4919,2,2020,92,Josh Williams,Chv,14,4106,40,31.672,170.498,19
4919,2,2020,92,Josh Williams,Chv,14,4106,41,31.72,170.240,19
4919,2,2020,92,Josh Williams,Chv,14,4106,42,31.769,169.977,19
4919,2,2020,92,Josh Williams,Chv,14,4106,43,31.84,169.598,19
4919,2,2020,92,Josh Williams,Chv,14,4106,44,32.093,168.261,20
4919,2,2020,92,Josh Williams,Chv,14,4106,45,32.21,167.650,19
4919,2,2020,92,Josh Williams,Chv,14,4106,46,48.0,112.500,19
4919,2,2020,92,Josh Williams,Chv,14,4106,47,70.097,77.036,19
4919,2,2020,92,Josh Williams,Chv,14,4106,48,95.824,56.353,12
4919,2,2020,92,Josh Williams,Chv,14,4106,49,91.245,59.181,7
4919,2,2020,92,Josh Williams,Chv,14,4106,50,97.377,55.455,7
4919,2,2020,92,Josh Williams,Chv,14,4106,51,95.156,56.749,8
4919,2,2020,92,Josh Williams,Chv,14,4106,52,92.92,58.115,8
4919,2,2020,92,Josh Williams,Chv,14,4106,53,34.227,157.770,13
4919,2,2020,92,Josh Williams,Chv,14,4106,54,31.576,171.016,13
4919,2,2020,92,Josh Williams,Chv,14,4106,55,31.632,170.713,14
4919,2,2020,92,Josh Williams,Chv,14,4106,56,31.397,171.991,14
4919,2,2020,92,Josh Williams,Chv,14,4106,57,31.445,171.728,14
4919,2,2020,92,Josh Williams,Chv,14,4106,58,31.63,170.724,15
4919,2,2020,92,Josh Williams,Chv,14,4106,59,31.928,169.131,16
4919,2,2020,92,Josh Williams,Chv,14,4106,60,31.673,170.492,16
4919,2,2020,92,Josh Williams,Chv,14,4106,61,31.482,171.527,16
4919,2,2020,92,Josh Williams,Chv,14,4106,62,31.604,170.864,16
4919,2,2020,92,Josh Williams,Chv,14,4106,63,31.756,170.047,16
4919,2,2020,92,Josh Williams,Chv,14,4106,64,31.498,171.439,16
4919,2,2020,92,Josh Williams,Chv,14,4106,65,31.745,170.106,16
4919,2,2020,92,Josh Williams,Chv,14,4106,66,31.783,169.902,16
4919,2,2020,92,Josh Williams,Chv,14,4106,67,31.765,169.998,17
4919,2,2020,92,Josh Williams,Chv,14,4106,68,32.697,165.153,19
4919,2,2020,92,Josh Williams,Chv,14,4106,69,32.565,165.822,19
4919,2,2020,92,Josh Williams,Chv,14,4106,70,32.143,167.999,19
4919,2,2020,92,Josh Williams,Chv,14,4106,71,31.969,168.914,19
4919,2,2020,92,Josh Williams,Chv,14,4106,72,32.011,168.692,19
4919,2,2020,92,Josh Williams,Chv,14,4106,73,32.152,167.952,19
4919,2,2020,92,Josh Williams,Chv,14,4106,74,32.488,166.215,20
4919,2,2020,92,Josh Williams,Chv,14,4106,75,32.089,168.282,20
4919,2,2020,92,Josh Williams,Chv,14,4106,76,32.061,168.429,20
4919,2,2020,92,Josh Williams,Chv,14,4106,77,31.983,168.840,20
4919,2,2020,92,Josh Williams,Chv,14,4106,78,31.985,168.829,20
4919,2,2020,92,Josh Williams,Chv,14,4106,79,32.056,168.455,20
4919,2,2020,92,Josh Williams,Chv,14,4106,80,32.039,168.545,20
4919,2,2020,92,Josh Williams,Chv,14,4106,81,31.904,169.258,20
4919,2,2020,92,Josh Williams,Chv,14,4106,82,31.982,168.845,20
4919,2,2020,92,Josh Williams,Chv,14,4106,83,31.95,169.014,20
4919,2,2020,92,Josh Williams,Chv,14,4106,84,32.096,168.245,20
4919,2,2020,92,Josh Williams,Chv,14,4106,85,32.274,167.317,20
4919,2,2020,92,Josh Williams,Chv,14,4106,86,32.169,167.863,20
4919,2,2020,92,Josh Williams,Chv,14,4106,87,32.319,167.084,20
4919,2,2020,92,Josh Williams,Chv,14,4106,88,32.326,167.048,20
4919,2,2020,92,Josh Williams,Chv,14,4106,89,32.28,167.286,20
4919,2,2020,92,Josh Williams,Chv,14,4106,90,46.576,115.940,20
4919,2,2020,92,Josh Williams,Chv,14,4106,91,80.873,66.771,20
4919,2,2020,92,Josh Williams,Chv,14,4106,92,92.022,58.682,20
4919,2,2020,92,Josh Williams,Chv,14,4106,93,98.325,54.920,21
4919,2,2020,92,Josh Williams,Chv,14,4106,94,109.391,49.364,26
4919,2,2020,92,Josh Williams,Chv,14,4106,95,94.94,56.878,26
4919,2,2020,92,Josh Williams,Chv,14,4106,96,92.147,58.602,25
4919,2,2020,92,Josh Williams,Chv,14,4106,97,87.24,61.898,25
4919,2,2020,92,Josh Williams,Chv,14,4106,98,34.072,158.488,23
4919,2,2020,92,Josh Williams,Chv,14,4106,99,31.425,171.838,22
4919,2,2020,92,Josh Williams,Chv,14,4106,100,31.177,173.205,22
4919,2,2020,92,Josh Williams,Chv,14,4106,101,31.293,172.563,22
4919,2,2020,92,Josh Williams,Chv,14,4106,102,31.287,172.596,22
4919,2,2020,92,Josh Williams,Chv,14,4106,103,31.34,172.304,22
4919,2,2020,92,Josh Williams,Chv,14,4106,104,31.38,172.084,22
4919,2,2020,92,Josh Williams,Chv,14,4106,105,31.752,170.068,21
4919,2,2020,92,Josh Williams,Chv,14,4106,106,31.538,171.222,21
4919,2,2020,92,Josh Williams,Chv,14,4106,107,31.646,170.638,21
4919,2,2020,92,Josh Williams,Chv,14,4106,108,31.803,169.795,22
4919,2,2020,92,Josh Williams,Chv,14,4106,109,32.034,168.571,23
4919,2,2020,92,Josh Williams,Chv,14,4106,110,31.948,169.025,23
4919,2,2020,92,Josh Williams,Chv,14,4106,111,31.532,171.255,23
4919,2,2020,92,Josh Williams,Chv,14,4106,112,31.521,171.314,23
4919,2,2020,92,Josh Williams,Chv,14,4106,113,31.875,169.412,23
4919,2,2020,92,Josh Williams,Chv,14,4106,114,31.68,170.455,23
4919,2,2020,92,Josh Williams,Chv,14,4106,115,31.719,170.245,22
4919,2,2020,92,Josh Williams,Chv,14,4106,116,31.844,169.577,22
4919,2,2020,92,Josh Williams,Chv,14,4106,117,31.914,169.205,22
4919,2,2020,92,Josh Williams,Chv,14,4106,118,32.35,166.924,23
4919,2,2020,92,Josh Williams,Chv,14,4106,119,31.754,170.057,23
4919,2,2020,92,Josh Williams,Chv,14,4106,120,31.891,169.327,23
4919,2,2020,92,Josh Williams,Chv,14,4106,121,32.135,168.041,23
4919,2,2020,92,Josh Williams,Chv,14,4106,122,31.892,169.321,23
4919,2,2020,92,Josh Williams,Chv,14,4106,123,31.921,169.168,23
4919,2,2020,92,Josh Williams,Chv,14,4106,124,32.044,168.518,23
4919,2,2020,92,Josh Williams,Chv,14,4106,125,32.275,167.312,23
4919,2,2020,92,Josh Williams,Chv,14,4106,126,32.187,167.770,23
4919,2,2020,92,Josh Williams,Chv,14,4106,127,32.06,168.434,23
4919,2,2020,92,Josh Williams,Chv,14,4106,128,32.377,166.785,23
4919,2,2020,92,Josh Williams,Chv,14,4106,129,32.22,167.598,23
4919,2,2020,92,Josh Williams,Chv,14,4106,130,32.289,167.240,23
4919,2,2020,92,Josh Williams,Chv,14,4106,131,32.295,167.209,23
4919,2,2020,92,Josh Williams,Chv,14,4106,132,32.356,166.893,23
4919,2,2020,92,Josh Williams,Chv,14,4106,133,32.294,167.214,23
4919,2,2020,92,Josh Williams,Chv,14,4106,134,32.332,167.017,23
4919,2,2020,92,Josh Williams,Chv,14,4106,135,32.266,167.359,23
4919,2,2020,92,Josh Williams,Chv,14,4106,136,32.622,165.532,23
4919,2,2020,92,Josh Williams,Chv,14,4106,137,32.719,165.042,23
4919,2,2020,92,Josh Williams,Chv,14,4106,138,32.502,166.144,23
4919,2,2020,92,Josh Williams,Chv,14,4106,139,32.594,165.675,23
4919,2,2020,92,Josh Williams,Chv,14,4106,140,32.485,166.231,23
4919,2,2020,92,Josh Williams,Chv,14,4106,141,32.452,166.400,23
4919,2,2020,92,Josh Williams,Chv,14,4106,142,32.653,165.375,23
4919,2,2020,92,Josh Williams,Chv,14,4106,143,32.593,165.680,23
4919,2,2020,92,Josh Williams,Chv,14,4106,144,45.392,118.964,28
4919,2,2020,92,Josh Williams,Chv,14,4106,145,76.119,70.942,30
4919,2,2020,92,Josh Williams,Chv,14,4106,146,31.317,172.430,28
4919,2,2020,92,Josh Williams,Chv,14,4106,147,30.911,174.695,28
4919,2,2020,92,Josh Williams,Chv,14,4106,148,30.999,174.199,27
4919,2,2020,92,Josh Williams,Chv,14,4106,149,31.207,173.038,24
4919,2,2020,92,Josh Williams,Chv,14,4106,150,31.081,173.740,24
4919,2,2020,92,Josh Williams,Chv,14,4106,151,34.675,155.732,23
4919,2,2020,92,Josh Williams,Chv,14,4106,152,46.985,114.930,22
4919,2,2020,92,Josh Williams,Chv,14,4106,153,70.455,76.645,22
4919,2,2020,92,Josh Williams,Chv,14,4106,154,96.142,56.167,22
4919,2,2020,92,Josh Williams,Chv,14,4106,155,92.923,58.113,22
4919,2,2020,92,Josh Williams,Chv,14,4106,156,95.98,56.262,22
4919,2,2020,92,Josh Williams,Chv,14,4106,157,90.67,59.557,22
4919,2,2020,92,Josh Williams,Chv,14,4106,158,41.021,131.640,22
4919,2,2020,92,Josh Williams,Chv,14,4106,159,73.891,73.081,20
4919,2,2020,92,Josh Williams,Chv,14,4106,160,98.004,55.100,21
4919,2,2020,92,Josh Williams,Chv,14,4106,161,33.786,159.830,21
4919,2,2020,92,Josh Williams,Chv,14,4106,162,31.724,170.218,22
4919,2,2020,92,Josh Williams,Chv,14,4106,163,31.746,170.100,22
4919,2,2020,92,Josh Williams,Chv,14,4106,164,31.953,168.998,22
4919,2,2020,92,Josh Williams,Chv,14,4106,165,31.658,170.573,22
4919,2,2020,92,Josh Williams,Chv,14,4106,166,32.06,168.434,22
4919,2,2020,92,Josh Williams,Chv,14,4106,167,31.929,169.125,22
4919,2,2020,92,Josh Williams,Chv,14,4106,168,31.798,169.822,22
4919,2,2020,92,Josh Williams,Chv,14,4106,169,35.398,152.551,21
4919,2,2020,92,Josh Williams,Chv,14,4106,170,71.799,75.210,21
4919,2,2020,92,Josh Williams,Chv,14,4106,171,96.282,56.085,20
4919,2,2020,92,Josh Williams,Chv,14,4106,172,97.987,55.109,20
4919,2,2020,92,Josh Williams,Chv,14,4106,173,89.052,60.639,20
4919,2,2020,92,Josh Williams,Chv,14,4106,174,42.448,127.214,19
4919,2,2020,92,Josh Williams,Chv,14,4106,175,89.749,60.168,19
4919,2,2020,92,Josh Williams,Chv,14,4106,176,96.222,56.120,19
4919,2,2020,92,Josh Williams,Chv,14,4106,177,96.78,55.797,17
4919,2,2020,92,Josh Williams,Chv,14,4106,178,96.174,56.148,17
4919,2,2020,92,Josh Williams,Chv,14,4106,179,95.435,56.583,17
4919,2,2020,92,Josh Williams,Chv,14,4106,180,104.267,51.790,17
4919,2,2020,92,Josh Williams,Chv,14,4106,181,97.376,55.455,17
4919,2,2020,92,Josh Williams,Chv,14,4106,182,38.099,141.736,17
4919,2,2020,92,Josh Williams,Chv,14,4106,183,82.856,65.173,17
4919,2,2020,92,Josh Williams,Chv,14,4106,184,96.264,56.096,16
4919,2,2020,92,Josh Williams,Chv,14,4106,185,92.693,58.257,16
4919,2,2020,92,Josh Williams,Chv,14,4106,186,87.971,61.384,16
4919,2,2020,92,Josh Williams,Chv,14,4106,187,33.408,161.638,17
4919,2,2020,92,Josh Williams,Chv,14,4106,188,31.912,169.215,17
4919,2,2020,92,Josh Williams,Chv,14,4106,189,31.505,171.401,17
4919,2,2020,92,Josh Williams,Chv,14,4106,190,32.666,165.309,17
4919,2,2020,92,Josh Williams,Chv,14,4106,191,49.134,109.904,17
4919,2,2020,92,Josh Williams,Chv,14,4106,192,90.458,59.696,17
4919,2,2020,92,Josh Williams,Chv,14,4106,193,102.269,52.802,17
4919,2,2020,92,Josh Williams,Chv,14,4106,194,107.016,50.460,17
4919,2,2020,92,Josh Williams,Chv,14,4106,195,41.867,128.980,17
4919,2,2020,92,Josh Williams,Chv,14,4106,196,84.292,64.063,17
4919,2,2020,92,Josh Williams,Chv,14,4106,197,94.372,57.220,16
4919,2,2020,92,Josh Williams,Chv,14,4106,198,92.318,58.493,15
4919,2,2020,92,Josh Williams,Chv,14,4106,199,94.623,57.069,14
4919,2,2020,92,Josh Williams,Chv,14,4106,200,33.468,161.348,14
4919,2,2020,92,Josh Williams,Chv,14,4106,201,32.324,167.059,14
4919,2,2020,4,Jesse Little #,Chv,15,4150,0,,,34
4919,2,2020,4,Jesse Little #,Chv,15,4150,1,34.998,154.295,32
4919,2,2020,4,Jesse Little #,Chv,15,4150,2,32.702,165.128,32
4919,2,2020,4,Jesse Little #,Chv,15,4150,3,32.101,168.219,31
4919,2,2020,4,Jesse Little #,Chv,15,4150,4,38.974,138.554,30
4919,2,2020,4,Jesse Little #,Chv,15,4150,5,86.995,62.073,29
4919,2,2020,4,Jesse Little #,Chv,15,4150,6,95.318,56.652,29
4919,2,2020,4,Jesse Little #,Chv,15,4150,7,82.881,65.154,29
4919,2,2020,4,Jesse Little #,Chv,15,4150,8,34.073,158.483,29
4919,2,2020,4,Jesse Little #,Chv,15,4150,9,32.124,168.099,28
4919,2,2020,4,Jesse Little #,Chv,15,4150,10,32.293,167.219,28
4919,2,2020,4,Jesse Little #,Chv,15,4150,11,32.125,168.093,28
4919,2,2020,4,Jesse Little #,Chv,15,4150,12,32.213,167.634,30
4919,2,2020,4,Jesse Little #,Chv,15,4150,13,32.318,167.090,30
4919,2,2020,4,Jesse Little #,Chv,15,4150,14,32.368,166.831,30
4919,2,2020,4,Jesse Little #,Chv,15,4150,15,32.539,165.955,30
4919,2,2020,4,Jesse Little #,Chv,15,4150,16,32.457,166.374,30
4919,2,2020,4,Jesse Little #,Chv,15,4150,17,32.618,165.553,29
4919,2,2020,4,Jesse Little #,Chv,15,4150,18,32.324,167.059,29
4919,2,2020,4,Jesse Little #,Chv,15,4150,19,32.102,168.214,28
4919,2,2020,4,Jesse Little #,Chv,15,4150,20,32.072,168.371,28
4919,2,2020,4,Jesse Little #,Chv,15,4150,21,40.761,132.480,28
4919,2,2020,4,Jesse Little #,Chv,15,4150,22,70.774,76.299,19
4919,2,2020,4,Jesse Little #,Chv,15,4150,23,94.922,56.889,15
4919,2,2020,4,Jesse Little #,Chv,15,4150,24,94.367,57.223,15
4919,2,2020,4,Jesse Little #,Chv,15,4150,25,90.78,59.484,17
4919,2,2020,4,Jesse Little #,Chv,15,4150,26,34.256,157.637,20
4919,2,2020,4,Jesse Little #,Chv,15,4150,27,32.339,166.981,22
4919,2,2020,4,Jesse Little #,Chv,15,4150,28,35.922,150.326,24
4919,2,2020,4,Jesse Little #,Chv,15,4150,29,87.833,61.480,24
4919,2,2020,4,Jesse Little #,Chv,15,4150,30,104.859,51.498,23
4919,2,2020,4,Jesse Little #,Chv,15,4150,31,102.294,52.789,22
4919,2,2020,4,Jesse Little #,Chv,15,4150,32,95.796,56.370,22
4919,2,2020,4,Jesse Little #,Chv,15,4150,33,34.438,156.804,25
4919,2,2020,4,Jesse Little #,Chv,15,4150,34,32.412,166.605,25
4919,2,2020,4,Jesse Little #,Chv,15,4150,35,31.976,168.877,25
4919,2,2020,4,Jesse Little #,Chv,15,4150,36,31.965,168.935,25
4919,2,2020,4,Jesse Little #,Chv,15,4150,37,31.963,168.945,25
4919,2,2020,4,Jesse Little #,Chv,15,4150,38,31.905,169.252,25
4919,2,2020,4,Jesse Little #,Chv,15,4150,39,31.897,169.295,25
4919,2,2020,4,Jesse Little #,Chv,15,4150,40,32.031,168.587,25
4919,2,2020,4,Jesse Little #,Chv,15,4150,41,32.285,167.260,24
4919,2,2020,4,Jesse Little #,Chv,15,4150,42,32.258,167.400,25
4919,2,2020,4,Jesse Little #,Chv,15,4150,43,31.962,168.951,25
4919,2,2020,4,Jesse Little #,Chv,15,4150,44,32.828,164.494,26
4919,2,2020,4,Jesse Little #,Chv,15,4150,45,33.109,163.098,26
4919,2,2020,4,Jesse Little #,Chv,15,4150,46,47.813,112.940,26
4919,2,2020,4,Jesse Little #,Chv,15,4150,47,69.906,77.247,26
4919,2,2020,4,Jesse Little #,Chv,15,4150,48,120.64,44.761,29
4919,2,2020,4,Jesse Little #,Chv,15,4150,49,72.41,74.575,22
4919,2,2020,4,Jesse Little #,Chv,15,4150,50,95.59,56.491,22
4919,2,2020,4,Jesse Little #,Chv,15,4150,51,93.149,57.972,20
4919,2,2020,4,Jesse Little #,Chv,15,4150,52,87.508,61.709,20
4919,2,2020,4,Jesse Little #,Chv,15,4150,53,33.751,159.995,19
4919,2,2020,4,Jesse Little #,Chv,15,4150,54,31.547,171.173,19
4919,2,2020,4,Jesse Little #,Chv,15,4150,55,31.804,169.790,20
4919,2,2020,4,Jesse Little #,Chv,15,4150,56,31.615,170.805,21
4919,2,2020,4,Jesse Little #,Chv,15,4150,57,32.201,167.697,23
4919,2,2020,4,Jesse Little #,Chv,15,4150,58,31.971,168.903,23
4919,2,2020,4,Jesse Little #,Chv,15,4150,59,31.816,169.726,24
4919,2,2020,4,Jesse Little #,Chv,15,4150,60,31.658,170.573,23
4919,2,2020,4,Jesse Little #,Chv,15,4150,61,31.707,170.309,23
4919,2,2020,4,Jesse Little #,Chv,15,4150,62,31.717,170.256,23
4919,2,2020,4,Jesse Little #,Chv,15,4150,63,32.03,168.592,24
4919,2,2020,4,Jesse Little #,Chv,15,4150,64,31.892,169.321,24
4919,2,2020,4,Jesse Little #,Chv,15,4150,65,31.869,169.444,23
4919,2,2020,4,Jesse Little #,Chv,15,4150,66,31.818,169.715,23
4919,2,2020,4,Jesse Little #,Chv,15,4150,67,31.764,170.004,23
4919,2,2020,4,Jesse Little #,Chv,15,4150,68,31.726,170.207,23
4919,2,2020,4,Jesse Little #,Chv,15,4150,69,31.879,169.391,23
4919,2,2020,4,Jesse Little #,Chv,15,4150,70,32.696,165.158,23
4919,2,2020,4,Jesse Little #,Chv,15,4150,71,32.029,168.597,23
4919,2,2020,4,Jesse Little #,Chv,15,4150,72,31.931,169.115,23
4919,2,2020,4,Jesse Little #,Chv,15,4150,73,32.009,168.703,23
4919,2,2020,4,Jesse Little #,Chv,15,4150,74,31.948,169.025,23
4919,2,2020,4,Jesse Little #,Chv,15,4150,75,32.201,167.697,23
4919,2,2020,4,Jesse Little #,Chv,15,4150,76,32.588,165.705,24
4919,2,2020,4,Jesse Little #,Chv,15,4150,77,31.997,168.766,24
4919,2,2020,4,Jesse Little #,Chv,15,4150,78,32.129,168.072,24
4919,2,2020,4,Jesse Little #,Chv,15,4150,79,32.159,167.916,24
4919,2,2020,4,Jesse Little #,Chv,15,4150,80,32.302,167.172,24
4919,2,2020,4,Jesse Little #,Chv,15,4150,81,32.588,165.705,24
4919,2,2020,4,Jesse Little #,Chv,15,4150,82,32.298,167.193,24
4919,2,2020,4,Jesse Little #,Chv,15,4150,83,32.299,167.188,24
4919,2,2020,4,Jesse Little #,Chv,15,4150,84,32.255,167.416,24
4919,2,2020,4,Jesse Little #,Chv,15,4150,85,32.267,167.354,24
4919,2,2020,4,Jesse Little #,Chv,15,4150,86,32.066,168.403,24
4919,2,2020,4,Jesse Little #,Chv,15,4150,87,32.224,167.577,24
4919,2,2020,4,Jesse Little #,Chv,15,4150,88,32.187,167.770,24
4919,2,2020,4,Jesse Little #,Chv,15,4150,89,32.477,166.272,24
4919,2,2020,4,Jesse Little #,Chv,15,4150,90,46.87,115.212,24
4919,2,2020,4,Jesse Little #,Chv,15,4150,91,79.949,67.543,24
4919,2,2020,4,Jesse Little #,Chv,15,4150,92,91.684,58.898,24
4919,2,2020,4,Jesse Little #,Chv,15,4150,93,123.545,43.709,28
4919,2,2020,4,Jesse Little #,Chv,15,4150,94,78.498,68.792,22
4919,2,2020,4,Jesse Little #,Chv,15,4150,95,95.67,56.444,22
4919,2,2020,4,Jesse Little #,Chv,15,4150,96,92.094,58.636,21
4919,2,2020,4,Jesse Little #,Chv,15,4150,97,89.244,60.508,22
4919,2,2020,4,Jesse Little #,Chv,15,4150,98,33.69,160.285,20
4919,2,2020,4,Jesse Little #,Chv,15,4150,99,31.348,172.260,20
4919,2,2020,4,Jesse Little #,Chv,15,4150,100,31.658,170.573,21
4919,2,2020,4,Jesse Little #,Chv,15,4150,101,31.286,172.601,21
4919,2,2020,4,Jesse Little #,Chv,15,4150,102,31.237,172.872,21
4919,2,2020,4,Jesse Little #,Chv,15,4150,103,31.365,172.166,21
4919,2,2020,4,Jesse Little #,Chv,15,4150,104,31.566,171.070,21
4919,2,2020,4,Jesse Little #,Chv,15,4150,105,32.076,168.350,23
4919,2,2020,4,Jesse Little #,Chv,15,4150,106,31.627,170.740,23
4919,2,2020,4,Jesse Little #,Chv,15,4150,107,31.644,170.648,23
4919,2,2020,4,Jesse Little #,Chv,15,4150,108,31.528,171.276,23
4919,2,2020,4,Jesse Little #,Chv,15,4150,109,31.766,169.993,22
4919,2,2020,4,Jesse Little #,Chv,15,4150,110,31.651,170.611,22
4919,2,2020,4,Jesse Little #,Chv,15,4150,111,31.62,170.778,22
4919,2,2020,4,Jesse Little #,Chv,15,4150,112,31.704,170.326,22
4919,2,2020,4,Jesse Little #,Chv,15,4150,113,31.89,169.332,22
4919,2,2020,4,Jesse Little #,Chv,15,4150,114,31.712,170.283,22
4919,2,2020,4,Jesse Little #,Chv,15,4150,115,32.192,167.744,23
4919,2,2020,4,Jesse Little #,Chv,15,4150,116,31.812,169.747,23
4919,2,2020,4,Jesse Little #,Chv,15,4150,117,31.896,169.300,23
4919,2,2020,4,Jesse Little #,Chv,15,4150,118,31.989,168.808,22
4919,2,2020,4,Jesse Little #,Chv,15,4150,119,31.763,170.009,22
4919,2,2020,4,Jesse Little #,Chv,15,4150,120,31.818,169.715,22
4919,2,2020,4,Jesse Little #,Chv,15,4150,121,32.054,168.466,22
4919,2,2020,4,Jesse Little #,Chv,15,4150,122,31.883,169.369,22
4919,2,2020,4,Jesse Little #,Chv,15,4150,123,31.913,169.210,22
4919,2,2020,4,Jesse Little #,Chv,15,4150,124,32.169,167.863,22
4919,2,2020,4,Jesse Little #,Chv,15,4150,125,32.114,168.151,22
4919,2,2020,4,Jesse Little #,Chv,15,4150,126,32.127,168.083,22
4919,2,2020,4,Jesse Little #,Chv,15,4150,127,32.202,167.691,22
4919,2,2020,4,Jesse Little #,Chv,15,4150,128,32.129,168.072,22
4919,2,2020,4,Jesse Little #,Chv,15,4150,129,32.237,167.509,22
4919,2,2020,4,Jesse Little #,Chv,15,4150,130,32.508,166.113,22
4919,2,2020,4,Jesse Little #,Chv,15,4150,131,32.41,166.615,22
4919,2,2020,4,Jesse Little #,Chv,15,4150,132,32.3,167.183,22
4919,2,2020,4,Jesse Little #,Chv,15,4150,133,32.121,168.114,22
4919,2,2020,4,Jesse Little #,Chv,15,4150,134,32.257,167.406,22
4919,2,2020,4,Jesse Little #,Chv,15,4150,135,32.217,167.613,22
4919,2,2020,4,Jesse Little #,Chv,15,4150,136,32.36,166.873,22
4919,2,2020,4,Jesse Little #,Chv,15,4150,137,32.312,167.121,22
4919,2,2020,4,Jesse Little #,Chv,15,4150,138,32.454,166.389,22
4919,2,2020,4,Jesse Little #,Chv,15,4150,139,32.539,165.955,22
4919,2,2020,4,Jesse Little #,Chv,15,4150,140,32.465,166.333,22
4919,2,2020,4,Jesse Little #,Chv,15,4150,141,32.61,165.593,22
4919,2,2020,4,Jesse Little #,Chv,15,4150,142,32.841,164.429,22
4919,2,2020,4,Jesse Little #,Chv,15,4150,143,32.344,166.955,22
4919,2,2020,4,Jesse Little #,Chv,15,4150,144,32.387,166.734,22
4919,2,2020,4,Jesse Little #,Chv,15,4150,145,32.501,166.149,22
4919,2,2020,4,Jesse Little #,Chv,15,4150,146,32.491,166.200,22
4919,2,2020,4,Jesse Little #,Chv,15,4150,147,32.615,165.568,20
4919,2,2020,4,Jesse Little #,Chv,15,4150,148,32.398,166.677,18
4919,2,2020,4,Jesse Little #,Chv,15,4150,149,32.293,167.219,18
4919,2,2020,4,Jesse Little #,Chv,15,4150,150,32.313,167.115,18
4919,2,2020,4,Jesse Little #,Chv,15,4150,151,69.839,77.321,20
4919,2,2020,4,Jesse Little #,Chv,15,4150,152,57.034,94.680,20
4919,2,2020,4,Jesse Little #,Chv,15,4150,153,74.234,72.743,20
4919,2,2020,4,Jesse Little #,Chv,15,4150,154,96.075,56.206,20
4919,2,2020,4,Jesse Little #,Chv,15,4150,155,93.707,57.626,20
4919,2,2020,4,Jesse Little #,Chv,15,4150,156,95.703,56.425,20
4919,2,2020,4,Jesse Little #,Chv,15,4150,157,91.118,59.264,20
4919,2,2020,4,Jesse Little #,Chv,15,4150,158,40.697,132.688,20
4919,2,2020,4,Jesse Little #,Chv,15,4150,159,74.867,72.128,19
4919,2,2020,4,Jesse Little #,Chv,15,4150,160,98.575,54.781,20
4919,2,2020,4,Jesse Little #,Chv,15,4150,161,33.612,160.657,20
4919,2,2020,4,Jesse Little #,Chv,15,4150,162,31.854,169.523,20
4919,2,2020,4,Jesse Little #,Chv,15,4150,163,31.819,169.710,21
4919,2,2020,4,Jesse Little #,Chv,15,4150,164,31.663,170.546,21
4919,2,2020,4,Jesse Little #,Chv,15,4150,165,31.832,169.641,21
4919,2,2020,4,Jesse Little #,Chv,15,4150,166,32.179,167.811,21
4919,2,2020,4,Jesse Little #,Chv,15,4150,167,31.848,169.555,21
4919,2,2020,4,Jesse Little #,Chv,15,4150,168,31.735,170.159,21
4919,2,2020,4,Jesse Little #,Chv,15,4150,169,35.152,153.619,20
4919,2,2020,4,Jesse Little #,Chv,15,4150,170,71.694,75.320,20
4919,2,2020,4,Jesse Little #,Chv,15,4150,171,95.932,56.290,19
4919,2,2020,4,Jesse Little #,Chv,15,4150,172,97.634,55.309,19
4919,2,2020,4,Jesse Little #,Chv,15,4150,173,90.111,59.926,18
4919,2,2020,4,Jesse Little #,Chv,15,4150,174,41.817,129.134,18
4919,2,2020,4,Jesse Little #,Chv,15,4150,175,89.8,60.134,18
4919,2,2020,4,Jesse Little #,Chv,15,4150,176,96.377,56.030,18
4919,2,2020,4,Jesse Little #,Chv,15,4150,177,96.306,56.071,16
4919,2,2020,4,Jesse Little #,Chv,15,4150,178,96.539,55.936,16
4919,2,2020,4,Jesse Little #,Chv,15,4150,179,95.306,56.660,16
4919,2,2020,4,Jesse Little #,Chv,15,4150,180,104.503,51.673,16
4919,2,2020,4,Jesse Little #,Chv,15,4150,181,98.023,55.089,16
4919,2,2020,4,Jesse Little #,Chv,15,4150,182,37.711,143.194,16
4919,2,2020,4,Jesse Little #,Chv,15,4150,183,82.772,65.239,16
4919,2,2020,4,Jesse Little #,Chv,15,4150,184,119.15,45.321,20
4919,2,2020,4,Jesse Little #,Chv,15,4150,185,76.738,70.369,20
4919,2,2020,4,Jesse Little #,Chv,15,4150,186,82.366,65.561,19
4919,2,2020,4,Jesse Little #,Chv,15,4150,187,33.419,161.585,19
4919,2,2020,4,Jesse Little #,Chv,15,4150,188,31.854,169.523,18
4919,2,2020,4,Jesse Little #,Chv,15,4150,189,31.651,170.611,18
4919,2,2020,4,Jesse Little #,Chv,15,4150,190,33.815,159.692,18
4919,2,2020,4,Jesse Little #,Chv,15,4150,191,49.124,109.926,18
4919,2,2020,4,Jesse Little #,Chv,15,4150,192,90.26,59.827,18
4919,2,2020,4,Jesse Little #,Chv,15,4150,193,101.75,53.071,18
4919,2,2020,4,Jesse Little #,Chv,15,4150,194,106.098,50.896,19
4919,2,2020,4,Jesse Little #,Chv,15,4150,195,41.421,130.369,18
4919,2,2020,4,Jesse Little #,Chv,15,4150,196,85.311,63.298,18
4919,2,2020,4,Jesse Little #,Chv,15,4150,197,94.484,57.153,17
4919,2,2020,4,Jesse Little #,Chv,15,4150,198,91.89,58.766,16
4919,2,2020,4,Jesse Little #,Chv,15,4150,199,94.086,57.394,15
4919,2,2020,4,Jesse Little #,Chv,15,4150,200,33.433,161.517,15
4919,2,2020,4,Jesse Little #,Chv,15,4150,201,32.221,167.593,15
4919,2,2020,36,Alex Labbe,Chv,16,4225,0,,,37
4919,2,2020,36,Alex Labbe,Chv,16,4225,1,34.749,155.400,33
4919,2,2020,36,Alex Labbe,Chv,16,4225,2,32.657,165.355,33
4919,2,2020,36,Alex Labbe,Chv,16,4225,3,32.109,168.177,32
4919,2,2020,36,Alex Labbe,Chv,16,4225,4,39.558,136.508,32
4919,2,2020,36,Alex Labbe,Chv,16,4225,5,87.62,61.630,31
4919,2,2020,36,Alex Labbe,Chv,16,4225,6,95.07,56.800,31
4919,2,2020,36,Alex Labbe,Chv,16,4225,7,82.02,65.838,30
4919,2,2020,36,Alex Labbe,Chv,16,4225,8,33.948,159.067,30
4919,2,2020,36,Alex Labbe,Chv,16,4225,9,32.14,168.015,29
4919,2,2020,36,Alex Labbe,Chv,16,4225,10,31.908,169.237,27
4919,2,2020,36,Alex Labbe,Chv,16,4225,11,31.992,168.792,26
4919,2,2020,36,Alex Labbe,Chv,16,4225,12,32.126,168.088,26
4919,2,2020,36,Alex Labbe,Chv,16,4225,13,32.327,167.043,26
4919,2,2020,36,Alex Labbe,Chv,16,4225,14,32.48,166.256,25
4919,2,2020,36,Alex Labbe,Chv,16,4225,15,32.255,167.416,25
4919,2,2020,36,Alex Labbe,Chv,16,4225,16,32.14,168.015,25
4919,2,2020,36,Alex Labbe,Chv,16,4225,17,32.228,167.556,25
4919,2,2020,36,Alex Labbe,Chv,16,4225,18,32.218,167.608,25
4919,2,2020,36,Alex Labbe,Chv,16,4225,19,32.05,168.487,25
4919,2,2020,36,Alex Labbe,Chv,16,4225,20,31.879,169.391,25
4919,2,2020,36,Alex Labbe,Chv,16,4225,21,39.469,136.816,25
4919,2,2020,36,Alex Labbe,Chv,16,4225,22,72.992,73.981,17
4919,2,2020,36,Alex Labbe,Chv,16,4225,23,95.15,56.752,14
4919,2,2020,36,Alex Labbe,Chv,16,4225,24,94.489,57.150,14
4919,2,2020,36,Alex Labbe,Chv,16,4225,25,90.901,59.405,13
4919,2,2020,36,Alex Labbe,Chv,16,4225,26,34.184,157.969,15
4919,2,2020,36,Alex Labbe,Chv,16,4225,27,32.08,168.329,16
4919,2,2020,36,Alex Labbe,Chv,16,4225,28,33.816,159.688,16
4919,2,2020,36,Alex Labbe,Chv,16,4225,29,86.683,62.296,16
4919,2,2020,36,Alex Labbe,Chv,16,4225,30,104.817,51.518,16
4919,2,2020,36,Alex Labbe,Chv,16,4225,31,104.892,51.482,18
4919,2,2020,36,Alex Labbe,Chv,16,4225,32,98.481,54.833,33
4919,2,2020,36,Alex Labbe,Chv,16,4225,33,33.749,160.005,30
4919,2,2020,36,Alex Labbe,Chv,16,4225,34,32.341,166.971,30
4919,2,2020,36,Alex Labbe,Chv,16,4225,35,32.243,167.478,30
4919,2,2020,36,Alex Labbe,Chv,16,4225,36,32.102,168.214,30
4919,2,2020,36,Alex Labbe,Chv,16,4225,37,31.995,168.776,30
4919,2,2020,36,Alex Labbe,Chv,16,4225,38,32.099,168.230,30
4919,2,2020,36,Alex Labbe,Chv,16,4225,39,32.295,167.209,31
4919,2,2020,36,Alex Labbe,Chv,16,4225,40,32.091,168.271,31
4919,2,2020,36,Alex Labbe,Chv,16,4225,41,32.076,168.350,31
4919,2,2020,36,Alex Labbe,Chv,16,4225,42,32.108,168.182,31
4919,2,2020,36,Alex Labbe,Chv,16,4225,43,32.477,166.272,31
4919,2,2020,36,Alex Labbe,Chv,16,4225,44,32.15,167.963,31
4919,2,2020,36,Alex Labbe,Chv,16,4225,45,33.782,159.848,31
4919,2,2020,36,Alex Labbe,Chv,16,4225,46,49.646,108.770,31
4919,2,2020,36,Alex Labbe,Chv,16,4225,47,69.209,78.025,31
4919,2,2020,36,Alex Labbe,Chv,16,4225,48,94.602,57.081,15
4919,2,2020,36,Alex Labbe,Chv,16,4225,49,99.436,54.306,27
4919,2,2020,36,Alex Labbe,Chv,16,4225,50,93.807,57.565,27
4919,2,2020,36,Alex Labbe,Chv,16,4225,51,93.628,57.675,25
4919,2,2020,36,Alex Labbe,Chv,16,4225,52,85.451,63.194,25
4919,2,2020,36,Alex Labbe,Chv,16,4225,53,33.942,159.095,26
4919,2,2020,36,Alex Labbe,Chv,16,4225,54,31.816,169.726,26
4919,2,2020,36,Alex Labbe,Chv,16,4225,55,31.685,170.428,26
4919,2,2020,36,Alex Labbe,Chv,16,4225,56,31.784,169.897,27
4919,2,2020,36,Alex Labbe,Chv,16,4225,57,31.945,169.041,27
4919,2,2020,36,Alex Labbe,Chv,16,4225,58,32.14,168.015,27
4919,2,2020,36,Alex Labbe,Chv,16,4225,59,32.181,167.801,26
4919,2,2020,36,Alex Labbe,Chv,16,4225,60,31.852,169.534,26
4919,2,2020,36,Alex Labbe,Chv,16,4225,61,31.639,170.675,26
4919,2,2020,36,Alex Labbe,Chv,16,4225,62,31.71,170.293,26
4919,2,2020,36,Alex Labbe,Chv,16,4225,63,31.619,170.783,26
4919,2,2020,36,Alex Labbe,Chv,16,4225,64,31.723,170.223,26
4919,2,2020,36,Alex Labbe,Chv,16,4225,65,32.087,168.292,26
4919,2,2020,36,Alex Labbe,Chv,16,4225,66,32.025,168.618,26
4919,2,2020,36,Alex Labbe,Chv,16,4225,67,31.779,169.924,26
4919,2,2020,36,Alex Labbe,Chv,16,4225,68,32.042,168.529,26
4919,2,2020,36,Alex Labbe,Chv,16,4225,69,32.029,168.597,26
4919,2,2020,36,Alex Labbe,Chv,16,4225,70,31.993,168.787,26
4919,2,2020,36,Alex Labbe,Chv,16,4225,71,32.188,167.764,26
4919,2,2020,36,Alex Labbe,Chv,16,4225,72,32.345,166.950,26
4919,2,2020,36,Alex Labbe,Chv,16,4225,73,31.956,168.982,26
4919,2,2020,36,Alex Labbe,Chv,16,4225,74,31.954,168.993,26
4919,2,2020,36,Alex Labbe,Chv,16,4225,75,32.253,167.426,26
4919,2,2020,36,Alex Labbe,Chv,16,4225,76,32.109,168.177,26
4919,2,2020,36,Alex Labbe,Chv,16,4225,77,32.117,168.135,26
4919,2,2020,36,Alex Labbe,Chv,16,4225,78,32.396,166.687,26
4919,2,2020,36,Alex Labbe,Chv,16,4225,79,32.615,165.568,26
4919,2,2020,36,Alex Labbe,Chv,16,4225,80,32.361,166.868,26
4919,2,2020,36,Alex Labbe,Chv,16,4225,81,32.312,167.121,26
4919,2,2020,36,Alex Labbe,Chv,16,4225,82,32.267,167.354,26
4919,2,2020,36,Alex Labbe,Chv,16,4225,83,32.27,167.338,26
4919,2,2020,36,Alex Labbe,Chv,16,4225,84,32.762,164.825,26
4919,2,2020,36,Alex Labbe,Chv,16,4225,85,32.165,167.884,26
4919,2,2020,36,Alex Labbe,Chv,16,4225,86,32.492,166.195,26
4919,2,2020,36,Alex Labbe,Chv,16,4225,87,32.398,166.677,26
4919,2,2020,36,Alex Labbe,Chv,16,4225,88,32.407,166.631,26
4919,2,2020,36,Alex Labbe,Chv,16,4225,89,32.776,164.755,26
4919,2,2020,36,Alex Labbe,Chv,16,4225,90,46.422,116.324,26
4919,2,2020,36,Alex Labbe,Chv,16,4225,91,78.878,68.460,26
4919,2,2020,36,Alex Labbe,Chv,16,4225,92,91.993,58.700,26
4919,2,2020,36,Alex Labbe,Chv,16,4225,93,96.666,55.862,23
4919,2,2020,36,Alex Labbe,Chv,16,4225,94,101.915,52.985,20
4919,2,2020,36,Alex Labbe,Chv,16,4225,95,96.309,56.070,20
4919,2,2020,36,Alex Labbe,Chv,16,4225,96,91.657,58.915,19
4919,2,2020,36,Alex Labbe,Chv,16,4225,97,90.283,59.812,20
4919,2,2020,36,Alex Labbe,Chv,16,4225,98,33.673,160.366,19
4919,2,2020,36,Alex Labbe,Chv,16,4225,99,31.368,172.150,19
4919,2,2020,36,Alex Labbe,Chv,16,4225,100,31.365,172.166,19
4919,2,2020,36,Alex Labbe,Chv,16,4225,101,31.259,172.750,19
4919,2,2020,36,Alex Labbe,Chv,16,4225,102,31.495,171.456,20
4919,2,2020,36,Alex Labbe,Chv,16,4225,103,31.396,171.996,20
4919,2,2020,36,Alex Labbe,Chv,16,4225,104,31.681,170.449,20
4919,2,2020,36,Alex Labbe,Chv,16,4225,105,31.629,170.729,20
4919,2,2020,36,Alex Labbe,Chv,16,4225,106,31.639,170.675,20
4919,2,2020,36,Alex Labbe,Chv,16,4225,107,31.697,170.363,20
4919,2,2020,36,Alex Labbe,Chv,16,4225,108,31.789,169.870,20
4919,2,2020,36,Alex Labbe,Chv,16,4225,109,31.686,170.422,20
4919,2,2020,36,Alex Labbe,Chv,16,4225,110,31.657,170.578,20
4919,2,2020,36,Alex Labbe,Chv,16,4225,111,31.651,170.611,20
4919,2,2020,36,Alex Labbe,Chv,16,4225,112,31.659,170.568,20
4919,2,2020,36,Alex Labbe,Chv,16,4225,113,31.805,169.785,20
4919,2,2020,36,Alex Labbe,Chv,16,4225,114,31.739,170.138,20
4919,2,2020,36,Alex Labbe,Chv,16,4225,115,31.911,169.221,20
4919,2,2020,36,Alex Labbe,Chv,16,4225,116,31.849,169.550,20
4919,2,2020,36,Alex Labbe,Chv,16,4225,117,31.849,169.550,20
4919,2,2020,36,Alex Labbe,Chv,16,4225,118,31.992,168.792,20
4919,2,2020,36,Alex Labbe,Chv,16,4225,119,31.806,169.779,20
4919,2,2020,36,Alex Labbe,Chv,16,4225,120,31.853,169.529,20
4919,2,2020,36,Alex Labbe,Chv,16,4225,121,31.855,169.518,20
4919,2,2020,36,Alex Labbe,Chv,16,4225,122,32.037,168.555,20
4919,2,2020,36,Alex Labbe,Chv,16,4225,123,31.995,168.776,20
4919,2,2020,36,Alex Labbe,Chv,16,4225,124,32.167,167.874,20
4919,2,2020,36,Alex Labbe,Chv,16,4225,125,32.104,168.203,20
4919,2,2020,36,Alex Labbe,Chv,16,4225,126,32.18,167.806,20
4919,2,2020,36,Alex Labbe,Chv,16,4225,127,32.336,166.997,20
4919,2,2020,36,Alex Labbe,Chv,16,4225,128,32.095,168.251,20
4919,2,2020,36,Alex Labbe,Chv,16,4225,129,32.178,167.817,20
4919,2,2020,36,Alex Labbe,Chv,16,4225,130,32.518,166.062,20
4919,2,2020,36,Alex Labbe,Chv,16,4225,131,32.5,166.154,20
4919,2,2020,36,Alex Labbe,Chv,16,4225,132,32.263,167.374,20
4919,2,2020,36,Alex Labbe,Chv,16,4225,133,32.185,167.780,20
4919,2,2020,36,Alex Labbe,Chv,16,4225,134,32.116,168.140,20
4919,2,2020,36,Alex Labbe,Chv,16,4225,135,32.365,166.847,20
4919,2,2020,36,Alex Labbe,Chv,16,4225,136,32.333,167.012,20
4919,2,2020,36,Alex Labbe,Chv,16,4225,137,32.186,167.775,20
4919,2,2020,36,Alex Labbe,Chv,16,4225,138,32.436,166.482,20
4919,2,2020,36,Alex Labbe,Chv,16,4225,139,32.589,165.700,20
4919,2,2020,36,Alex Labbe,Chv,16,4225,140,32.568,165.807,20
4919,2,2020,36,Alex Labbe,Chv,16,4225,141,32.631,165.487,20
4919,2,2020,36,Alex Labbe,Chv,16,4225,142,32.666,165.309,20
4919,2,2020,36,Alex Labbe,Chv,16,4225,143,32.413,166.600,20
4919,2,2020,36,Alex Labbe,Chv,16,4225,144,32.391,166.713,20
4919,2,2020,36,Alex Labbe,Chv,16,4225,145,32.418,166.574,20
4919,2,2020,36,Alex Labbe,Chv,16,4225,146,32.511,166.098,20
4919,2,2020,36,Alex Labbe,Chv,16,4225,147,46.159,116.987,26
4919,2,2020,36,Alex Labbe,Chv,16,4225,148,72.665,74.314,26
4919,2,2020,36,Alex Labbe,Chv,16,4225,149,31.114,173.555,23
4919,2,2020,36,Alex Labbe,Chv,16,4225,150,31.166,173.266,23
4919,2,2020,36,Alex Labbe,Chv,16,4225,151,40.135,134.546,24
4919,2,2020,36,Alex Labbe,Chv,16,4225,152,48.379,111.619,23
4919,2,2020,36,Alex Labbe,Chv,16,4225,153,66.493,81.212,23
4919,2,2020,36,Alex Labbe,Chv,16,4225,154,96.473,55.974,23
4919,2,2020,36,Alex Labbe,Chv,16,4225,155,92.287,58.513,23
4919,2,2020,36,Alex Labbe,Chv,16,4225,156,95.415,56.595,23
4919,2,2020,36,Alex Labbe,Chv,16,4225,157,90.275,59.817,23
4919,2,2020,36,Alex Labbe,Chv,16,4225,158,41.507,130.099,23
4919,2,2020,36,Alex Labbe,Chv,16,4225,159,72.809,74.167,22
4919,2,2020,36,Alex Labbe,Chv,16,4225,160,97.436,55.421,22
4919,2,2020,36,Alex Labbe,Chv,16,4225,161,33.977,158.931,22
4919,2,2020,36,Alex Labbe,Chv,16,4225,162,31.848,169.555,23
4919,2,2020,36,Alex Labbe,Chv,16,4225,163,31.635,170.697,23
4919,2,2020,36,Alex Labbe,Chv,16,4225,164,31.835,169.625,23
4919,2,2020,36,Alex Labbe,Chv,16,4225,165,31.887,169.348,23
4919,2,2020,36,Alex Labbe,Chv,16,4225,166,32.093,168.261,23
4919,2,2020,36,Alex Labbe,Chv,16,4225,167,32.342,166.966,23
4919,2,2020,36,Alex Labbe,Chv,16,4225,168,32.07,168.382,23
4919,2,2020,36,Alex Labbe,Chv,16,4225,169,37.775,142.952,22
4919,2,2020,36,Alex Labbe,Chv,16,4225,170,71.496,75.529,22
4919,2,2020,36,Alex Labbe,Chv,16,4225,171,95.26,56.687,22
4919,2,2020,36,Alex Labbe,Chv,16,4225,172,98.151,55.017,21
4919,2,2020,36,Alex Labbe,Chv,16,4225,173,87.219,61.913,21
4919,2,2020,36,Alex Labbe,Chv,16,4225,174,43.18,125.058,21
4919,2,2020,36,Alex Labbe,Chv,16,4225,175,90.786,59.481,21
4919,2,2020,36,Alex Labbe,Chv,16,4225,176,96.829,55.768,21
4919,2,2020,36,Alex Labbe,Chv,16,4225,177,98.319,54.923,19
4919,2,2020,36,Alex Labbe,Chv,16,4225,178,94.896,56.904,19
4919,2,2020,36,Alex Labbe,Chv,16,4225,179,96.47,55.976,19
4919,2,2020,36,Alex Labbe,Chv,16,4225,180,102.577,52.643,19
4919,2,2020,36,Alex Labbe,Chv,16,4225,181,95.176,56.737,19
4919,2,2020,36,Alex Labbe,Chv,16,4225,182,39.276,137.489,19
4919,2,2020,36,Alex Labbe,Chv,16,4225,183,82.175,65.713,19
4919,2,2020,36,Alex Labbe,Chv,16,4225,184,98.691,54.716,18
4919,2,2020,36,Alex Labbe,Chv,16,4225,185,91.729,58.869,18
4919,2,2020,36,Alex Labbe,Chv,16,4225,186,85.867,62.888,18
4919,2,2020,36,Alex Labbe,Chv,16,4225,187,33.834,159.603,18
4919,2,2020,36,Alex Labbe,Chv,16,4225,188,32.135,168.041,19
4919,2,2020,36,Alex Labbe,Chv,16,4225,189,31.975,168.882,19
4919,2,2020,36,Alex Labbe,Chv,16,4225,190,34.222,157.793,19
4919,2,2020,36,Alex Labbe,Chv,16,4225,191,49.342,109.440,19
4919,2,2020,36,Alex Labbe,Chv,16,4225,192,90.184,59.878,19
4919,2,2020,36,Alex Labbe,Chv,16,4225,193,101.538,53.182,19
4919,2,2020,36,Alex Labbe,Chv,16,4225,194,105.193,51.334,18
4919,2,2020,36,Alex Labbe,Chv,16,4225,195,45.215,119.429,19
4919,2,2020,36,Alex Labbe,Chv,16,4225,196,85.271,63.328,19
4919,2,2020,36,Alex Labbe,Chv,16,4225,197,93.426,57.800,18
4919,2,2020,36,Alex Labbe,Chv,16,4225,198,91.561,58.977,17
4919,2,2020,36,Alex Labbe,Chv,16,4225,199,92.129,58.613,16
4919,2,2020,36,Alex Labbe,Chv,16,4225,200,34.061,158.539,16
4919,2,2020,36,Alex Labbe,Chv,16,4225,201,32.209,167.655,16
4919,2,2020,6,BJ McLeod,Chv,17,3973,0,,,14
4919,2,2020,6,BJ McLeod,Chv,17,3973,1,33.942,159.095,12
4919,2,2020,6,BJ McLeod,Chv,17,3973,2,32.04,168.539,13
4919,2,2020,6,BJ McLeod,Chv,17,3973,3,31.476,171.559,13
4919,2,2020,6,BJ McLeod,Chv,17,3973,4,34.416,156.904,14
4919,2,2020,6,BJ McLeod,Chv,17,3973,5,86.862,62.168,14
4919,2,2020,6,BJ McLeod,Chv,17,3973,6,95.903,56.307,14
4919,2,2020,6,BJ McLeod,Chv,17,3973,7,90.078,59.948,13
4919,2,2020,6,BJ McLeod,Chv,17,3973,8,33.217,162.567,10
4919,2,2020,6,BJ McLeod,Chv,17,3973,9,31.535,171.238,11
4919,2,2020,6,BJ McLeod,Chv,17,3973,10,31.533,171.249,10
4919,2,2020,6,BJ McLeod,Chv,17,3973,11,31.438,171.767,10
4919,2,2020,6,BJ McLeod,Chv,17,3973,12,31.244,172.833,10
4919,2,2020,6,BJ McLeod,Chv,17,3973,13,31.418,171.876,11
4919,2,2020,6,BJ McLeod,Chv,17,3973,14,31.39,172.029,11
4919,2,2020,6,BJ McLeod,Chv,17,3973,15,31.354,172.227,11
4919,2,2020,6,BJ McLeod,Chv,17,3973,16,31.38,172.084,11
4919,2,2020,6,BJ McLeod,Chv,17,3973,17,31.429,171.816,11
4919,2,2020,6,BJ McLeod,Chv,17,3973,18,31.4,171.975,11
4919,2,2020,6,BJ McLeod,Chv,17,3973,19,31.535,171.238,11
4919,2,2020,6,BJ McLeod,Chv,17,3973,20,31.54,171.211,11
4919,2,2020,6,BJ McLeod,Chv,17,3973,21,37.501,143.996,12
4919,2,2020,6,BJ McLeod,Chv,17,3973,22,121.68,44.379,32
4919,2,2020,6,BJ McLeod,Chv,17,3973,23,67.866,79.569,27
4919,2,2020,6,BJ McLeod,Chv,17,3973,24,93.887,57.516,27
4919,2,2020,6,BJ McLeod,Chv,17,3973,25,84.478,63.922,25
4919,2,2020,6,BJ McLeod,Chv,17,3973,26,33.954,159.039,26
4919,2,2020,6,BJ McLeod,Chv,17,3973,27,31.92,169.173,24
4919,2,2020,6,BJ McLeod,Chv,17,3973,28,35.447,152.340,23
4919,2,2020,6,BJ McLeod,Chv,17,3973,29,87.577,61.660,23
4919,2,2020,6,BJ McLeod,Chv,17,3973,30,104.836,51.509,22
4919,2,2020,6,BJ McLeod,Chv,17,3973,31,102.421,52.724,21
4919,2,2020,6,BJ McLeod,Chv,17,3973,32,95.86,56.332,19
4919,2,2020,6,BJ McLeod,Chv,17,3973,33,33.944,159.086,18
4919,2,2020,6,BJ McLeod,Chv,17,3973,34,31.619,170.783,17
4919,2,2020,6,BJ McLeod,Chv,17,3973,35,31.764,170.004,17
4919,2,2020,6,BJ McLeod,Chv,17,3973,36,31.719,170.245,16
4919,2,2020,6,BJ McLeod,Chv,17,3973,37,31.622,170.767,16
4919,2,2020,6,BJ McLeod,Chv,17,3973,38,31.337,172.320,14
4919,2,2020,6,BJ McLeod,Chv,17,3973,39,31.321,172.408,14
4919,2,2020,6,BJ McLeod,Chv,17,3973,40,31.264,172.723,14
4919,2,2020,6,BJ McLeod,Chv,17,3973,41,31.628,170.735,14
4919,2,2020,6,BJ McLeod,Chv,17,3973,42,31.504,171.407,14
4919,2,2020,6,BJ McLeod,Chv,17,3973,43,31.52,171.320,14
4919,2,2020,6,BJ McLeod,Chv,17,3973,44,31.64,170.670,14
4919,2,2020,6,BJ McLeod,Chv,17,3973,45,31.808,169.769,13
4919,2,2020,6,BJ McLeod,Chv,17,3973,46,47.743,113.106,13
4919,2,2020,6,BJ McLeod,Chv,17,3973,47,71.239,75.801,13
4919,2,2020,6,BJ McLeod,Chv,17,3973,48,129.195,41.797,31
4919,2,2020,6,BJ McLeod,Chv,17,3973,49,72.928,74.046,25
4919,2,2020,6,BJ McLeod,Chv,17,3973,50,94.876,56.916,25
4919,2,2020,6,BJ McLeod,Chv,17,3973,51,93.71,57.625,23
4919,2,2020,6,BJ McLeod,Chv,17,3973,52,86.361,62.528,24
4919,2,2020,6,BJ McLeod,Chv,17,3973,53,33.595,160.738,22
4919,2,2020,6,BJ McLeod,Chv,17,3973,54,31.511,171.369,20
4919,2,2020,6,BJ McLeod,Chv,17,3973,55,31.434,171.789,19
4919,2,2020,6,BJ McLeod,Chv,17,3973,56,31.631,170.719,20
4919,2,2020,6,BJ McLeod,Chv,17,3973,57,32.058,168.445,21
4919,2,2020,6,BJ McLeod,Chv,17,3973,58,31.955,168.988,21
4919,2,2020,6,BJ McLeod,Chv,17,3973,59,31.721,170.234,22
4919,2,2020,6,BJ McLeod,Chv,17,3973,60,31.539,171.217,22
4919,2,2020,6,BJ McLeod,Chv,17,3973,61,31.774,169.950,22
4919,2,2020,6,BJ McLeod,Chv,17,3973,62,31.934,169.099,22
4919,2,2020,6,BJ McLeod,Chv,17,3973,63,31.813,169.742,21
4919,2,2020,6,BJ McLeod,Chv,17,3973,64,31.677,170.471,21
4919,2,2020,6,BJ McLeod,Chv,17,3973,65,31.918,169.184,21
4919,2,2020,6,BJ McLeod,Chv,17,3973,66,31.757,170.041,21
4919,2,2020,6,BJ McLeod,Chv,17,3973,67,31.92,169.173,21
4919,2,2020,6,BJ McLeod,Chv,17,3973,68,31.797,169.827,21
4919,2,2020,6,BJ McLeod,Chv,17,3973,69,32.049,168.492,20
4919,2,2020,6,BJ McLeod,Chv,17,3973,70,31.813,169.742,20
4919,2,2020,6,BJ McLeod,Chv,17,3973,71,31.675,170.481,20
4919,2,2020,6,BJ McLeod,Chv,17,3973,72,31.711,170.288,20
4919,2,2020,6,BJ McLeod,Chv,17,3973,73,32.035,168.566,20
4919,2,2020,6,BJ McLeod,Chv,17,3973,74,32.296,167.203,19
4919,2,2020,6,BJ McLeod,Chv,17,3973,75,31.807,169.774,19
4919,2,2020,6,BJ McLeod,Chv,17,3973,76,31.843,169.582,19
4919,2,2020,6,BJ McLeod,Chv,17,3973,77,31.737,170.148,19
4919,2,2020,6,BJ McLeod,Chv,17,3973,78,31.768,169.982,19
4919,2,2020,6,BJ McLeod,Chv,17,3973,79,31.796,169.833,19
4919,2,2020,6,BJ McLeod,Chv,17,3973,80,31.725,170.213,19
4919,2,2020,6,BJ McLeod,Chv,17,3973,81,31.736,170.154,19
4919,2,2020,6,BJ McLeod,Chv,17,3973,82,31.806,169.779,19
4919,2,2020,6,BJ McLeod,Chv,17,3973,83,31.944,169.046,19
4919,2,2020,6,BJ McLeod,Chv,17,3973,84,31.898,169.290,19
4919,2,2020,6,BJ McLeod,Chv,17,3973,85,31.822,169.694,19
4919,2,2020,6,BJ McLeod,Chv,17,3973,86,31.923,169.157,19
4919,2,2020,6,BJ McLeod,Chv,17,3973,87,32.012,168.687,19
4919,2,2020,6,BJ McLeod,Chv,17,3973,88,32.133,168.052,19
4919,2,2020,6,BJ McLeod,Chv,17,3973,89,32.099,168.230,19
4919,2,2020,6,BJ McLeod,Chv,17,3973,90,45.03,119.920,19
4919,2,2020,6,BJ McLeod,Chv,17,3973,91,83.575,64.613,19
4919,2,2020,6,BJ McLeod,Chv,17,3973,92,94.467,57.163,19
4919,2,2020,6,BJ McLeod,Chv,17,3973,93,126.453,42.704,29
4919,2,2020,6,BJ McLeod,Chv,17,3973,94,79.721,67.736,24
4919,2,2020,6,BJ McLeod,Chv,17,3973,95,95.375,56.619,24
4919,2,2020,6,BJ McLeod,Chv,17,3973,96,92.192,58.573,23
4919,2,2020,6,BJ McLeod,Chv,17,3973,97,88.321,61.141,24
4919,2,2020,6,BJ McLeod,Chv,17,3973,98,34.113,158.297,24
4919,2,2020,6,BJ McLeod,Chv,17,3973,99,31.79,169.865,23
4919,2,2020,6,BJ McLeod,Chv,17,3973,100,31.072,173.790,23
4919,2,2020,6,BJ McLeod,Chv,17,3973,101,31.196,173.099,23
4919,2,2020,6,BJ McLeod,Chv,17,3973,102,31.183,173.171,23
4919,2,2020,6,BJ McLeod,Chv,17,3973,103,31.429,171.816,23
4919,2,2020,6,BJ McLeod,Chv,17,3973,104,31.355,172.221,23
4919,2,2020,6,BJ McLeod,Chv,17,3973,105,31.777,169.934,22
4919,2,2020,6,BJ McLeod,Chv,17,3973,106,31.522,171.309,22
4919,2,2020,6,BJ McLeod,Chv,17,3973,107,31.607,170.848,22
4919,2,2020,6,BJ McLeod,Chv,17,3973,108,31.643,170.654,21
4919,2,2020,6,BJ McLeod,Chv,17,3973,109,31.721,170.234,21
4919,2,2020,6,BJ McLeod,Chv,17,3973,110,31.644,170.648,21
4919,2,2020,6,BJ McLeod,Chv,17,3973,111,31.649,170.622,21
4919,2,2020,6,BJ McLeod,Chv,17,3973,112,31.696,170.369,21
4919,2,2020,6,BJ McLeod,Chv,17,3973,113,31.881,169.380,21
4919,2,2020,6,BJ McLeod,Chv,17,3973,114,31.809,169.763,21
4919,2,2020,6,BJ McLeod,Chv,17,3973,115,31.772,169.961,21
4919,2,2020,6,BJ McLeod,Chv,17,3973,116,31.904,169.258,21
4919,2,2020,6,BJ McLeod,Chv,17,3973,117,32.024,168.624,21
4919,2,2020,6,BJ McLeod,Chv,17,3973,118,31.775,169.945,21
4919,2,2020,6,BJ McLeod,Chv,17,3973,119,32.001,168.745,21
4919,2,2020,6,BJ McLeod,Chv,17,3973,120,32.038,168.550,21
4919,2,2020,6,BJ McLeod,Chv,17,3973,121,31.723,170.223,21
4919,2,2020,6,BJ McLeod,Chv,17,3973,122,31.826,169.673,21
4919,2,2020,6,BJ McLeod,Chv,17,3973,123,31.957,168.977,21
4919,2,2020,6,BJ McLeod,Chv,17,3973,124,32.332,167.017,21
4919,2,2020,6,BJ McLeod,Chv,17,3973,125,32.126,168.088,21
4919,2,2020,6,BJ McLeod,Chv,17,3973,126,32.154,167.942,21
4919,2,2020,6,BJ McLeod,Chv,17,3973,127,32.17,167.858,21
4919,2,2020,6,BJ McLeod,Chv,17,3973,128,32.166,167.879,21
4919,2,2020,6,BJ McLeod,Chv,17,3973,129,32.213,167.634,21
4919,2,2020,6,BJ McLeod,Chv,17,3973,130,32.514,166.082,21
4919,2,2020,6,BJ McLeod,Chv,17,3973,131,32.407,166.631,21
4919,2,2020,6,BJ McLeod,Chv,17,3973,132,32.295,167.209,21
4919,2,2020,6,BJ McLeod,Chv,17,3973,133,32.144,167.994,21
4919,2,2020,6,BJ McLeod,Chv,17,3973,134,32.146,167.984,21
4919,2,2020,6,BJ McLeod,Chv,17,3973,135,32.371,166.816,21
4919,2,2020,6,BJ McLeod,Chv,17,3973,136,32.361,166.868,21
4919,2,2020,6,BJ McLeod,Chv,17,3973,137,32.27,167.338,21
4919,2,2020,6,BJ McLeod,Chv,17,3973,138,32.491,166.200,21
4919,2,2020,6,BJ McLeod,Chv,17,3973,139,32.38,166.770,21
4919,2,2020,6,BJ McLeod,Chv,17,3973,140,32.606,165.614,21
4919,2,2020,6,BJ McLeod,Chv,17,3973,141,32.611,165.588,21
4919,2,2020,6,BJ McLeod,Chv,17,3973,142,32.82,164.534,21
4919,2,2020,6,BJ McLeod,Chv,17,3973,143,32.362,166.862,21
4919,2,2020,6,BJ McLeod,Chv,17,3973,144,32.319,167.084,21
4919,2,2020,6,BJ McLeod,Chv,17,3973,145,32.569,165.802,21
4919,2,2020,6,BJ McLeod,Chv,17,3973,146,32.509,166.108,21
4919,2,2020,6,BJ McLeod,Chv,17,3973,147,32.504,166.133,19
4919,2,2020,6,BJ McLeod,Chv,17,3973,148,78.579,68.721,24
4919,2,2020,6,BJ McLeod,Chv,17,3973,149,45.832,117.822,26
4919,2,2020,6,BJ McLeod,Chv,17,3973,150,31.494,171.461,25
4919,2,2020,6,BJ McLeod,Chv,17,3973,151,38.775,139.265,25
4919,2,2020,6,BJ McLeod,Chv,17,3973,152,49.549,108.983,24
4919,2,2020,6,BJ McLeod,Chv,17,3973,153,62.459,86.457,24
4919,2,2020,6,BJ McLeod,Chv,17,3973,154,96.795,55.788,24
4919,2,2020,6,BJ McLeod,Chv,17,3973,155,91.008,59.335,24
4919,2,2020,6,BJ McLeod,Chv,17,3973,156,95.284,56.673,24
4919,2,2020,6,BJ McLeod,Chv,17,3973,157,93.803,57.567,24
4919,2,2020,6,BJ McLeod,Chv,17,3973,158,106.658,50.629,26
4919,2,2020,6,BJ McLeod,Chv,17,3973,159,98.233,54.971,25
4919,2,2020,6,BJ McLeod,Chv,17,3973,160,34.266,157.591,26
4919,2,2020,6,BJ McLeod,Chv,17,3973,161,32.072,168.371,26
4919,2,2020,6,BJ McLeod,Chv,17,3973,162,31.817,169.721,26
4919,2,2020,6,BJ McLeod,Chv,17,3973,163,32.007,168.713,26
4919,2,2020,6,BJ McLeod,Chv,17,3973,164,31.866,169.460,26
4919,2,2020,6,BJ McLeod,Chv,17,3973,165,32.227,167.561,26
4919,2,2020,6,BJ McLeod,Chv,17,3973,166,31.716,170.261,25
4919,2,2020,6,BJ McLeod,Chv,17,3973,167,31.689,170.406,25
4919,2,2020,6,BJ McLeod,Chv,17,3973,168,36.034,149.858,25
4919,2,2020,6,BJ McLeod,Chv,17,3973,169,71.968,75.033,25
4919,2,2020,6,BJ McLeod,Chv,17,3973,170,96.29,56.081,24
4919,2,2020,6,BJ McLeod,Chv,17,3973,171,97.856,55.183,24
4919,2,2020,6,BJ McLeod,Chv,17,3973,172,88.288,61.163,24
4919,2,2020,6,BJ McLeod,Chv,17,3973,173,43.069,125.380,23
4919,2,2020,6,BJ McLeod,Chv,17,3973,174,90.718,59.525,23
4919,2,2020,6,BJ McLeod,Chv,17,3973,175,96.784,55.794,23
4919,2,2020,6,BJ McLeod,Chv,17,3973,176,97.688,55.278,23
4919,2,2020,6,BJ McLeod,Chv,17,3973,177,95.391,56.609,22
4919,2,2020,6,BJ McLeod,Chv,17,3973,178,96.318,56.064,22
4919,2,2020,6,BJ McLeod,Chv,17,3973,179,102.708,52.576,22
4919,2,2020,6,BJ McLeod,Chv,17,3973,180,95.88,56.320,22
4919,2,2020,6,BJ McLeod,Chv,17,3973,181,39.629,136.264,22
4919,2,2020,6,BJ McLeod,Chv,17,3973,182,81.615,66.164,21
4919,2,2020,6,BJ McLeod,Chv,17,3973,183,97.144,55.588,21
4919,2,2020,6,BJ McLeod,Chv,17,3973,184,92.146,58.603,21
4919,2,2020,6,BJ McLeod,Chv,17,3973,185,87.181,61.940,21
4919,2,2020,6,BJ McLeod,Chv,17,3973,186,33.374,161.803,21
4919,2,2020,6,BJ McLeod,Chv,17,3973,187,31.983,168.840,20
4919,2,2020,6,BJ McLeod,Chv,17,3973,188,31.5,171.429,20
4919,2,2020,6,BJ McLeod,Chv,17,3973,189,33.372,161.812,20
4919,2,2020,6,BJ McLeod,Chv,17,3973,190,48.597,111.118,20
4919,2,2020,6,BJ McLeod,Chv,17,3973,191,90.37,59.754,20
4919,2,2020,6,BJ McLeod,Chv,17,3973,192,102.374,52.748,20
4919,2,2020,6,BJ McLeod,Chv,17,3973,193,106.817,50.554,21
4919,2,2020,6,BJ McLeod,Chv,17,3973,194,41.224,130.992,20
4919,2,2020,6,BJ McLeod,Chv,17,3973,195,85.135,63.429,20
4919,2,2020,6,BJ McLeod,Chv,17,3973,196,94.487,57.151,20
4919,2,2020,6,BJ McLeod,Chv,17,3973,197,92.002,58.694,19
4919,2,2020,6,BJ McLeod,Chv,17,3973,198,94.443,57.177,18
4919,2,2020,6,BJ McLeod,Chv,17,3973,199,33.779,159.863,17
4919,2,2020,6,BJ McLeod,Chv,17,3973,200,32.151,167.957,17
4919,2,2020,74,Bayley Currey(i),Chv,18,4257,0,,,36
4919,2,2020,74,Bayley Currey(i),Chv,18,4257,1,35.019,154.202,31
4919,2,2020,74,Bayley Currey(i),Chv,18,4257,2,32.321,167.074,30
4919,2,2020,74,Bayley Currey(i),Chv,18,4257,3,32.132,168.057,29
4919,2,2020,74,Bayley Currey(i),Chv,18,4257,4,38.937,138.686,29
4919,2,2020,74,Bayley Currey(i),Chv,18,4257,5,86.733,62.260,28
4919,2,2020,74,Bayley Currey(i),Chv,18,4257,6,95.522,56.531,28
4919,2,2020,74,Bayley Currey(i),Chv,18,4257,7,83.161,64.934,28
4919,2,2020,74,Bayley Currey(i),Chv,18,4257,8,33.931,159.147,26
4919,2,2020,74,Bayley Currey(i),Chv,18,4257,9,32.154,167.942,26
4919,2,2020,74,Bayley Currey(i),Chv,18,4257,10,32.302,167.172,26
4919,2,2020,74,Bayley Currey(i),Chv,18,4257,11,32.258,167.400,27
4919,2,2020,74,Bayley Currey(i),Chv,18,4257,12,31.923,169.157,27
4919,2,2020,74,Bayley Currey(i),Chv,18,4257,13,32.647,165.406,29
4919,2,2020,74,Bayley Currey(i),Chv,18,4257,14,32.416,166.584,29
4919,2,2020,74,Bayley Currey(i),Chv,18,4257,15,32.611,165.588,29
4919,2,2020,74,Bayley Currey(i),Chv,18,4257,16,32.359,166.878,29
4919,2,2020,74,Bayley Currey(i),Chv,18,4257,17,32.611,165.588,28
4919,2,2020,74,Bayley Currey(i),Chv,18,4257,18,32.377,166.785,28
4919,2,2020,74,Bayley Currey(i),Chv,18,4257,19,33.183,162.734,30
4919,2,2020,74,Bayley Currey(i),Chv,18,4257,20,32.513,166.087,30
4919,2,2020,74,Bayley Currey(i),Chv,18,4257,21,40.798,132.359,30
4919,2,2020,74,Bayley Currey(i),Chv,18,4257,22,76.424,70.658,24
4919,2,2020,74,Bayley Currey(i),Chv,18,4257,23,98.904,54.598,28
4919,2,2020,74,Bayley Currey(i),Chv,18,4257,24,92.83,58.171,31
4919,2,2020,74,Bayley Currey(i),Chv,18,4257,25,83.013,65.050,31
4919,2,2020,74,Bayley Currey(i),Chv,18,4257,26,34.208,157.858,31
4919,2,2020,74,Bayley Currey(i),Chv,18,4257,27,32.128,168.078,30
4919,2,2020,74,Bayley Currey(i),Chv,18,4257,28,36.779,146.823,30
4919,2,2020,74,Bayley Currey(i),Chv,18,4257,29,89.41,60.396,30
4919,2,2020,74,Bayley Currey(i),Chv,18,4257,30,103.446,52.201,28
4919,2,2020,74,Bayley Currey(i),Chv,18,4257,31,102.454,52.707,27
4919,2,2020,74,Bayley Currey(i),Chv,18,4257,32,93.403,57.814,25
4919,2,2020,74,Bayley Currey(i),Chv,18,4257,33,33.984,158.898,24
4919,2,2020,74,Bayley Currey(i),Chv,18,4257,34,32.035,168.566,24
4919,2,2020,74,Bayley Currey(i),Chv,18,4257,35,31.914,169.205,24
4919,2,2020,74,Bayley Currey(i),Chv,18,4257,36,32.066,168.403,24
4919,2,2020,74,Bayley Currey(i),Chv,18,4257,37,31.926,169.141,24
4919,2,2020,74,Bayley Currey(i),Chv,18,4257,38,31.913,169.210,24
4919,2,2020,74,Bayley Currey(i),Chv,18,4257,39,32.206,167.671,24
4919,2,2020,74,Bayley Currey(i),Chv,18,4257,40,32.06,168.434,24
4919,2,2020,74,Bayley Currey(i),Chv,18,4257,41,31.992,168.792,23
4919,2,2020,74,Bayley Currey(i),Chv,18,4257,42,32.084,168.308,23
4919,2,2020,74,Bayley Currey(i),Chv,18,4257,43,32.516,166.072,24
4919,2,2020,74,Bayley Currey(i),Chv,18,4257,44,32.427,166.528,24
4919,2,2020,74,Bayley Currey(i),Chv,18,4257,45,32.848,164.394,24
4919,2,2020,74,Bayley Currey(i),Chv,18,4257,46,47.597,113.453,24
4919,2,2020,74,Bayley Currey(i),Chv,18,4257,47,69.681,77.496,24
4919,2,2020,74,Bayley Currey(i),Chv,18,4257,48,95.348,56.635,13
4919,2,2020,74,Bayley Currey(i),Chv,18,4257,49,106.358,50.772,29
4919,2,2020,74,Bayley Currey(i),Chv,18,4257,50,90.945,59.377,28
4919,2,2020,74,Bayley Currey(i),Chv,18,4257,51,93.404,57.813,26
4919,2,2020,74,Bayley Currey(i),Chv,18,4257,52,85.135,63.429,27
4919,2,2020,74,Bayley Currey(i),Chv,18,4257,53,33.944,159.086,27
4919,2,2020,74,Bayley Currey(i),Chv,18,4257,54,31.82,169.705,27
4919,2,2020,74,Bayley Currey(i),Chv,18,4257,55,31.818,169.715,28
4919,2,2020,74,Bayley Currey(i),Chv,18,4257,56,31.922,169.162,28
4919,2,2020,74,Bayley Currey(i),Chv,18,4257,57,31.838,169.609,28
4919,2,2020,74,Bayley Currey(i),Chv,18,4257,58,31.984,168.834,28
4919,2,2020,74,Bayley Currey(i),Chv,18,4257,59,32.15,167.963,27
4919,2,2020,74,Bayley Currey(i),Chv,18,4257,60,31.915,169.199,27
4919,2,2020,74,Bayley Currey(i),Chv,18,4257,61,32.216,167.619,27
4919,2,2020,74,Bayley Currey(i),Chv,18,4257,62,31.784,169.897,27
4919,2,2020,74,Bayley Currey(i),Chv,18,4257,63,31.856,169.513,27
4919,2,2020,74,Bayley Currey(i),Chv,18,4257,64,31.805,169.785,27
4919,2,2020,74,Bayley Currey(i),Chv,18,4257,65,31.676,170.476,27
4919,2,2020,74,Bayley Currey(i),Chv,18,4257,66,31.813,169.742,27
4919,2,2020,74,Bayley Currey(i),Chv,18,4257,67,31.759,170.031,27
4919,2,2020,74,Bayley Currey(i),Chv,18,4257,68,31.834,169.630,27
4919,2,2020,74,Bayley Currey(i),Chv,18,4257,69,32.072,168.371,27
4919,2,2020,74,Bayley Currey(i),Chv,18,4257,70,32.241,167.489,27
4919,2,2020,74,Bayley Currey(i),Chv,18,4257,71,32.05,168.487,27
4919,2,2020,74,Bayley Currey(i),Chv,18,4257,72,32.08,168.329,27
4919,2,2020,74,Bayley Currey(i),Chv,18,4257,73,31.997,168.766,27
4919,2,2020,74,Bayley Currey(i),Chv,18,4257,74,32.086,168.298,27
4919,2,2020,74,Bayley Currey(i),Chv,18,4257,75,32.161,167.905,27
4919,2,2020,74,Bayley Currey(i),Chv,18,4257,76,32.025,168.618,27
4919,2,2020,74,Bayley Currey(i),Chv,18,4257,77,32.126,168.088,27
4919,2,2020,74,Bayley Currey(i),Chv,18,4257,78,32.882,164.224,27
4919,2,2020,74,Bayley Currey(i),Chv,18,4257,79,32.142,168.004,27
4919,2,2020,74,Bayley Currey(i),Chv,18,4257,80,32.312,167.121,27
4919,2,2020,74,Bayley Currey(i),Chv,18,4257,81,32.352,166.914,27
4919,2,2020,74,Bayley Currey(i),Chv,18,4257,82,32.303,167.167,27
4919,2,2020,74,Bayley Currey(i),Chv,18,4257,83,32.56,165.848,27
4919,2,2020,74,Bayley Currey(i),Chv,18,4257,84,32.342,166.966,27
4919,2,2020,74,Bayley Currey(i),Chv,18,4257,85,32.506,166.123,27
4919,2,2020,74,Bayley Currey(i),Chv,18,4257,86,32.54,165.950,27
4919,2,2020,74,Bayley Currey(i),Chv,18,4257,87,32.638,165.451,27
4919,2,2020,74,Bayley Currey(i),Chv,18,4257,88,32.335,167.002,27
4919,2,2020,74,Bayley Currey(i),Chv,18,4257,89,32.427,166.528,27
4919,2,2020,74,Bayley Currey(i),Chv,18,4257,90,47.379,113.975,27
4919,2,2020,74,Bayley Currey(i),Chv,18,4257,91,78.499,68.791,27
4919,2,2020,74,Bayley Currey(i),Chv,18,4257,92,91.564,58.975,27
4919,2,2020,74,Bayley Currey(i),Chv,18,4257,93,96.9,55.728,24
4919,2,2020,74,Bayley Currey(i),Chv,18,4257,94,109.862,49.153,29
4919,2,2020,74,Bayley Currey(i),Chv,18,4257,95,93.976,57.461,29
4919,2,2020,74,Bayley Currey(i),Chv,18,4257,96,93.297,57.880,30
4919,2,2020,74,Bayley Currey(i),Chv,18,4257,97,83.923,64.345,30
4919,2,2020,74,Bayley Currey(i),Chv,18,4257,98,34.409,156.936,30
4919,2,2020,74,Bayley Currey(i),Chv,18,4257,99,31.7,170.347,30
4919,2,2020,74,Bayley Currey(i),Chv,18,4257,100,31.686,170.422,30
4919,2,2020,74,Bayley Currey(i),Chv,18,4257,101,31.545,171.184,30
4919,2,2020,74,Bayley Currey(i),Chv,18,4257,102,31.729,170.191,30
4919,2,2020,74,Bayley Currey(i),Chv,18,4257,103,31.749,170.084,29
4919,2,2020,74,Bayley Currey(i),Chv,18,4257,104,31.753,170.063,29
4919,2,2020,74,Bayley Currey(i),Chv,18,4257,105,31.576,171.016,29
4919,2,2020,74,Bayley Currey(i),Chv,18,4257,106,32.085,168.303,28
4919,2,2020,74,Bayley Currey(i),Chv,18,4257,107,31.772,169.961,28
4919,2,2020,74,Bayley Currey(i),Chv,18,4257,108,31.851,169.539,28
4919,2,2020,74,Bayley Currey(i),Chv,18,4257,109,31.78,169.918,28
4919,2,2020,74,Bayley Currey(i),Chv,18,4257,110,31.825,169.678,28
4919,2,2020,74,Bayley Currey(i),Chv,18,4257,111,31.766,169.993,28
4919,2,2020,74,Bayley Currey(i),Chv,18,4257,112,32.232,167.535,27
4919,2,2020,74,Bayley Currey(i),Chv,18,4257,113,31.802,169.801,27
4919,2,2020,74,Bayley Currey(i),Chv,18,4257,114,31.797,169.827,27
4919,2,2020,74,Bayley Currey(i),Chv,18,4257,115,31.919,169.178,27
4919,2,2020,74,Bayley Currey(i),Chv,18,4257,116,31.905,169.252,27
4919,2,2020,74,Bayley Currey(i),Chv,18,4257,117,32.005,168.724,27
4919,2,2020,74,Bayley Currey(i),Chv,18,4257,118,32.175,167.832,27
4919,2,2020,74,Bayley Currey(i),Chv,18,4257,119,31.966,168.929,27
4919,2,2020,74,Bayley Currey(i),Chv,18,4257,120,31.923,169.157,27
4919,2,2020,74,Bayley Currey(i),Chv,18,4257,121,32.166,167.879,27
4919,2,2020,74,Bayley Currey(i),Chv,18,4257,122,32.745,164.911,27
4919,2,2020,74,Bayley Currey(i),Chv,18,4257,123,32.231,167.541,27
4919,2,2020,74,Bayley Currey(i),Chv,18,4257,124,32.167,167.874,27
4919,2,2020,74,Bayley Currey(i),Chv,18,4257,125,32.108,168.182,27
4919,2,2020,74,Bayley Currey(i),Chv,18,4257,126,32.036,168.560,27
4919,2,2020,74,Bayley Currey(i),Chv,18,4257,127,32.343,166.960,27
4919,2,2020,74,Bayley Currey(i),Chv,18,4257,128,32.232,167.535,27
4919,2,2020,74,Bayley Currey(i),Chv,18,4257,129,32.881,164.229,27
4919,2,2020,74,Bayley Currey(i),Chv,18,4257,130,32.203,167.686,27
4919,2,2020,74,Bayley Currey(i),Chv,18,4257,131,32.142,168.004,27
4919,2,2020,74,Bayley Currey(i),Chv,18,4257,132,32.717,165.052,27
4919,2,2020,74,Bayley Currey(i),Chv,18,4257,133,32.223,167.582,27
4919,2,2020,74,Bayley Currey(i),Chv,18,4257,134,32.396,166.687,27
4919,2,2020,74,Bayley Currey(i),Chv,18,4257,135,32.436,166.482,27
4919,2,2020,74,Bayley Currey(i),Chv,18,4257,136,32.835,164.459,27
4919,2,2020,74,Bayley Currey(i),Chv,18,4257,137,32.815,164.559,27
4919,2,2020,74,Bayley Currey(i),Chv,18,4257,138,32.8,164.634,27
4919,2,2020,74,Bayley Currey(i),Chv,18,4257,139,32.657,165.355,27
4919,2,2020,74,Bayley Currey(i),Chv,18,4257,140,32.361,166.868,27
4919,2,2020,74,Bayley Currey(i),Chv,18,4257,141,32.613,165.578,26
4919,2,2020,74,Bayley Currey(i),Chv,18,4257,142,32.465,166.333,26
4919,2,2020,74,Bayley Currey(i),Chv,18,4257,143,32.451,166.405,26
4919,2,2020,74,Bayley Currey(i),Chv,18,4257,144,32.846,164.404,26
4919,2,2020,74,Bayley Currey(i),Chv,18,4257,145,32.974,163.765,26
4919,2,2020,74,Bayley Currey(i),Chv,18,4257,146,33.048,163.399,26
4919,2,2020,74,Bayley Currey(i),Chv,18,4257,147,32.716,165.057,24
4919,2,2020,74,Bayley Currey(i),Chv,18,4257,148,45.731,118.082,22
4919,2,2020,74,Bayley Currey(i),Chv,18,4257,149,67.596,79.886,25
4919,2,2020,74,Bayley Currey(i),Chv,18,4257,150,32.644,165.421,26
4919,2,2020,74,Bayley Currey(i),Chv,18,4257,151,39.15,137.931,26
4919,2,2020,74,Bayley Currey(i),Chv,18,4257,152,48.882,110.470,25
4919,2,2020,74,Bayley Currey(i),Chv,18,4257,153,62.488,86.417,25
4919,2,2020,74,Bayley Currey(i),Chv,18,4257,154,97.027,55.655,25
4919,2,2020,74,Bayley Currey(i),Chv,18,4257,155,90.703,59.535,25
4919,2,2020,74,Bayley Currey(i),Chv,18,4257,156,98.423,54.865,26
4919,2,2020,74,Bayley Currey(i),Chv,18,4257,157,97.154,55.582,26
4919,2,2020,74,Bayley Currey(i),Chv,18,4257,158,102.101,52.889,28
4919,2,2020,74,Bayley Currey(i),Chv,18,4257,159,96.583,55.910,28
4919,2,2020,74,Bayley Currey(i),Chv,18,4257,160,34.299,157.439,27
4919,2,2020,74,Bayley Currey(i),Chv,18,4257,161,31.727,170.202,27
4919,2,2020,74,Bayley Currey(i),Chv,18,4257,162,31.856,169.513,27
4919,2,2020,74,Bayley Currey(i),Chv,18,4257,163,31.634,170.702,27
4919,2,2020,74,Bayley Currey(i),Chv,18,4257,164,31.941,169.062,27
4919,2,2020,74,Bayley Currey(i),Chv,18,4257,165,32.738,164.946,27
4919,2,2020,74,Bayley Currey(i),Chv,18,4257,166,32.121,168.114,27
4919,2,2020,74,Bayley Currey(i),Chv,18,4257,167,31.955,168.988,27
4919,2,2020,74,Bayley Currey(i),Chv,18,4257,168,38.091,141.766,27
4919,2,2020,74,Bayley Currey(i),Chv,18,4257,169,71.264,75.775,27
4919,2,2020,74,Bayley Currey(i),Chv,18,4257,170,95.204,56.720,25
4919,2,2020,74,Bayley Currey(i),Chv,18,4257,171,98.486,54.830,25
4919,2,2020,74,Bayley Currey(i),Chv,18,4257,172,85.966,62.816,25
4919,2,2020,74,Bayley Currey(i),Chv,18,4257,173,44.168,122.260,25
4919,2,2020,74,Bayley Currey(i),Chv,18,4257,174,90.751,59.503,24
4919,2,2020,74,Bayley Currey(i),Chv,18,4257,175,96.99,55.676,24
4919,2,2020,74,Bayley Currey(i),Chv,18,4257,176,98.345,54.909,24
4919,2,2020,74,Bayley Currey(i),Chv,18,4257,177,94.834,56.942,23
4919,2,2020,74,Bayley Currey(i),Chv,18,4257,178,96.713,55.835,23
4919,2,2020,74,Bayley Currey(i),Chv,18,4257,179,102.198,52.839,23
4919,2,2020,74,Bayley Currey(i),Chv,18,4257,180,94.616,57.073,23
4919,2,2020,74,Bayley Currey(i),Chv,18,4257,181,38.822,139.096,21
4919,2,2020,74,Bayley Currey(i),Chv,18,4257,182,82.322,65.596,22
4919,2,2020,74,Bayley Currey(i),Chv,18,4257,183,97.821,55.203,22
4919,2,2020,74,Bayley Currey(i),Chv,18,4257,184,91.983,58.707,22
4919,2,2020,74,Bayley Currey(i),Chv,18,4257,185,86.674,62.302,22
4919,2,2020,74,Bayley Currey(i),Chv,18,4257,186,33.617,160.633,22
4919,2,2020,74,Bayley Currey(i),Chv,18,4257,187,31.821,169.699,21
4919,2,2020,74,Bayley Currey(i),Chv,18,4257,188,31.7,170.347,21
4919,2,2020,74,Bayley Currey(i),Chv,18,4257,189,33.609,160.671,21
4919,2,2020,74,Bayley Currey(i),Chv,18,4257,190,48.614,111.079,21
4919,2,2020,74,Bayley Currey(i),Chv,18,4257,191,90.366,59.757,21
4919,2,2020,74,Bayley Currey(i),Chv,18,4257,192,102.278,52.797,21
4919,2,2020,74,Bayley Currey(i),Chv,18,4257,193,106.319,50.791,20
4919,2,2020,74,Bayley Currey(i),Chv,18,4257,194,43.707,123.550,22
4919,2,2020,74,Bayley Currey(i),Chv,18,4257,195,85.502,63.156,22
4919,2,2020,74,Bayley Currey(i),Chv,18,4257,196,93.51,57.748,22
4919,2,2020,74,Bayley Currey(i),Chv,18,4257,197,91.826,58.807,21
4919,2,2020,74,Bayley Currey(i),Chv,18,4257,198,93.107,57.998,20
4919,2,2020,74,Bayley Currey(i),Chv,18,4257,199,33.605,160.690,18
4919,2,2020,74,Bayley Currey(i),Chv,18,4257,200,32.083,168.313,18
4919,2,2020,08,Joe Graf Jr #,Chv,19,4313,0,,,28
4919,2,2020,08,Joe Graf Jr #,Chv,19,4313,1,34.875,154.839,27
4919,2,2020,08,Joe Graf Jr #,Chv,19,4313,2,32.308,167.141,27
4919,2,2020,08,Joe Graf Jr #,Chv,19,4313,3,32.032,168.581,27
4919,2,2020,08,Joe Graf Jr #,Chv,19,4313,4,38.666,139.658,27
4919,2,2020,08,Joe Graf Jr #,Chv,19,4313,5,86.635,62.330,26
4919,2,2020,08,Joe Graf Jr #,Chv,19,4313,6,95.11,56.776,26
4919,2,2020,08,Joe Graf Jr #,Chv,19,4313,7,84.497,63.908,25
4919,2,2020,08,Joe Graf Jr #,Chv,19,4313,8,34.357,157.173,27
4919,2,2020,08,Joe Graf Jr #,Chv,19,4313,9,32.199,167.707,27
4919,2,2020,08,Joe Graf Jr #,Chv,19,4313,10,32.468,166.318,29
4919,2,2020,08,Joe Graf Jr #,Chv,19,4313,11,32.831,164.479,32
4919,2,2020,08,Joe Graf Jr #,Chv,19,4313,12,32.277,167.302,32
4919,2,2020,08,Joe Graf Jr #,Chv,19,4313,13,32.099,168.230,32
4919,2,2020,08,Joe Graf Jr #,Chv,19,4313,14,32.378,166.780,32
4919,2,2020,08,Joe Graf Jr #,Chv,19,4313,15,32.237,167.509,32
4919,2,2020,08,Joe Graf Jr #,Chv,19,4313,16,32.541,165.945,32
4919,2,2020,08,Joe Graf Jr #,Chv,19,4313,17,32.704,165.117,31
4919,2,2020,08,Joe Graf Jr #,Chv,19,4313,18,32.561,165.843,31
4919,2,2020,08,Joe Graf Jr #,Chv,19,4313,19,32.527,166.016,31
4919,2,2020,08,Joe Graf Jr #,Chv,19,4313,20,32.654,165.370,31
4919,2,2020,08,Joe Graf Jr #,Chv,19,4313,21,41.092,131.412,31
4919,2,2020,08,Joe Graf Jr #,Chv,19,4313,22,145.15,37.203,33
4919,2,2020,08,Joe Graf Jr #,Chv,19,4313,23,50.245,107.473,31
4919,2,2020,08,Joe Graf Jr #,Chv,19,4313,24,71.565,75.456,30
4919,2,2020,08,Joe Graf Jr #,Chv,19,4313,25,83.394,64.753,29
4919,2,2020,08,Joe Graf Jr #,Chv,19,4313,26,34.183,157.973,29
4919,2,2020,08,Joe Graf Jr #,Chv,19,4313,27,32.167,167.874,29
4919,2,2020,08,Joe Graf Jr #,Chv,19,4313,28,36.439,148.193,29
4919,2,2020,08,Joe Graf Jr #,Chv,19,4313,29,89.259,60.498,29
4919,2,2020,08,Joe Graf Jr #,Chv,19,4313,30,138.781,38.910,32
4919,2,2020,08,Joe Graf Jr #,Chv,19,4313,31,70.66,76.422,32
4919,2,2020,08,Joe Graf Jr #,Chv,19,4313,32,91.539,58.991,32
4919,2,2020,08,Joe Graf Jr #,Chv,19,4313,33,34.432,156.831,33
4919,2,2020,08,Joe Graf Jr #,Chv,19,4313,34,32.225,167.572,33
4919,2,2020,08,Joe Graf Jr #,Chv,19,4313,35,32.124,168.099,32
4919,2,2020,08,Joe Graf Jr #,Chv,19,4313,36,31.878,169.396,31
4919,2,2020,08,Joe Graf Jr #,Chv,19,4313,37,31.951,169.009,31
4919,2,2020,08,Joe Graf Jr #,Chv,19,4313,38,31.948,169.025,31
4919,2,2020,08,Joe Graf Jr #,Chv,19,4313,39,31.854,169.523,30
4919,2,2020,08,Joe Graf Jr #,Chv,19,4313,40,31.875,169.412,30
4919,2,2020,08,Joe Graf Jr #,Chv,19,4313,41,32.051,168.481,30
4919,2,2020,08,Joe Graf Jr #,Chv,19,4313,42,32.336,166.997,30
4919,2,2020,08,Joe Graf Jr #,Chv,19,4313,43,32.242,167.483,29
4919,2,2020,08,Joe Graf Jr #,Chv,19,4313,44,32.139,168.020,28
4919,2,2020,08,Joe Graf Jr #,Chv,19,4313,45,33.318,162.075,28
4919,2,2020,08,Joe Graf Jr #,Chv,19,4313,46,48.543,111.242,28
4919,2,2020,08,Joe Graf Jr #,Chv,19,4313,47,69.764,77.404,28
4919,2,2020,08,Joe Graf Jr #,Chv,19,4313,48,117.838,45.826,27
4919,2,2020,08,Joe Graf Jr #,Chv,19,4313,49,72.774,74.202,20
4919,2,2020,08,Joe Graf Jr #,Chv,19,4313,50,95.611,56.479,20
4919,2,2020,08,Joe Graf Jr #,Chv,19,4313,51,98.242,54.966,29
4919,2,2020,08,Joe Graf Jr #,Chv,19,4313,52,84.484,63.917,29
4919,2,2020,08,Joe Graf Jr #,Chv,19,4313,53,34.24,157.710,29
4919,2,2020,08,Joe Graf Jr #,Chv,19,4313,54,31.963,168.945,30
4919,2,2020,08,Joe Graf Jr #,Chv,19,4313,55,31.846,169.566,30
4919,2,2020,08,Joe Graf Jr #,Chv,19,4313,56,31.646,170.638,30
4919,2,2020,08,Joe Graf Jr #,Chv,19,4313,57,31.881,169.380,30
4919,2,2020,08,Joe Graf Jr #,Chv,19,4313,58,31.801,169.806,29
4919,2,2020,08,Joe Graf Jr #,Chv,19,4313,59,32.061,168.429,28
4919,2,2020,08,Joe Graf Jr #,Chv,19,4313,60,32.008,168.708,28
4919,2,2020,08,Joe Graf Jr #,Chv,19,4313,61,32.061,168.429,28
4919,2,2020,08,Joe Graf Jr #,Chv,19,4313,62,31.941,169.062,28
4919,2,2020,08,Joe Graf Jr #,Chv,19,4313,63,32.162,167.900,29
4919,2,2020,08,Joe Graf Jr #,Chv,19,4313,64,32.109,168.177,29
4919,2,2020,08,Joe Graf Jr #,Chv,19,4313,65,32.508,166.113,29
4919,2,2020,08,Joe Graf Jr #,Chv,19,4313,66,32.466,166.328,29
4919,2,2020,08,Joe Graf Jr #,Chv,19,4313,67,32.372,166.811,29
4919,2,2020,08,Joe Graf Jr #,Chv,19,4313,68,32.188,167.764,29
4919,2,2020,08,Joe Graf Jr #,Chv,19,4313,69,32.106,168.193,29
4919,2,2020,08,Joe Graf Jr #,Chv,19,4313,70,31.87,169.438,29
4919,2,2020,08,Joe Graf Jr #,Chv,19,4313,71,31.939,169.072,29
4919,2,2020,08,Joe Graf Jr #,Chv,19,4313,72,31.975,168.882,29
4919,2,2020,08,Joe Graf Jr #,Chv,19,4313,73,31.742,170.122,29
4919,2,2020,08,Joe Graf Jr #,Chv,19,4313,74,32.311,167.126,29
4919,2,2020,08,Joe Graf Jr #,Chv,19,4313,75,32.629,165.497,29
4919,2,2020,08,Joe Graf Jr #,Chv,19,4313,76,32.722,165.027,29
4919,2,2020,08,Joe Graf Jr #,Chv,19,4313,77,32.392,166.708,29
4919,2,2020,08,Joe Graf Jr #,Chv,19,4313,78,32.252,167.431,29
4919,2,2020,08,Joe Graf Jr #,Chv,19,4313,79,32.378,166.780,29
4919,2,2020,08,Joe Graf Jr #,Chv,19,4313,80,32.859,164.339,29
4919,2,2020,08,Joe Graf Jr #,Chv,19,4313,81,32.907,164.099,29
4919,2,2020,08,Joe Graf Jr #,Chv,19,4313,82,32.85,164.384,29
4919,2,2020,08,Joe Graf Jr #,Chv,19,4313,83,32.797,164.649,29
4919,2,2020,08,Joe Graf Jr #,Chv,19,4313,84,33.079,163.246,29
4919,2,2020,08,Joe Graf Jr #,Chv,19,4313,85,32.992,163.676,29
4919,2,2020,08,Joe Graf Jr #,Chv,19,4313,86,32.497,166.169,29
4919,2,2020,08,Joe Graf Jr #,Chv,19,4313,87,32.499,166.159,29
4919,2,2020,08,Joe Graf Jr #,Chv,19,4313,88,32.553,165.883,29
4919,2,2020,08,Joe Graf Jr #,Chv,19,4313,89,32.991,163.681,29
4919,2,2020,08,Joe Graf Jr #,Chv,19,4313,90,47.565,113.529,29
4919,2,2020,08,Joe Graf Jr #,Chv,19,4313,91,76.651,70.449,29
4919,2,2020,08,Joe Graf Jr #,Chv,19,4313,92,86.941,62.111,29
4919,2,2020,08,Joe Graf Jr #,Chv,19,4313,93,119.214,45.297,27
4919,2,2020,08,Joe Graf Jr #,Chv,19,4313,94,78.47,68.816,21
4919,2,2020,08,Joe Graf Jr #,Chv,19,4313,95,95.954,56.277,21
4919,2,2020,08,Joe Graf Jr #,Chv,19,4313,96,91.893,58.764,20
4919,2,2020,08,Joe Graf Jr #,Chv,19,4313,97,89.562,60.293,19
4919,2,2020,08,Joe Graf Jr #,Chv,19,4313,98,34.293,157.467,22
4919,2,2020,08,Joe Graf Jr #,Chv,19,4313,99,32.306,167.152,25
4919,2,2020,08,Joe Graf Jr #,Chv,19,4313,100,31.82,169.705,26
4919,2,2020,08,Joe Graf Jr #,Chv,19,4313,101,31.735,170.159,26
4919,2,2020,08,Joe Graf Jr #,Chv,19,4313,102,32.126,168.088,28
4919,2,2020,08,Joe Graf Jr #,Chv,19,4313,103,31.98,168.856,28
4919,2,2020,08,Joe Graf Jr #,Chv,19,4313,104,31.634,170.702,28
4919,2,2020,08,Joe Graf Jr #,Chv,19,4313,105,31.874,169.417,28
4919,2,2020,08,Joe Graf Jr #,Chv,19,4313,106,32.519,166.057,30
4919,2,2020,08,Joe Graf Jr #,Chv,19,4313,107,31.777,169.934,29
4919,2,2020,08,Joe Graf Jr #,Chv,19,4313,108,31.936,169.088,29
4919,2,2020,08,Joe Graf Jr #,Chv,19,4313,109,32.302,167.172,30
4919,2,2020,08,Joe Graf Jr #,Chv,19,4313,110,32.558,165.858,30
4919,2,2020,08,Joe Graf Jr #,Chv,19,4313,111,32.142,168.004,30
4919,2,2020,08,Joe Graf Jr #,Chv,19,4313,112,32.058,168.445,30
4919,2,2020,08,Joe Graf Jr #,Chv,19,4313,113,32.244,167.473,30
4919,2,2020,08,Joe Graf Jr #,Chv,19,4313,114,32.033,168.576,30
4919,2,2020,08,Joe Graf Jr #,Chv,19,4313,115,32.282,167.276,30
4919,2,2020,08,Joe Graf Jr #,Chv,19,4313,116,32.202,167.691,30
4919,2,2020,08,Joe Graf Jr #,Chv,19,4313,117,32.404,166.646,30
4919,2,2020,08,Joe Graf Jr #,Chv,19,4313,118,32.575,165.771,30
4919,2,2020,08,Joe Graf Jr #,Chv,19,4313,119,32.271,167.333,30
4919,2,2020,08,Joe Graf Jr #,Chv,19,4313,120,32.35,166.924,30
4919,2,2020,08,Joe Graf Jr #,Chv,19,4313,121,32.359,166.878,30
4919,2,2020,08,Joe Graf Jr #,Chv,19,4313,122,32.208,167.660,30
4919,2,2020,08,Joe Graf Jr #,Chv,19,4313,123,32.538,165.960,30
4919,2,2020,08,Joe Graf Jr #,Chv,19,4313,124,32.464,166.338,30
4919,2,2020,08,Joe Graf Jr #,Chv,19,4313,125,32.617,165.558,30
4919,2,2020,08,Joe Graf Jr #,Chv,19,4313,126,32.327,167.043,30
4919,2,2020,08,Joe Graf Jr #,Chv,19,4313,127,32.261,167.385,29
4919,2,2020,08,Joe Graf Jr #,Chv,19,4313,128,32.323,167.064,29
4919,2,2020,08,Joe Graf Jr #,Chv,19,4313,129,32.11,168.172,29
4919,2,2020,08,Joe Graf Jr #,Chv,19,4313,130,32.657,165.355,29
4919,2,2020,08,Joe Graf Jr #,Chv,19,4313,131,32.188,167.764,29
4919,2,2020,08,Joe Graf Jr #,Chv,19,4313,132,32.045,168.513,29
4919,2,2020,08,Joe Graf Jr #,Chv,19,4313,133,32.165,167.884,29
4919,2,2020,08,Joe Graf Jr #,Chv,19,4313,134,32.199,167.707,29
4919,2,2020,08,Joe Graf Jr #,Chv,19,4313,135,32.318,167.090,29
4919,2,2020,08,Joe Graf Jr #,Chv,19,4313,136,32.399,166.672,29
4919,2,2020,08,Joe Graf Jr #,Chv,19,4313,137,32.3,167.183,29
4919,2,2020,08,Joe Graf Jr #,Chv,19,4313,138,32.261,167.385,29
4919,2,2020,08,Joe Graf Jr #,Chv,19,4313,139,32.315,167.105,29
4919,2,2020,08,Joe Graf Jr #,Chv,19,4313,140,32.049,168.492,29
4919,2,2020,08,Joe Graf Jr #,Chv,19,4313,141,32.351,166.919,28
4919,2,2020,08,Joe Graf Jr #,Chv,19,4313,142,32.129,168.072,28
4919,2,2020,08,Joe Graf Jr #,Chv,19,4313,143,32.079,168.334,28
4919,2,2020,08,Joe Graf Jr #,Chv,19,4313,144,32.373,166.806,27
4919,2,2020,08,Joe Graf Jr #,Chv,19,4313,145,32.523,166.036,27
4919,2,2020,08,Joe Graf Jr #,Chv,19,4313,146,32.799,164.639,27
4919,2,2020,08,Joe Graf Jr #,Chv,19,4313,147,32.926,164.004,25
4919,2,2020,08,Joe Graf Jr #,Chv,19,4313,148,68.835,78.448,25
4919,2,2020,08,Joe Graf Jr #,Chv,19,4313,149,46.057,117.246,27
4919,2,2020,08,Joe Graf Jr #,Chv,19,4313,150,31.882,169.375,27
4919,2,2020,08,Joe Graf Jr #,Chv,19,4313,151,40.556,133.149,27
4919,2,2020,08,Joe Graf Jr #,Chv,19,4313,152,48.969,110.274,26
4919,2,2020,08,Joe Graf Jr #,Chv,19,4313,153,61.28,88.120,26
4919,2,2020,08,Joe Graf Jr #,Chv,19,4313,154,96.369,56.035,26
4919,2,2020,08,Joe Graf Jr #,Chv,19,4313,155,90.685,59.547,26
4919,2,2020,08,Joe Graf Jr #,Chv,19,4313,156,94.362,57.226,25
4919,2,2020,08,Joe Graf Jr #,Chv,19,4313,157,93.677,57.645,25
4919,2,2020,08,Joe Graf Jr #,Chv,19,4313,158,105.982,50.952,25
4919,2,2020,08,Joe Graf Jr #,Chv,19,4313,159,98.821,54.644,26
4919,2,2020,08,Joe Graf Jr #,Chv,19,4313,160,33.342,161.958,24
4919,2,2020,08,Joe Graf Jr #,Chv,19,4313,161,31.882,169.375,24
4919,2,2020,08,Joe Graf Jr #,Chv,19,4313,162,31.977,168.871,24
4919,2,2020,08,Joe Graf Jr #,Chv,19,4313,163,31.953,168.998,24
4919,2,2020,08,Joe Graf Jr #,Chv,19,4313,164,31.864,169.470,24
4919,2,2020,08,Joe Graf Jr #,Chv,19,4313,165,32.242,167.483,24
4919,2,2020,08,Joe Graf Jr #,Chv,19,4313,166,31.725,170.213,24
4919,2,2020,08,Joe Graf Jr #,Chv,19,4313,167,31.997,168.766,24
4919,2,2020,08,Joe Graf Jr #,Chv,19,4313,168,36.049,149.796,24
4919,2,2020,08,Joe Graf Jr #,Chv,19,4313,169,71.945,75.057,24
4919,2,2020,08,Joe Graf Jr #,Chv,19,4313,170,96.142,56.167,23
4919,2,2020,08,Joe Graf Jr #,Chv,19,4313,171,98.001,55.101,23
4919,2,2020,08,Joe Graf Jr #,Chv,19,4313,172,88.604,60.945,23
4919,2,2020,08,Joe Graf Jr #,Chv,19,4313,173,43.434,124.327,24
4919,2,2020,08,Joe Graf Jr #,Chv,19,4313,174,90.224,59.851,22
4919,2,2020,08,Joe Graf Jr #,Chv,19,4313,175,96.583,55.910,22
4919,2,2020,08,Joe Graf Jr #,Chv,19,4313,176,97.58,55.339,22
4919,2,2020,08,Joe Graf Jr #,Chv,19,4313,177,95.346,56.636,21
4919,2,2020,08,Joe Graf Jr #,Chv,19,4313,178,96.245,56.107,21
4919,2,2020,08,Joe Graf Jr #,Chv,19,4313,179,102.911,52.473,21
4919,2,2020,08,Joe Graf Jr #,Chv,19,4313,180,96.269,56.093,21
4919,2,2020,08,Joe Graf Jr #,Chv,19,4313,181,40.4,133.663,24
4919,2,2020,08,Joe Graf Jr #,Chv,19,4313,182,81.489,66.267,23
4919,2,2020,08,Joe Graf Jr #,Chv,19,4313,183,97.911,55.152,23
4919,2,2020,08,Joe Graf Jr #,Chv,19,4313,184,91.826,58.807,23
4919,2,2020,08,Joe Graf Jr #,Chv,19,4313,185,86.374,62.519,23
4919,2,2020,08,Joe Graf Jr #,Chv,19,4313,186,33.526,161.069,23
4919,2,2020,08,Joe Graf Jr #,Chv,19,4313,187,31.911,169.221,22
4919,2,2020,08,Joe Graf Jr #,Chv,19,4313,188,31.695,170.374,22
4919,2,2020,08,Joe Graf Jr #,Chv,19,4313,189,33.767,159.919,22
4919,2,2020,08,Joe Graf Jr #,Chv,19,4313,190,48.88,110.475,22
4919,2,2020,08,Joe Graf Jr #,Chv,19,4313,191,90.389,59.742,22
4919,2,2020,08,Joe Graf Jr #,Chv,19,4313,192,101.815,53.037,22
4919,2,2020,08,Joe Graf Jr #,Chv,19,4313,193,106.298,50.801,23
4919,2,2020,08,Joe Graf Jr #,Chv,19,4313,194,42.037,128.458,21
4919,2,2020,08,Joe Graf Jr #,Chv,19,4313,195,85.784,62.949,21
4919,2,2020,08,Joe Graf Jr #,Chv,19,4313,196,94.197,57.327,21
4919,2,2020,08,Joe Graf Jr #,Chv,19,4313,197,91.769,58.843,20
4919,2,2020,08,Joe Graf Jr #,Chv,19,4313,198,93.61,57.686,19
4919,2,2020,08,Joe Graf Jr #,Chv,19,4313,199,33.874,159.414,19
4919,2,2020,08,Joe Graf Jr #,Chv,19,4313,200,31.952,169.004,19
4919,2,2020,98,Chase Briscoe,Frd,20,4228,0,,,8
4919,2,2020,98,Chase Briscoe,Frd,20,4228,1,33.858,159.490,8
4919,2,2020,98,Chase Briscoe,Frd,20,4228,2,31.208,173.033,8
4919,2,2020,98,Chase Briscoe,Frd,20,4228,3,30.913,174.684,8
4919,2,2020,98,Chase Briscoe,Frd,20,4228,4,33.701,160.233,8
4919,2,2020,98,Chase Briscoe,Frd,20,4228,5,86.58,62.370,8
4919,2,2020,98,Chase Briscoe,Frd,20,4228,6,95.914,56.300,8
4919,2,2020,98,Chase Briscoe,Frd,20,4228,7,92.404,58.439,7
4919,2,2020,98,Chase Briscoe,Frd,20,4228,8,32.678,165.249,5
4919,2,2020,98,Chase Briscoe,Frd,20,4228,9,30.819,175.217,5
4919,2,2020,98,Chase Briscoe,Frd,20,4228,10,30.861,174.978,4
4919,2,2020,98,Chase Briscoe,Frd,20,4228,11,30.87,174.927,4
4919,2,2020,98,Chase Briscoe,Frd,20,4228,12,30.973,174.345,4
4919,2,2020,98,Chase Briscoe,Frd,20,4228,13,31.166,173.266,4
4919,2,2020,98,Chase Briscoe,Frd,20,4228,14,30.969,174.368,4
4919,2,2020,98,Chase Briscoe,Frd,20,4228,15,30.948,174.486,3
4919,2,2020,98,Chase Briscoe,Frd,20,4228,16,30.908,174.712,3
4919,2,2020,98,Chase Briscoe,Frd,20,4228,17,31.052,173.902,3
4919,2,2020,98,Chase Briscoe,Frd,20,4228,18,31.211,173.016,3
4919,2,2020,98,Chase Briscoe,Frd,20,4228,19,31.226,172.933,3
4919,2,2020,98,Chase Briscoe,Frd,20,4228,20,31.28,172.634,3
4919,2,2020,98,Chase Briscoe,Frd,20,4228,21,35.988,150.050,3
4919,2,2020,98,Chase Briscoe,Frd,20,4228,22,85.29,63.313,3
4919,2,2020,98,Chase Briscoe,Frd,20,4228,23,96.915,55.719,3
4919,2,2020,98,Chase Briscoe,Frd,20,4228,24,96.98,55.682,3
4919,2,2020,98,Chase Briscoe,Frd,20,4228,25,94.164,57.347,4
4919,2,2020,98,Chase Briscoe,Frd,20,4228,26,33.508,161.156,6
4919,2,2020,98,Chase Briscoe,Frd,20,4228,27,31.135,173.438,7
4919,2,2020,98,Chase Briscoe,Frd,20,4228,28,32.977,163.750,7
4919,2,2020,98,Chase Briscoe,Frd,20,4228,29,85.005,63.526,7
4919,2,2020,98,Chase Briscoe,Frd,20,4228,30,105.057,51.401,7
4919,2,2020,98,Chase Briscoe,Frd,20,4228,31,105.336,51.265,7
4919,2,2020,98,Chase Briscoe,Frd,20,4228,32,100.249,53.866,8
4919,2,2020,98,Chase Briscoe,Frd,20,4228,33,33.31,162.113,7
4919,2,2020,98,Chase Briscoe,Frd,20,4228,34,31.45,171.701,7
4919,2,2020,98,Chase Briscoe,Frd,20,4228,35,31.395,172.002,8
4919,2,2020,98,Chase Briscoe,Frd,20,4228,36,31.316,172.436,8
4919,2,2020,98,Chase Briscoe,Frd,20,4228,37,31.231,172.905,8
4919,2,2020,98,Chase Briscoe,Frd,20,4228,38,31.348,172.260,8
4919,2,2020,98,Chase Briscoe,Frd,20,4228,39,31.497,171.445,8
4919,2,2020,98,Chase Briscoe,Frd,20,4228,40,31.307,172.485,8
4919,2,2020,98,Chase Briscoe,Frd,20,4228,41,31.594,170.919,7
4919,2,2020,98,Chase Briscoe,Frd,20,4228,42,31.619,170.783,8
4919,2,2020,98,Chase Briscoe,Frd,20,4228,43,31.437,171.772,8
4919,2,2020,98,Chase Briscoe,Frd,20,4228,44,31.313,172.452,8
4919,2,2020,98,Chase Briscoe,Frd,20,4228,45,31.536,171.233,8
4919,2,2020,98,Chase Briscoe,Frd,20,4228,46,48.025,112.441,8
4919,2,2020,98,Chase Briscoe,Frd,20,4228,47,71.751,75.260,8
4919,2,2020,98,Chase Briscoe,Frd,20,4228,48,96.638,55.879,4
4919,2,2020,98,Chase Briscoe,Frd,20,4228,49,94.415,57.194,3
4919,2,2020,98,Chase Briscoe,Frd,20,4228,50,96.483,55.968,3
4919,2,2020,98,Chase Briscoe,Frd,20,4228,51,96.276,56.089,3
4919,2,2020,98,Chase Briscoe,Frd,20,4228,52,93.806,57.566,4
4919,2,2020,98,Chase Briscoe,Frd,20,4228,53,32.512,166.093,3
4919,2,2020,98,Chase Briscoe,Frd,20,4228,54,30.454,177.317,3
4919,2,2020,98,Chase Briscoe,Frd,20,4228,55,30.501,177.043,3
4919,2,2020,98,Chase Briscoe,Frd,20,4228,56,30.587,176.546,3
4919,2,2020,98,Chase Briscoe,Frd,20,4228,57,30.649,176.188,3
4919,2,2020,98,Chase Briscoe,Frd,20,4228,58,30.525,176.904,3
4919,2,2020,98,Chase Briscoe,Frd,20,4228,59,30.611,176.407,3
4919,2,2020,98,Chase Briscoe,Frd,20,4228,60,30.579,176.592,3
4919,2,2020,98,Chase Briscoe,Frd,20,4228,61,30.613,176.396,3
4919,2,2020,98,Chase Briscoe,Frd,20,4228,62,30.717,175.798,3
4919,2,2020,98,Chase Briscoe,Frd,20,4228,63,30.614,176.390,3
4919,2,2020,98,Chase Briscoe,Frd,20,4228,64,30.644,176.217,3
4919,2,2020,98,Chase Briscoe,Frd,20,4228,65,30.703,175.879,3
4919,2,2020,98,Chase Briscoe,Frd,20,4228,66,30.649,176.188,3
4919,2,2020,98,Chase Briscoe,Frd,20,4228,67,30.664,176.102,3
4919,2,2020,98,Chase Briscoe,Frd,20,4228,68,30.739,175.673,3
4919,2,2020,98,Chase Briscoe,Frd,20,4228,69,30.848,175.052,3
4919,2,2020,98,Chase Briscoe,Frd,20,4228,70,31.029,174.031,3
4919,2,2020,98,Chase Briscoe,Frd,20,4228,71,31.041,173.963,3
4919,2,2020,98,Chase Briscoe,Frd,20,4228,72,31.293,172.563,2
4919,2,2020,98,Chase Briscoe,Frd,20,4228,73,31.551,171.151,2
4919,2,2020,98,Chase Briscoe,Frd,20,4228,74,31.221,172.961,2
4919,2,2020,98,Chase Briscoe,Frd,20,4228,75,31.041,173.963,2
4919,2,2020,98,Chase Briscoe,Frd,20,4228,76,31.189,173.138,2
4919,2,2020,98,Chase Briscoe,Frd,20,4228,77,31.307,172.485,2
4919,2,2020,98,Chase Briscoe,Frd,20,4228,78,31.29,172.579,3
4919,2,2020,98,Chase Briscoe,Frd,20,4228,79,32.04,168.539,3
4919,2,2020,98,Chase Briscoe,Frd,20,4228,80,31.704,170.326,3
4919,2,2020,98,Chase Briscoe,Frd,20,4228,81,31.574,171.027,3
4919,2,2020,98,Chase Briscoe,Frd,20,4228,82,31.758,170.036,3
4919,2,2020,98,Chase Briscoe,Frd,20,4228,83,31.54,171.211,3
4919,2,2020,98,Chase Briscoe,Frd,20,4228,84,31.723,170.223,3
4919,2,2020,98,Chase Briscoe,Frd,20,4228,85,31.503,171.412,3
4919,2,2020,98,Chase Briscoe,Frd,20,4228,86,31.411,171.914,3
4919,2,2020,98,Chase Briscoe,Frd,20,4228,87,31.434,171.789,3
4919,2,2020,98,Chase Briscoe,Frd,20,4228,88,31.547,171.173,3
4919,2,2020,98,Chase Briscoe,Frd,20,4228,89,31.301,172.518,3
4919,2,2020,98,Chase Briscoe,Frd,20,4228,90,31.439,171.761,3
4919,2,2020,98,Chase Briscoe,Frd,20,4228,91,45.423,118.883,3
4919,2,2020,98,Chase Briscoe,Frd,20,4228,92,82.579,65.392,3
4919,2,2020,98,Chase Briscoe,Frd,20,4228,93,95.309,56.658,2
4919,2,2020,98,Chase Briscoe,Frd,20,4228,94,100.713,53.618,5
4919,2,2020,98,Chase Briscoe,Frd,20,4228,95,93.088,58.010,5
4919,2,2020,98,Chase Briscoe,Frd,20,4228,96,96.503,55.957,5
4919,2,2020,98,Chase Briscoe,Frd,20,4228,97,101.057,53.435,17
4919,2,2020,98,Chase Briscoe,Frd,20,4228,98,89.713,60.192,17
4919,2,2020,98,Chase Briscoe,Frd,20,4228,99,33.59,160.762,17
4919,2,2020,98,Chase Briscoe,Frd,20,4228,100,31.07,173.801,17
4919,2,2020,98,Chase Briscoe,Frd,20,4228,101,30.61,176.413,17
4919,2,2020,98,Chase Briscoe,Frd,20,4228,102,30.564,176.678,16
4919,2,2020,98,Chase Briscoe,Frd,20,4228,103,30.625,176.327,15
4919,2,2020,98,Chase Briscoe,Frd,20,4228,104,31.022,174.070,15
4919,2,2020,98,Chase Briscoe,Frd,20,4228,105,30.654,176.160,14
4919,2,2020,98,Chase Briscoe,Frd,20,4228,106,30.776,175.461,14
4919,2,2020,98,Chase Briscoe,Frd,20,4228,107,30.861,174.978,13
4919,2,2020,98,Chase Briscoe,Frd,20,4228,108,30.808,175.279,12
4919,2,2020,98,Chase Briscoe,Frd,20,4228,109,30.815,175.239,12
4919,2,2020,98,Chase Briscoe,Frd,20,4228,110,30.649,176.188,12
4919,2,2020,98,Chase Briscoe,Frd,20,4228,111,30.645,176.211,12
4919,2,2020,98,Chase Briscoe,Frd,20,4228,112,30.695,175.924,11
4919,2,2020,98,Chase Briscoe,Frd,20,4228,113,30.771,175.490,11
4919,2,2020,98,Chase Briscoe,Frd,20,4228,114,31.047,173.930,11
4919,2,2020,98,Chase Briscoe,Frd,20,4228,115,31.025,174.053,11
4919,2,2020,98,Chase Briscoe,Frd,20,4228,116,30.955,174.447,11
4919,2,2020,98,Chase Briscoe,Frd,20,4228,117,30.99,174.250,10
4919,2,2020,98,Chase Briscoe,Frd,20,4228,118,31.166,173.266,10
4919,2,2020,98,Chase Briscoe,Frd,20,4228,119,31.146,173.377,10
4919,2,2020,98,Chase Briscoe,Frd,20,4228,120,31.006,174.160,9
4919,2,2020,98,Chase Briscoe,Frd,20,4228,121,31.283,172.618,9
4919,2,2020,98,Chase Briscoe,Frd,20,4228,122,31.013,174.121,8
4919,2,2020,98,Chase Briscoe,Frd,20,4228,123,30.945,174.503,8
4919,2,2020,98,Chase Briscoe,Frd,20,4228,124,30.958,174.430,8
4919,2,2020,98,Chase Briscoe,Frd,20,4228,125,31.623,170.762,8
4919,2,2020,98,Chase Briscoe,Frd,20,4228,126,31.25,172.800,8
4919,2,2020,98,Chase Briscoe,Frd,20,4228,127,31.014,174.115,8
4919,2,2020,98,Chase Briscoe,Frd,20,4228,128,31.118,173.533,8
4919,2,2020,98,Chase Briscoe,Frd,20,4228,129,31.11,173.578,8
4919,2,2020,98,Chase Briscoe,Frd,20,4228,130,31.298,172.535,7
4919,2,2020,98,Chase Briscoe,Frd,20,4228,131,31.875,169.412,8
4919,2,2020,98,Chase Briscoe,Frd,20,4228,132,31.371,172.133,8
4919,2,2020,98,Chase Briscoe,Frd,20,4228,133,31.453,171.685,8
4919,2,2020,98,Chase Briscoe,Frd,20,4228,134,31.493,171.467,7
4919,2,2020,98,Chase Briscoe,Frd,20,4228,135,31.845,169.571,7
4919,2,2020,98,Chase Briscoe,Frd,20,4228,136,31.52,171.320,7
4919,2,2020,98,Chase Briscoe,Frd,20,4228,137,31.436,171.778,7
4919,2,2020,98,Chase Briscoe,Frd,20,4228,138,31.883,169.369,7
4919,2,2020,98,Chase Briscoe,Frd,20,4228,139,31.853,169.529,7
4919,2,2020,98,Chase Briscoe,Frd,20,4228,140,31.989,168.808,7
4919,2,2020,98,Chase Briscoe,Frd,20,4228,141,31.787,169.881,7
4919,2,2020,98,Chase Briscoe,Frd,20,4228,142,31.546,171.179,6
4919,2,2020,98,Chase Briscoe,Frd,20,4228,143,31.418,171.876,6
4919,2,2020,98,Chase Briscoe,Frd,20,4228,144,31.348,172.260,6
4919,2,2020,98,Chase Briscoe,Frd,20,4228,145,31.492,171.472,6
4919,2,2020,98,Chase Briscoe,Frd,20,4228,146,42.95,125.728,10
4919,2,2020,98,Chase Briscoe,Frd,20,4228,147,61.376,87.982,11
4919,2,2020,98,Chase Briscoe,Frd,20,4228,148,31.394,172.007,10
4919,2,2020,98,Chase Briscoe,Frd,20,4228,149,30.933,174.571,10
4919,2,2020,98,Chase Briscoe,Frd,20,4228,150,44.095,122.463,14
4919,2,2020,98,Chase Briscoe,Frd,20,4228,151,44.738,120.703,15
4919,2,2020,98,Chase Briscoe,Frd,20,4228,152,30.438,177.410,15
4919,2,2020,98,Chase Briscoe,Frd,20,4228,153,36.876,146.437,15
4919,2,2020,98,Chase Briscoe,Frd,20,4228,154,68.545,78.780,17
4919,2,2020,98,Chase Briscoe,Frd,20,4228,155,152.583,35.391,18
4919,2,2020,98,Chase Briscoe,Frd,20,4228,156,108.874,49.599,18
4919,2,2020,98,Chase Briscoe,Frd,20,4228,157,73.834,73.137,18
4919,2,2020,98,Chase Briscoe,Frd,20,4228,158,94.306,57.260,17
4919,2,2020,98,Chase Briscoe,Frd,20,4228,159,107.511,50.227,23
4919,2,2020,98,Chase Briscoe,Frd,20,4228,160,96.448,55.989,23
4919,2,2020,98,Chase Briscoe,Frd,20,4228,161,33.799,159.768,23
4919,2,2020,98,Chase Briscoe,Frd,20,4228,162,31.227,172.927,21
4919,2,2020,98,Chase Briscoe,Frd,20,4228,163,31.325,172.386,20
4919,2,2020,98,Chase Briscoe,Frd,20,4228,164,31.599,170.891,19
4919,2,2020,98,Chase Briscoe,Frd,20,4228,165,32.021,168.639,20
4919,2,2020,98,Chase Briscoe,Frd,20,4228,166,32.007,168.713,19
4919,2,2020,98,Chase Briscoe,Frd,20,4228,167,31.818,169.715,19
4919,2,2020,98,Chase Briscoe,Frd,20,4228,168,32.096,168.245,20
4919,2,2020,98,Chase Briscoe,Frd,20,4228,169,63.032,85.671,23
4919,2,2020,98,Chase Briscoe,Frd,20,4228,170,186.69,28.925,28
4919,2,2020,98,Chase Briscoe,Frd,20,4228,171,59.131,91.323,28
4919,2,2020,98,Chase Briscoe,Frd,20,4228,172,84.445,63.947,28
4919,2,2020,98,Chase Briscoe,Frd,20,4228,173,49.66,108.739,28
4919,2,2020,98,Chase Briscoe,Frd,20,4228,174,86.87,62.162,27
4919,2,2020,98,Chase Briscoe,Frd,20,4228,175,97.956,55.127,27
4919,2,2020,98,Chase Briscoe,Frd,20,4228,176,97.308,55.494,27
4919,2,2020,98,Chase Briscoe,Frd,20,4228,177,94.399,57.204,26
4919,2,2020,98,Chase Briscoe,Frd,20,4228,178,97.398,55.443,26
4919,2,2020,98,Chase Briscoe,Frd,20,4228,179,101.437,53.235,26
4919,2,2020,98,Chase Briscoe,Frd,20,4228,180,92.419,58.430,26
4919,2,2020,98,Chase Briscoe,Frd,20,4228,181,42.92,125.815,26
4919,2,2020,98,Chase Briscoe,Frd,20,4228,182,79.463,67.956,26
4919,2,2020,98,Chase Briscoe,Frd,20,4228,183,99.02,54.534,26
4919,2,2020,98,Chase Briscoe,Frd,20,4228,184,91.5,59.016,26
4919,2,2020,98,Chase Briscoe,Frd,20,4228,185,84.539,63.876,26
4919,2,2020,98,Chase Briscoe,Frd,20,4228,186,33.585,160.786,26
4919,2,2020,98,Chase Briscoe,Frd,20,4228,187,32.138,168.025,25
4919,2,2020,98,Chase Briscoe,Frd,20,4228,188,31.635,170.697,24
4919,2,2020,98,Chase Briscoe,Frd,20,4228,189,34.549,156.300,24
4919,2,2020,98,Chase Briscoe,Frd,20,4228,190,50.029,107.937,24
4919,2,2020,98,Chase Briscoe,Frd,20,4228,191,89.423,60.387,24
4919,2,2020,98,Chase Briscoe,Frd,20,4228,192,102.101,52.889,24
4919,2,2020,98,Chase Briscoe,Frd,20,4228,193,104.732,51.560,25
4919,2,2020,98,Chase Briscoe,Frd,20,4228,194,45.988,117.422,24
4919,2,2020,98,Chase Briscoe,Frd,20,4228,195,84.928,63.583,24
4919,2,2020,98,Chase Briscoe,Frd,20,4228,196,93.723,57.617,24
4919,2,2020,98,Chase Briscoe,Frd,20,4228,197,90.567,59.624,23
4919,2,2020,98,Chase Briscoe,Frd,20,4228,198,92.078,58.646,23
4919,2,2020,98,Chase Briscoe,Frd,20,4228,199,33.534,161.031,20
4919,2,2020,98,Chase Briscoe,Frd,20,4228,200,31.975,168.882,20
4919,2,2020,99,Mason Massey,Tyt,21,4315,0,,,30
4919,2,2020,99,Mason Massey,Tyt,21,4315,1,35.062,154.013,29
4919,2,2020,99,Mason Massey,Tyt,21,4315,2,32.941,163.929,31
4919,2,2020,99,Mason Massey,Tyt,21,4315,3,32.43,166.512,33
4919,2,2020,99,Mason Massey,Tyt,21,4315,4,39.816,135.624,33
4919,2,2020,99,Mason Massey,Tyt,21,4315,5,87.748,61.540,32
4919,2,2020,99,Mason Massey,Tyt,21,4315,6,95.085,56.791,32
4919,2,2020,99,Mason Massey,Tyt,21,4315,7,81.744,66.060,32
4919,2,2020,99,Mason Massey,Tyt,21,4315,8,34.211,157.844,34
4919,2,2020,99,Mason Massey,Tyt,21,4315,9,32.579,165.751,34
4919,2,2020,99,Mason Massey,Tyt,21,4315,10,32.484,166.236,34
4919,2,2020,99,Mason Massey,Tyt,21,4315,11,32.511,166.098,34
4919,2,2020,99,Mason Massey,Tyt,21,4315,12,32.637,165.456,34
4919,2,2020,99,Mason Massey,Tyt,21,4315,13,32.575,165.771,34
4919,2,2020,99,Mason Massey,Tyt,21,4315,14,32.546,165.919,34
4919,2,2020,99,Mason Massey,Tyt,21,4315,15,32.728,164.996,34
4919,2,2020,99,Mason Massey,Tyt,21,4315,16,32.629,165.497,34
4919,2,2020,99,Mason Massey,Tyt,21,4315,17,32.614,165.573,34
4919,2,2020,99,Mason Massey,Tyt,21,4315,18,32.61,165.593,34
4919,2,2020,99,Mason Massey,Tyt,21,4315,19,33.296,162.182,33
4919,2,2020,99,Mason Massey,Tyt,21,4315,20,32.999,163.641,33
4919,2,2020,99,Mason Massey,Tyt,21,4315,21,40.453,133.488,33
4919,2,2020,99,Mason Massey,Tyt,21,4315,22,67.171,80.392,21
4919,2,2020,99,Mason Massey,Tyt,21,4315,23,137.539,39.262,32
4919,2,2020,99,Mason Massey,Tyt,21,4315,24,61.526,87.768,32
4919,2,2020,99,Mason Massey,Tyt,21,4315,25,81.832,65.989,32
4919,2,2020,99,Mason Massey,Tyt,21,4315,26,34.067,158.511,32
4919,2,2020,99,Mason Massey,Tyt,21,4315,27,32.427,166.528,32
4919,2,2020,99,Mason Massey,Tyt,21,4315,28,37.298,144.780,32
4919,2,2020,99,Mason Massey,Tyt,21,4315,29,90.118,59.921,32
4919,2,2020,99,Mason Massey,Tyt,21,4315,30,102.414,52.727,29
4919,2,2020,99,Mason Massey,Tyt,21,4315,31,102.338,52.766,28
4919,2,2020,99,Mason Massey,Tyt,21,4315,32,93.054,58.031,28
4919,2,2020,99,Mason Massey,Tyt,21,4315,33,34.536,156.359,31
4919,2,2020,99,Mason Massey,Tyt,21,4315,34,32.424,166.543,31
4919,2,2020,99,Mason Massey,Tyt,21,4315,35,32.426,166.533,31
4919,2,2020,99,Mason Massey,Tyt,21,4315,36,32.228,167.556,32
4919,2,2020,99,Mason Massey,Tyt,21,4315,37,32.105,168.198,32
4919,2,2020,99,Mason Massey,Tyt,21,4315,38,32.514,166.082,33
4919,2,2020,99,Mason Massey,Tyt,21,4315,39,32.506,166.123,33
4919,2,2020,99,Mason Massey,Tyt,21,4315,40,32.897,164.149,33
4919,2,2020,99,Mason Massey,Tyt,21,4315,41,32.596,165.664,33
4919,2,2020,99,Mason Massey,Tyt,21,4315,42,32.664,165.320,33
4919,2,2020,99,Mason Massey,Tyt,21,4315,43,32.512,166.093,33
4919,2,2020,99,Mason Massey,Tyt,21,4315,44,32.646,165.411,33
4919,2,2020,99,Mason Massey,Tyt,21,4315,45,34.571,156.200,33
4919,2,2020,99,Mason Massey,Tyt,21,4315,46,47.768,113.046,33
4919,2,2020,99,Mason Massey,Tyt,21,4315,47,68.206,79.172,33
4919,2,2020,99,Mason Massey,Tyt,21,4315,48,83.384,64.761,5
4919,2,2020,99,Mason Massey,Tyt,21,4315,49,126.967,42.531,32
4919,2,2020,99,Mason Massey,Tyt,21,4315,50,78.162,69.087,32
4919,2,2020,99,Mason Massey,Tyt,21,4315,51,93.964,57.469,31
4919,2,2020,99,Mason Massey,Tyt,21,4315,52,83.345,64.791,30
4919,2,2020,99,Mason Massey,Tyt,21,4315,53,34.531,156.381,31
4919,2,2020,99,Mason Massey,Tyt,21,4315,54,31.977,168.871,31
4919,2,2020,99,Mason Massey,Tyt,21,4315,55,31.837,169.614,31
4919,2,2020,99,Mason Massey,Tyt,21,4315,56,31.899,169.284,31
4919,2,2020,99,Mason Massey,Tyt,21,4315,57,32.43,166.512,32
4919,2,2020,99,Mason Massey,Tyt,21,4315,58,32.269,167.343,32
4919,2,2020,99,Mason Massey,Tyt,21,4315,59,32.102,168.214,32
4919,2,2020,99,Mason Massey,Tyt,21,4315,60,32.106,168.193,32
4919,2,2020,99,Mason Massey,Tyt,21,4315,61,32.169,167.863,32
4919,2,2020,99,Mason Massey,Tyt,21,4315,62,32.288,167.245,32
4919,2,2020,99,Mason Massey,Tyt,21,4315,63,32.298,167.193,32
4919,2,2020,99,Mason Massey,Tyt,21,4315,64,32.538,165.960,32
4919,2,2020,99,Mason Massey,Tyt,21,4315,65,32.561,165.843,32
4919,2,2020,99,Mason Massey,Tyt,21,4315,66,32.664,165.320,32
4919,2,2020,99,Mason Massey,Tyt,21,4315,67,32.509,166.108,32
4919,2,2020,99,Mason Massey,Tyt,21,4315,68,32.834,164.464,32
4919,2,2020,99,Mason Massey,Tyt,21,4315,69,33.333,162.002,32
4919,2,2020,99,Mason Massey,Tyt,21,4315,70,32.952,163.875,32
4919,2,2020,99,Mason Massey,Tyt,21,4315,71,32.483,166.241,32
4919,2,2020,99,Mason Massey,Tyt,21,4315,72,32.493,166.190,32
4919,2,2020,99,Mason Massey,Tyt,21,4315,73,32.757,164.850,32
4919,2,2020,99,Mason Massey,Tyt,21,4315,74,32.939,163.939,32
4919,2,2020,99,Mason Massey,Tyt,21,4315,75,32.929,163.989,32
4919,2,2020,99,Mason Massey,Tyt,21,4315,76,32.917,164.049,32
4919,2,2020,99,Mason Massey,Tyt,21,4315,77,32.725,165.011,32
4919,2,2020,99,Mason Massey,Tyt,21,4315,78,32.234,167.525,32
4919,2,2020,99,Mason Massey,Tyt,21,4315,79,32.392,166.708,32
4919,2,2020,99,Mason Massey,Tyt,21,4315,80,32.669,165.294,31
4919,2,2020,99,Mason Massey,Tyt,21,4315,81,32.427,166.528,31
4919,2,2020,99,Mason Massey,Tyt,21,4315,82,32.476,166.277,31
4919,2,2020,99,Mason Massey,Tyt,21,4315,83,32.332,167.017,31
4919,2,2020,99,Mason Massey,Tyt,21,4315,84,32.333,167.012,31
4919,2,2020,99,Mason Massey,Tyt,21,4315,85,32.412,166.605,31
4919,2,2020,99,Mason Massey,Tyt,21,4315,86,32.763,164.820,31
4919,2,2020,99,Mason Massey,Tyt,21,4315,87,32.752,164.875,31
4919,2,2020,99,Mason Massey,Tyt,21,4315,88,32.311,167.126,31
4919,2,2020,99,Mason Massey,Tyt,21,4315,89,33.797,159.777,31
4919,2,2020,99,Mason Massey,Tyt,21,4315,90,41.129,131.294,31
4919,2,2020,99,Mason Massey,Tyt,21,4315,91,76.083,70.975,31
4919,2,2020,99,Mason Massey,Tyt,21,4315,92,86.976,62.086,31
4919,2,2020,99,Mason Massey,Tyt,21,4315,93,89.663,60.226,19
4919,2,2020,99,Mason Massey,Tyt,21,4315,94,137.749,39.202,30
4919,2,2020,99,Mason Massey,Tyt,21,4315,95,72.328,74.660,30
4919,2,2020,99,Mason Massey,Tyt,21,4315,96,91.521,59.003,29
4919,2,2020,99,Mason Massey,Tyt,21,4315,97,84.347,64.021,28
4919,2,2020,99,Mason Massey,Tyt,21,4315,98,33.855,159.504,29
4919,2,2020,99,Mason Massey,Tyt,21,4315,99,31.907,169.242,29
4919,2,2020,99,Mason Massey,Tyt,21,4315,100,31.69,170.401,29
4919,2,2020,99,Mason Massey,Tyt,21,4315,101,31.844,169.577,29
4919,2,2020,99,Mason Massey,Tyt,21,4315,102,31.738,170.143,29
4919,2,2020,99,Mason Massey,Tyt,21,4315,103,32.087,168.292,30
4919,2,2020,99,Mason Massey,Tyt,21,4315,104,31.831,169.646,30
4919,2,2020,99,Mason Massey,Tyt,21,4315,105,31.749,170.084,30
4919,2,2020,99,Mason Massey,Tyt,21,4315,106,32.0,168.750,29
4919,2,2020,99,Mason Massey,Tyt,21,4315,107,32.237,167.509,30
4919,2,2020,99,Mason Massey,Tyt,21,4315,108,31.838,169.609,30
4919,2,2020,99,Mason Massey,Tyt,21,4315,109,31.931,169.115,29
4919,2,2020,99,Mason Massey,Tyt,21,4315,110,31.904,169.258,29
4919,2,2020,99,Mason Massey,Tyt,21,4315,111,31.913,169.210,29
4919,2,2020,99,Mason Massey,Tyt,21,4315,112,31.926,169.141,29
4919,2,2020,99,Mason Massey,Tyt,21,4315,113,32.052,168.476,29
4919,2,2020,99,Mason Massey,Tyt,21,4315,114,32.435,166.487,28
4919,2,2020,99,Mason Massey,Tyt,21,4315,115,32.085,168.303,28
4919,2,2020,99,Mason Massey,Tyt,21,4315,116,32.369,166.826,28
4919,2,2020,99,Mason Massey,Tyt,21,4315,117,31.859,169.497,28
4919,2,2020,99,Mason Massey,Tyt,21,4315,118,32.047,168.503,28
4919,2,2020,99,Mason Massey,Tyt,21,4315,119,32.577,165.761,28
4919,2,2020,99,Mason Massey,Tyt,21,4315,120,32.034,168.571,28
4919,2,2020,99,Mason Massey,Tyt,21,4315,121,32.523,166.036,28
4919,2,2020,99,Mason Massey,Tyt,21,4315,122,32.185,167.780,28
4919,2,2020,99,Mason Massey,Tyt,21,4315,123,32.288,167.245,28
4919,2,2020,99,Mason Massey,Tyt,21,4315,124,32.385,166.744,28
4919,2,2020,99,Mason Massey,Tyt,21,4315,125,32.502,166.144,28
4919,2,2020,99,Mason Massey,Tyt,21,4315,126,32.348,166.935,28
4919,2,2020,99,Mason Massey,Tyt,21,4315,127,32.617,165.558,28
4919,2,2020,99,Mason Massey,Tyt,21,4315,128,32.855,164.359,28
4919,2,2020,99,Mason Massey,Tyt,21,4315,129,32.365,166.847,28
4919,2,2020,99,Mason Massey,Tyt,21,4315,130,32.191,167.749,28
4919,2,2020,99,Mason Massey,Tyt,21,4315,131,31.99,168.803,28
4919,2,2020,99,Mason Massey,Tyt,21,4315,132,32.367,166.837,28
4919,2,2020,99,Mason Massey,Tyt,21,4315,133,32.586,165.715,28
4919,2,2020,99,Mason Massey,Tyt,21,4315,134,32.313,167.115,28
4919,2,2020,99,Mason Massey,Tyt,21,4315,135,32.303,167.167,28
4919,2,2020,99,Mason Massey,Tyt,21,4315,136,32.232,167.535,28
4919,2,2020,99,Mason Massey,Tyt,21,4315,137,32.157,167.926,28
4919,2,2020,99,Mason Massey,Tyt,21,4315,138,32.184,167.785,28
4919,2,2020,99,Mason Massey,Tyt,21,4315,139,32.213,167.634,28
4919,2,2020,99,Mason Massey,Tyt,21,4315,140,32.284,167.266,28
4919,2,2020,99,Mason Massey,Tyt,21,4315,141,32.261,167.385,27
4919,2,2020,99,Mason Massey,Tyt,21,4315,142,32.262,167.380,27
4919,2,2020,99,Mason Massey,Tyt,21,4315,143,32.172,167.848,27
4919,2,2020,99,Mason Massey,Tyt,21,4315,144,32.33,167.028,25
4919,2,2020,99,Mason Massey,Tyt,21,4315,145,32.494,166.185,25
4919,2,2020,99,Mason Massey,Tyt,21,4315,146,32.618,165.553,25
4919,2,2020,99,Mason Massey,Tyt,21,4315,147,32.69,165.188,23
4919,2,2020,99,Mason Massey,Tyt,21,4315,148,77.265,69.889,28
4919,2,2020,99,Mason Massey,Tyt,21,4315,149,47.974,112.561,28
4919,2,2020,99,Mason Massey,Tyt,21,4315,150,33.054,163.369,28
4919,2,2020,99,Mason Massey,Tyt,21,4315,151,41.802,129.180,28
4919,2,2020,99,Mason Massey,Tyt,21,4315,152,84.711,63.746,27
4919,2,2020,99,Mason Massey,Tyt,21,4315,153,96.188,56.140,27
4919,2,2020,99,Mason Massey,Tyt,21,4315,154,94.127,57.369,27
4919,2,2020,99,Mason Massey,Tyt,21,4315,155,97.414,55.434,27
4919,2,2020,99,Mason Massey,Tyt,21,4315,156,91.105,59.272,27
4919,2,2020,99,Mason Massey,Tyt,21,4315,157,38.694,139.557,27
4919,2,2020,99,Mason Massey,Tyt,21,4315,158,77.034,70.099,24
4919,2,2020,99,Mason Massey,Tyt,21,4315,159,99.318,54.371,24
4919,2,2020,99,Mason Massey,Tyt,21,4315,160,33.808,159.726,25
4919,2,2020,99,Mason Massey,Tyt,21,4315,161,32.093,168.261,25
4919,2,2020,99,Mason Massey,Tyt,21,4315,162,32.049,168.492,25
4919,2,2020,99,Mason Massey,Tyt,21,4315,163,32.129,168.072,25
4919,2,2020,99,Mason Massey,Tyt,21,4315,164,31.883,169.369,25
4919,2,2020,99,Mason Massey,Tyt,21,4315,165,32.207,167.665,25
4919,2,2020,99,Mason Massey,Tyt,21,4315,166,32.131,168.062,26
4919,2,2020,99,Mason Massey,Tyt,21,4315,167,32.202,167.691,26
4919,2,2020,99,Mason Massey,Tyt,21,4315,168,37.358,144.547,26
4919,2,2020,99,Mason Massey,Tyt,21,4315,169,71.531,75.492,26
4919,2,2020,99,Mason Massey,Tyt,21,4315,170,131.075,41.198,27
4919,2,2020,99,Mason Massey,Tyt,21,4315,171,65.147,82.889,26
4919,2,2020,99,Mason Massey,Tyt,21,4315,172,85.71,63.003,27
4919,2,2020,99,Mason Massey,Tyt,21,4315,173,44.518,121.299,27
4919,2,2020,99,Mason Massey,Tyt,21,4315,174,90.577,59.618,26
4919,2,2020,99,Mason Massey,Tyt,21,4315,175,97.087,55.620,26
4919,2,2020,99,Mason Massey,Tyt,21,4315,176,98.505,54.820,26
4919,2,2020,99,Mason Massey,Tyt,21,4315,177,94.809,56.957,25
4919,2,2020,99,Mason Massey,Tyt,21,4315,178,97.143,55.588,25
4919,2,2020,99,Mason Massey,Tyt,21,4315,179,101.7,53.097,25
4919,2,2020,99,Mason Massey,Tyt,21,4315,180,93.524,57.739,25
4919,2,2020,99,Mason Massey,Tyt,21,4315,181,40.544,133.189,25
4919,2,2020,99,Mason Massey,Tyt,21,4315,182,81.468,66.284,25
4919,2,2020,99,Mason Massey,Tyt,21,4315,183,98.837,54.635,25
4919,2,2020,99,Mason Massey,Tyt,21,4315,184,91.867,58.781,25
4919,2,2020,99,Mason Massey,Tyt,21,4315,185,85.051,63.491,25
4919,2,2020,99,Mason Massey,Tyt,21,4315,186,33.485,161.266,24
4919,2,2020,99,Mason Massey,Tyt,21,4315,187,31.986,168.824,23
4919,2,2020,99,Mason Massey,Tyt,21,4315,188,31.927,169.136,23
4919,2,2020,99,Mason Massey,Tyt,21,4315,189,33.916,159.217,23
4919,2,2020,99,Mason Massey,Tyt,21,4315,190,49.325,109.478,23
4919,2,2020,99,Mason Massey,Tyt,21,4315,191,90.195,59.870,23
4919,2,2020,99,Mason Massey,Tyt,21,4315,192,101.535,53.184,23
4919,2,2020,99,Mason Massey,Tyt,21,4315,193,105.555,51.158,22
4919,2,2020,99,Mason Massey,Tyt,21,4315,194,44.351,121.756,23
4919,2,2020,99,Mason Massey,Tyt,21,4315,195,85.3,63.306,23
4919,2,2020,99,Mason Massey,Tyt,21,4315,196,93.422,57.802,23
4919,2,2020,99,Mason Massey,Tyt,21,4315,197,91.712,58.880,22
4919,2,2020,99,Mason Massey,Tyt,21,4315,198,92.822,58.176,21
4919,2,2020,99,Mason Massey,Tyt,21,4315,199,33.914,159.226,21
4919,2,2020,99,Mason Massey,Tyt,21,4315,200,32.089,168.282,21
4919,2,2020,13,Chad Finchum,Tyt,22,4232,0,,,13
4919,2,2020,13,Chad Finchum,Tyt,22,4232,1,34.287,157.494,16
4919,2,2020,13,Chad Finchum,Tyt,22,4232,2,32.334,167.007,18
4919,2,2020,13,Chad Finchum,Tyt,22,4232,3,31.895,169.306,18
4919,2,2020,13,Chad Finchum,Tyt,22,4232,4,35.21,153.366,18
4919,2,2020,13,Chad Finchum,Tyt,22,4232,5,87.439,61.757,18
4919,2,2020,13,Chad Finchum,Tyt,22,4232,6,94.94,56.878,18
4919,2,2020,13,Chad Finchum,Tyt,22,4232,7,88.873,60.761,17
4919,2,2020,13,Chad Finchum,Tyt,22,4232,8,33.994,158.852,19
4919,2,2020,13,Chad Finchum,Tyt,22,4232,9,32.177,167.822,20
4919,2,2020,13,Chad Finchum,Tyt,22,4232,10,32.055,168.460,21
4919,2,2020,13,Chad Finchum,Tyt,22,4232,11,32.076,168.350,21
4919,2,2020,13,Chad Finchum,Tyt,22,4232,12,32.446,166.430,21
4919,2,2020,13,Chad Finchum,Tyt,22,4232,13,32.381,166.764,21
4919,2,2020,13,Chad Finchum,Tyt,22,4232,14,32.457,166.374,21
4919,2,2020,13,Chad Finchum,Tyt,22,4232,15,32.117,168.135,21
4919,2,2020,13,Chad Finchum,Tyt,22,4232,16,31.963,168.945,21
4919,2,2020,13,Chad Finchum,Tyt,22,4232,17,32.077,168.345,21
4919,2,2020,13,Chad Finchum,Tyt,22,4232,18,32.047,168.503,21
4919,2,2020,13,Chad Finchum,Tyt,22,4232,19,32.067,168.397,21
4919,2,2020,13,Chad Finchum,Tyt,22,4232,20,32.079,168.334,21
4919,2,2020,13,Chad Finchum,Tyt,22,4232,21,37.903,142.469,21
4919,2,2020,13,Chad Finchum,Tyt,22,4232,22,104.848,51.503,29
4919,2,2020,13,Chad Finchum,Tyt,22,4232,23,72.219,74.773,24
4919,2,2020,13,Chad Finchum,Tyt,22,4232,24,94.112,57.378,24
4919,2,2020,13,Chad Finchum,Tyt,22,4232,25,86.218,62.632,23
4919,2,2020,13,Chad Finchum,Tyt,22,4232,26,33.907,159.259,23
4919,2,2020,13,Chad Finchum,Tyt,22,4232,27,32.383,166.754,25
4919,2,2020,13,Chad Finchum,Tyt,22,4232,28,35.715,151.197,25
4919,2,2020,13,Chad Finchum,Tyt,22,4232,29,87.822,61.488,25
4919,2,2020,13,Chad Finchum,Tyt,22,4232,30,104.955,51.451,24
4919,2,2020,13,Chad Finchum,Tyt,22,4232,31,102.407,52.731,23
4919,2,2020,13,Chad Finchum,Tyt,22,4232,32,95.161,56.746,21
4919,2,2020,13,Chad Finchum,Tyt,22,4232,33,33.935,159.128,19
4919,2,2020,13,Chad Finchum,Tyt,22,4232,34,31.705,170.320,19
4919,2,2020,13,Chad Finchum,Tyt,22,4232,35,31.765,169.998,18
4919,2,2020,13,Chad Finchum,Tyt,22,4232,36,31.85,169.545,18
4919,2,2020,13,Chad Finchum,Tyt,22,4232,37,31.912,169.215,18
4919,2,2020,13,Chad Finchum,Tyt,22,4232,38,31.907,169.242,18
4919,2,2020,13,Chad Finchum,Tyt,22,4232,39,32.641,165.436,21
4919,2,2020,13,Chad Finchum,Tyt,22,4232,40,32.069,168.387,21
4919,2,2020,13,Chad Finchum,Tyt,22,4232,41,32.152,167.952,21
4919,2,2020,13,Chad Finchum,Tyt,22,4232,42,31.864,169.470,21
4919,2,2020,13,Chad Finchum,Tyt,22,4232,43,31.939,169.072,21
4919,2,2020,13,Chad Finchum,Tyt,22,4232,44,31.868,169.449,21
4919,2,2020,13,Chad Finchum,Tyt,22,4232,45,32.351,166.919,21
4919,2,2020,13,Chad Finchum,Tyt,22,4232,46,47.7,113.208,21
4919,2,2020,13,Chad Finchum,Tyt,22,4232,47,70.156,76.971,21
4919,2,2020,13,Chad Finchum,Tyt,22,4232,48,124.459,43.388,30
4919,2,2020,13,Chad Finchum,Tyt,22,4232,49,72.838,74.137,24
4919,2,2020,13,Chad Finchum,Tyt,22,4232,50,95.181,56.734,24
4919,2,2020,13,Chad Finchum,Tyt,22,4232,51,93.532,57.734,22
4919,2,2020,13,Chad Finchum,Tyt,22,4232,52,86.525,62.410,22
4919,2,2020,13,Chad Finchum,Tyt,22,4232,53,34.149,158.131,24
4919,2,2020,13,Chad Finchum,Tyt,22,4232,54,31.758,170.036,24
4919,2,2020,13,Chad Finchum,Tyt,22,4232,55,31.665,170.535,24
4919,2,2020,13,Chad Finchum,Tyt,22,4232,56,31.758,170.036,24
4919,2,2020,13,Chad Finchum,Tyt,22,4232,57,32.17,167.858,25
4919,2,2020,13,Chad Finchum,Tyt,22,4232,58,32.094,168.256,26
4919,2,2020,13,Chad Finchum,Tyt,22,4232,59,32.842,164.424,30
4919,2,2020,13,Chad Finchum,Tyt,22,4232,60,32.988,163.696,31
4919,2,2020,13,Chad Finchum,Tyt,22,4232,61,32.474,166.287,31
4919,2,2020,13,Chad Finchum,Tyt,22,4232,62,32.347,166.940,31
4919,2,2020,13,Chad Finchum,Tyt,22,4232,63,32.127,168.083,31
4919,2,2020,13,Chad Finchum,Tyt,22,4232,64,32.3,167.183,31
4919,2,2020,13,Chad Finchum,Tyt,22,4232,65,32.336,166.997,31
4919,2,2020,13,Chad Finchum,Tyt,22,4232,66,32.491,166.200,31
4919,2,2020,13,Chad Finchum,Tyt,22,4232,67,32.36,166.873,31
4919,2,2020,13,Chad Finchum,Tyt,22,4232,68,32.44,166.461,31
4919,2,2020,13,Chad Finchum,Tyt,22,4232,69,32.376,166.790,31
4919,2,2020,13,Chad Finchum,Tyt,22,4232,70,32.75,164.885,31
4919,2,2020,13,Chad Finchum,Tyt,22,4232,71,32.777,164.750,31
4919,2,2020,13,Chad Finchum,Tyt,22,4232,72,32.635,165.467,31
4919,2,2020,13,Chad Finchum,Tyt,22,4232,73,32.676,165.259,31
4919,2,2020,13,Chad Finchum,Tyt,22,4232,74,32.559,165.853,31
4919,2,2020,13,Chad Finchum,Tyt,22,4232,75,32.964,163.815,31
4919,2,2020,13,Chad Finchum,Tyt,22,4232,76,33.269,162.313,31
4919,2,2020,13,Chad Finchum,Tyt,22,4232,77,32.961,163.830,31
4919,2,2020,13,Chad Finchum,Tyt,22,4232,78,33.035,163.463,31
4919,2,2020,13,Chad Finchum,Tyt,22,4232,79,32.728,164.996,30
4919,2,2020,13,Chad Finchum,Tyt,22,4232,80,32.542,165.939,30
4919,2,2020,13,Chad Finchum,Tyt,22,4232,81,32.458,166.369,30
4919,2,2020,13,Chad Finchum,Tyt,22,4232,82,32.892,164.174,30
4919,2,2020,13,Chad Finchum,Tyt,22,4232,83,32.584,165.726,30
4919,2,2020,13,Chad Finchum,Tyt,22,4232,84,32.476,166.277,30
4919,2,2020,13,Chad Finchum,Tyt,22,4232,85,32.552,165.888,30
4919,2,2020,13,Chad Finchum,Tyt,22,4232,86,32.698,165.148,30
4919,2,2020,13,Chad Finchum,Tyt,22,4232,87,32.672,165.279,30
4919,2,2020,13,Chad Finchum,Tyt,22,4232,88,32.466,166.328,30
4919,2,2020,13,Chad Finchum,Tyt,22,4232,89,33.351,161.914,30
4919,2,2020,13,Chad Finchum,Tyt,22,4232,90,40.895,132.045,30
4919,2,2020,13,Chad Finchum,Tyt,22,4232,91,76.332,70.744,30
4919,2,2020,13,Chad Finchum,Tyt,22,4232,92,87.044,62.038,30
4919,2,2020,13,Chad Finchum,Tyt,22,4232,93,125.075,43.174,30
4919,2,2020,13,Chad Finchum,Tyt,22,4232,94,77.119,70.022,27
4919,2,2020,13,Chad Finchum,Tyt,22,4232,95,94.472,57.160,27
4919,2,2020,13,Chad Finchum,Tyt,22,4232,96,92.071,58.650,27
4919,2,2020,13,Chad Finchum,Tyt,22,4232,97,86.486,62.438,26
4919,2,2020,13,Chad Finchum,Tyt,22,4232,98,34.123,158.251,25
4919,2,2020,13,Chad Finchum,Tyt,22,4232,99,31.758,170.036,24
4919,2,2020,13,Chad Finchum,Tyt,22,4232,100,31.499,171.434,24
4919,2,2020,13,Chad Finchum,Tyt,22,4232,101,31.546,171.179,24
4919,2,2020,13,Chad Finchum,Tyt,22,4232,102,31.592,170.929,24
4919,2,2020,13,Chad Finchum,Tyt,22,4232,103,31.857,169.507,24
4919,2,2020,13,Chad Finchum,Tyt,22,4232,104,31.75,170.079,24
4919,2,2020,13,Chad Finchum,Tyt,22,4232,105,31.733,170.170,24
4919,2,2020,13,Chad Finchum,Tyt,22,4232,106,31.777,169.934,24
4919,2,2020,13,Chad Finchum,Tyt,22,4232,107,31.731,170.181,24
4919,2,2020,13,Chad Finchum,Tyt,22,4232,108,31.594,170.919,24
4919,2,2020,13,Chad Finchum,Tyt,22,4232,109,31.676,170.476,24
4919,2,2020,13,Chad Finchum,Tyt,22,4232,110,32.223,167.582,24
4919,2,2020,13,Chad Finchum,Tyt,22,4232,111,33.144,162.925,26
4919,2,2020,13,Chad Finchum,Tyt,22,4232,112,32.879,164.239,28
4919,2,2020,13,Chad Finchum,Tyt,22,4232,113,32.483,166.241,28
4919,2,2020,13,Chad Finchum,Tyt,22,4232,114,32.761,164.830,29
4919,2,2020,13,Chad Finchum,Tyt,22,4232,115,32.466,166.328,29
4919,2,2020,13,Chad Finchum,Tyt,22,4232,116,32.164,167.890,29
4919,2,2020,13,Chad Finchum,Tyt,22,4232,117,32.154,167.942,29
4919,2,2020,13,Chad Finchum,Tyt,22,4232,118,32.356,166.893,29
4919,2,2020,13,Chad Finchum,Tyt,22,4232,119,32.379,166.775,29
4919,2,2020,13,Chad Finchum,Tyt,22,4232,120,32.428,166.523,29
4919,2,2020,13,Chad Finchum,Tyt,22,4232,121,32.249,167.447,29
4919,2,2020,13,Chad Finchum,Tyt,22,4232,122,32.492,166.195,29
4919,2,2020,13,Chad Finchum,Tyt,22,4232,123,32.361,166.868,29
4919,2,2020,13,Chad Finchum,Tyt,22,4232,124,32.637,165.456,29
4919,2,2020,13,Chad Finchum,Tyt,22,4232,125,32.514,166.082,29
4919,2,2020,13,Chad Finchum,Tyt,22,4232,126,32.821,164.529,29
4919,2,2020,13,Chad Finchum,Tyt,22,4232,127,32.82,164.534,30
4919,2,2020,13,Chad Finchum,Tyt,22,4232,128,32.636,165.461,30
4919,2,2020,13,Chad Finchum,Tyt,22,4232,129,32.667,165.304,30
4919,2,2020,13,Chad Finchum,Tyt,22,4232,130,32.465,166.333,30
4919,2,2020,13,Chad Finchum,Tyt,22,4232,131,32.432,166.502,30
4919,2,2020,13,Chad Finchum,Tyt,22,4232,132,32.519,166.057,30
4919,2,2020,13,Chad Finchum,Tyt,22,4232,133,32.534,165.980,30
4919,2,2020,13,Chad Finchum,Tyt,22,4232,134,33.086,163.211,30
4919,2,2020,13,Chad Finchum,Tyt,22,4232,135,32.428,166.523,30
4919,2,2020,13,Chad Finchum,Tyt,22,4232,136,32.472,166.297,30
4919,2,2020,13,Chad Finchum,Tyt,22,4232,137,32.809,164.589,30
4919,2,2020,13,Chad Finchum,Tyt,22,4232,138,32.851,164.379,30
4919,2,2020,13,Chad Finchum,Tyt,22,4232,139,32.95,163.885,30
4919,2,2020,13,Chad Finchum,Tyt,22,4232,140,32.742,164.926,30
4919,2,2020,13,Chad Finchum,Tyt,22,4232,141,32.611,165.588,29
4919,2,2020,13,Chad Finchum,Tyt,22,4232,142,33.205,162.626,29
4919,2,2020,13,Chad Finchum,Tyt,22,4232,143,33.061,163.334,29
4919,2,2020,13,Chad Finchum,Tyt,22,4232,144,32.939,163.939,29
4919,2,2020,13,Chad Finchum,Tyt,22,4232,145,32.89,164.184,28
4919,2,2020,13,Chad Finchum,Tyt,22,4232,146,78.397,68.880,29
4919,2,2020,13,Chad Finchum,Tyt,22,4232,147,48.012,112.472,31
4919,2,2020,13,Chad Finchum,Tyt,22,4232,148,32.803,164.619,31
4919,2,2020,13,Chad Finchum,Tyt,22,4232,149,32.727,165.001,31
4919,2,2020,13,Chad Finchum,Tyt,22,4232,150,32.803,164.619,30
4919,2,2020,13,Chad Finchum,Tyt,22,4232,151,45.415,118.903,30
4919,2,2020,13,Chad Finchum,Tyt,22,4232,152,74.177,72.799,29
4919,2,2020,13,Chad Finchum,Tyt,22,4232,153,96.24,56.110,29
4919,2,2020,13,Chad Finchum,Tyt,22,4232,154,93.473,57.771,29
4919,2,2020,13,Chad Finchum,Tyt,22,4232,155,95.636,56.464,28
4919,2,2020,13,Chad Finchum,Tyt,22,4232,156,91.185,59.220,28
4919,2,2020,13,Chad Finchum,Tyt,22,4232,157,40.846,132.204,28
4919,2,2020,13,Chad Finchum,Tyt,22,4232,158,75.09,71.914,27
4919,2,2020,13,Chad Finchum,Tyt,22,4232,159,97.538,55.363,27
4919,2,2020,13,Chad Finchum,Tyt,22,4232,160,35.043,154.096,28
4919,2,2020,13,Chad Finchum,Tyt,22,4232,161,32.099,168.230,28
4919,2,2020,13,Chad Finchum,Tyt,22,4232,162,32.18,167.806,28
4919,2,2020,13,Chad Finchum,Tyt,22,4232,163,32.201,167.697,28
4919,2,2020,13,Chad Finchum,Tyt,22,4232,164,32.229,167.551,28
4919,2,2020,13,Chad Finchum,Tyt,22,4232,165,32.269,167.343,28
4919,2,2020,13,Chad Finchum,Tyt,22,4232,166,32.091,168.271,28
4919,2,2020,13,Chad Finchum,Tyt,22,4232,167,32.273,167.323,28
4919,2,2020,13,Chad Finchum,Tyt,22,4232,168,37.802,142.850,28
4919,2,2020,13,Chad Finchum,Tyt,22,4232,169,70.355,76.754,28
4919,2,2020,13,Chad Finchum,Tyt,22,4232,170,125.328,43.087,26
4919,2,2020,13,Chad Finchum,Tyt,22,4232,171,69.896,77.258,27
4919,2,2020,13,Chad Finchum,Tyt,22,4232,172,84.859,63.635,26
4919,2,2020,13,Chad Finchum,Tyt,22,4232,173,44.429,121.542,26
4919,2,2020,13,Chad Finchum,Tyt,22,4232,174,90.558,59.630,25
4919,2,2020,13,Chad Finchum,Tyt,22,4232,175,97.065,55.633,25
4919,2,2020,13,Chad Finchum,Tyt,22,4232,176,98.431,54.861,25
4919,2,2020,13,Chad Finchum,Tyt,22,4232,177,94.843,56.936,24
4919,2,2020,13,Chad Finchum,Tyt,22,4232,178,96.679,55.855,24
4919,2,2020,13,Chad Finchum,Tyt,22,4232,179,102.194,52.841,24
4919,2,2020,13,Chad Finchum,Tyt,22,4232,180,93.879,57.521,24
4919,2,2020,13,Chad Finchum,Tyt,22,4232,181,39.529,136.609,23
4919,2,2020,13,Chad Finchum,Tyt,22,4232,182,82.217,65.680,24
4919,2,2020,13,Chad Finchum,Tyt,22,4232,183,98.656,54.736,24
4919,2,2020,13,Chad Finchum,Tyt,22,4232,184,91.828,58.806,24
4919,2,2020,13,Chad Finchum,Tyt,22,4232,185,85.515,63.147,24
4919,2,2020,13,Chad Finchum,Tyt,22,4232,186,33.939,159.109,25
4919,2,2020,13,Chad Finchum,Tyt,22,4232,187,31.988,168.813,24
4919,2,2020,13,Chad Finchum,Tyt,22,4232,188,32.065,168.408,25
4919,2,2020,13,Chad Finchum,Tyt,22,4232,189,34.75,155.396,25
4919,2,2020,13,Chad Finchum,Tyt,22,4232,190,50.263,107.435,25
4919,2,2020,13,Chad Finchum,Tyt,22,4232,191,104.987,51.435,25
4919,2,2020,13,Chad Finchum,Tyt,22,4232,192,89.219,60.525,25
4919,2,2020,13,Chad Finchum,Tyt,22,4232,193,101.142,53.390,24
4919,2,2020,13,Chad Finchum,Tyt,22,4232,194,46.66,115.731,25
4919,2,2020,13,Chad Finchum,Tyt,22,4232,195,85.102,63.453,25
4919,2,2020,13,Chad Finchum,Tyt,22,4232,196,93.62,57.680,25
4919,2,2020,13,Chad Finchum,Tyt,22,4232,197,90.687,59.545,24
4919,2,2020,13,Chad Finchum,Tyt,22,4232,198,91.35,59.113,22
4919,2,2020,13,Chad Finchum,Tyt,22,4232,199,34.107,158.325,22
4919,2,2020,13,Chad Finchum,Tyt,22,4232,200,32.436,166.482,22
4919,2,2020,78,Vinnie Miller,Chv,23,4253,0,,,16
4919,2,2020,78,Vinnie Miller,Chv,23,4253,1,34.714,155.557,20
4919,2,2020,78,Vinnie Miller,Chv,23,4253,2,32.317,167.095,20
4919,2,2020,78,Vinnie Miller,Chv,23,4253,3,32.93,163.984,24
4919,2,2020,78,Vinnie Miller,Chv,23,4253,4,37.336,144.633,24
4919,2,2020,78,Vinnie Miller,Chv,23,4253,5,86.787,62.221,23
4919,2,2020,78,Vinnie Miller,Chv,23,4253,6,95.356,56.630,23
4919,2,2020,78,Vinnie Miller,Chv,23,4253,7,85.724,62.993,24
4919,2,2020,78,Vinnie Miller,Chv,23,4253,8,33.95,159.057,24
4919,2,2020,78,Vinnie Miller,Chv,23,4253,9,32.35,166.924,24
4919,2,2020,78,Vinnie Miller,Chv,23,4253,10,32.14,168.015,24
4919,2,2020,78,Vinnie Miller,Chv,23,4253,11,31.977,168.871,24
4919,2,2020,78,Vinnie Miller,Chv,23,4253,12,32.317,167.095,25
4919,2,2020,78,Vinnie Miller,Chv,23,4253,13,32.433,166.497,25
4919,2,2020,78,Vinnie Miller,Chv,23,4253,14,32.573,165.781,26
4919,2,2020,78,Vinnie Miller,Chv,23,4253,15,32.609,165.598,26
4919,2,2020,78,Vinnie Miller,Chv,23,4253,16,32.51,166.103,28
4919,2,2020,78,Vinnie Miller,Chv,23,4253,17,32.452,166.400,27
4919,2,2020,78,Vinnie Miller,Chv,23,4253,18,32.255,167.416,27
4919,2,2020,78,Vinnie Miller,Chv,23,4253,19,32.295,167.209,27
4919,2,2020,78,Vinnie Miller,Chv,23,4253,20,32.22,167.598,27
4919,2,2020,78,Vinnie Miller,Chv,23,4253,21,40.038,134.872,27
4919,2,2020,78,Vinnie Miller,Chv,23,4253,22,105.541,51.165,30
4919,2,2020,78,Vinnie Miller,Chv,23,4253,23,67.965,79.453,26
4919,2,2020,78,Vinnie Miller,Chv,23,4253,24,94.272,57.281,26
4919,2,2020,78,Vinnie Miller,Chv,23,4253,25,85.202,63.379,27
4919,2,2020,78,Vinnie Miller,Chv,23,4253,26,33.985,158.894,27
4919,2,2020,78,Vinnie Miller,Chv,23,4253,27,32.325,167.053,27
4919,2,2020,78,Vinnie Miller,Chv,23,4253,28,35.957,150.179,27
4919,2,2020,78,Vinnie Miller,Chv,23,4253,29,88.78,60.825,27
4919,2,2020,78,Vinnie Miller,Chv,23,4253,30,104.413,51.718,26
4919,2,2020,78,Vinnie Miller,Chv,23,4253,31,102.45,52.709,25
4919,2,2020,78,Vinnie Miller,Chv,23,4253,32,94.314,57.256,24
4919,2,2020,78,Vinnie Miller,Chv,23,4253,33,34.446,156.767,27
4919,2,2020,78,Vinnie Miller,Chv,23,4253,34,32.25,167.442,26
4919,2,2020,78,Vinnie Miller,Chv,23,4253,35,32.163,167.895,27
4919,2,2020,78,Vinnie Miller,Chv,23,4253,36,32.254,167.421,28
4919,2,2020,78,Vinnie Miller,Chv,23,4253,37,32.007,168.713,28
4919,2,2020,78,Vinnie Miller,Chv,23,4253,38,31.797,169.827,28
4919,2,2020,78,Vinnie Miller,Chv,23,4253,39,31.772,169.961,27
4919,2,2020,78,Vinnie Miller,Chv,23,4253,40,32.138,168.025,28
4919,2,2020,78,Vinnie Miller,Chv,23,4253,41,32.329,167.033,27
4919,2,2020,78,Vinnie Miller,Chv,23,4253,42,32.131,168.062,27
4919,2,2020,78,Vinnie Miller,Chv,23,4253,43,32.177,167.822,27
4919,2,2020,78,Vinnie Miller,Chv,23,4253,44,32.328,167.038,27
4919,2,2020,78,Vinnie Miller,Chv,23,4253,45,33.332,162.006,27
4919,2,2020,78,Vinnie Miller,Chv,23,4253,46,47.938,112.646,27
4919,2,2020,78,Vinnie Miller,Chv,23,4253,47,69.969,77.177,27
4919,2,2020,78,Vinnie Miller,Chv,23,4253,48,126.003,42.856,33
4919,2,2020,78,Vinnie Miller,Chv,23,4253,49,68.978,78.286,26
4919,2,2020,78,Vinnie Miller,Chv,23,4253,50,94.72,57.010,26
4919,2,2020,78,Vinnie Miller,Chv,23,4253,51,93.673,57.647,24
4919,2,2020,78,Vinnie Miller,Chv,23,4253,52,86.055,62.751,26
4919,2,2020,78,Vinnie Miller,Chv,23,4253,53,33.835,159.598,25
4919,2,2020,78,Vinnie Miller,Chv,23,4253,54,31.711,170.288,25
4919,2,2020,78,Vinnie Miller,Chv,23,4253,55,31.779,169.924,25
4919,2,2020,78,Vinnie Miller,Chv,23,4253,56,31.738,170.143,25
4919,2,2020,78,Vinnie Miller,Chv,23,4253,57,31.992,168.792,26
4919,2,2020,78,Vinnie Miller,Chv,23,4253,58,31.783,169.902,25
4919,2,2020,78,Vinnie Miller,Chv,23,4253,59,31.825,169.678,25
4919,2,2020,78,Vinnie Miller,Chv,23,4253,60,31.878,169.396,25
4919,2,2020,78,Vinnie Miller,Chv,23,4253,61,31.725,170.213,25
4919,2,2020,78,Vinnie Miller,Chv,23,4253,62,31.62,170.778,25
4919,2,2020,78,Vinnie Miller,Chv,23,4253,63,31.736,170.154,25
4919,2,2020,78,Vinnie Miller,Chv,23,4253,64,32.187,167.770,25
4919,2,2020,78,Vinnie Miller,Chv,23,4253,65,32.044,168.518,25
4919,2,2020,78,Vinnie Miller,Chv,23,4253,66,32.002,168.739,25
4919,2,2020,78,Vinnie Miller,Chv,23,4253,67,31.916,169.194,25
4919,2,2020,78,Vinnie Miller,Chv,23,4253,68,31.906,169.247,25
4919,2,2020,78,Vinnie Miller,Chv,23,4253,69,31.943,169.051,25
4919,2,2020,78,Vinnie Miller,Chv,23,4253,70,32.047,168.503,25
4919,2,2020,78,Vinnie Miller,Chv,23,4253,71,32.204,167.681,25
4919,2,2020,78,Vinnie Miller,Chv,23,4253,72,32.039,168.545,25
4919,2,2020,78,Vinnie Miller,Chv,23,4253,73,32.162,167.900,25
4919,2,2020,78,Vinnie Miller,Chv,23,4253,74,32.065,168.408,25
4919,2,2020,78,Vinnie Miller,Chv,23,4253,75,32.299,167.188,25
4919,2,2020,78,Vinnie Miller,Chv,23,4253,76,32.028,168.602,25
4919,2,2020,78,Vinnie Miller,Chv,23,4253,77,32.169,167.863,25
4919,2,2020,78,Vinnie Miller,Chv,23,4253,78,32.5,166.154,25
4919,2,2020,78,Vinnie Miller,Chv,23,4253,79,32.406,166.636,25
4919,2,2020,78,Vinnie Miller,Chv,23,4253,80,32.333,167.012,25
4919,2,2020,78,Vinnie Miller,Chv,23,4253,81,32.431,166.507,25
4919,2,2020,78,Vinnie Miller,Chv,23,4253,82,32.294,167.214,25
4919,2,2020,78,Vinnie Miller,Chv,23,4253,83,32.203,167.686,25
4919,2,2020,78,Vinnie Miller,Chv,23,4253,84,32.373,166.806,25
4919,2,2020,78,Vinnie Miller,Chv,23,4253,85,32.45,166.410,25
4919,2,2020,78,Vinnie Miller,Chv,23,4253,86,32.53,166.001,25
4919,2,2020,78,Vinnie Miller,Chv,23,4253,87,32.449,166.415,25
4919,2,2020,78,Vinnie Miller,Chv,23,4253,88,32.382,166.759,25
4919,2,2020,78,Vinnie Miller,Chv,23,4253,89,32.479,166.261,25
4919,2,2020,78,Vinnie Miller,Chv,23,4253,90,45.757,118.015,25
4919,2,2020,78,Vinnie Miller,Chv,23,4253,91,79.716,67.740,25
4919,2,2020,78,Vinnie Miller,Chv,23,4253,92,91.809,58.818,25
4919,2,2020,78,Vinnie Miller,Chv,23,4253,93,130.649,41.332,31
4919,2,2020,78,Vinnie Miller,Chv,23,4253,94,75.015,71.986,28
4919,2,2020,78,Vinnie Miller,Chv,23,4253,95,94.366,57.224,28
4919,2,2020,78,Vinnie Miller,Chv,23,4253,96,92.141,58.606,28
4919,2,2020,78,Vinnie Miller,Chv,23,4253,97,86.112,62.709,27
4919,2,2020,78,Vinnie Miller,Chv,23,4253,98,33.887,159.353,26
4919,2,2020,78,Vinnie Miller,Chv,23,4253,99,31.946,169.035,27
4919,2,2020,78,Vinnie Miller,Chv,23,4253,100,31.94,169.067,27
4919,2,2020,78,Vinnie Miller,Chv,23,4253,101,31.548,171.168,27
4919,2,2020,78,Vinnie Miller,Chv,23,4253,102,31.749,170.084,27
4919,2,2020,78,Vinnie Miller,Chv,23,4253,103,31.919,169.178,27
4919,2,2020,78,Vinnie Miller,Chv,23,4253,104,31.78,169.918,27
4919,2,2020,78,Vinnie Miller,Chv,23,4253,105,31.842,169.587,27
4919,2,2020,78,Vinnie Miller,Chv,23,4253,106,31.96,168.961,27
4919,2,2020,78,Vinnie Miller,Chv,23,4253,107,31.903,169.263,27
4919,2,2020,78,Vinnie Miller,Chv,23,4253,108,31.882,169.375,27
4919,2,2020,78,Vinnie Miller,Chv,23,4253,109,31.692,170.390,27
4919,2,2020,78,Vinnie Miller,Chv,23,4253,110,31.938,169.078,27
4919,2,2020,78,Vinnie Miller,Chv,23,4253,111,31.853,169.529,27
4919,2,2020,78,Vinnie Miller,Chv,23,4253,112,32.16,167.910,26
4919,2,2020,78,Vinnie Miller,Chv,23,4253,113,31.804,169.790,26
4919,2,2020,78,Vinnie Miller,Chv,23,4253,114,31.834,169.630,26
4919,2,2020,78,Vinnie Miller,Chv,23,4253,115,31.761,170.020,26
4919,2,2020,78,Vinnie Miller,Chv,23,4253,116,31.871,169.433,26
4919,2,2020,78,Vinnie Miller,Chv,23,4253,117,31.978,168.866,26
4919,2,2020,78,Vinnie Miller,Chv,23,4253,118,32.163,167.895,26
4919,2,2020,78,Vinnie Miller,Chv,23,4253,119,32.008,168.708,26
4919,2,2020,78,Vinnie Miller,Chv,23,4253,120,31.895,169.306,26
4919,2,2020,78,Vinnie Miller,Chv,23,4253,121,32.028,168.602,26
4919,2,2020,78,Vinnie Miller,Chv,23,4253,122,32.171,167.853,26
4919,2,2020,78,Vinnie Miller,Chv,23,4253,123,32.257,167.406,26
4919,2,2020,78,Vinnie Miller,Chv,23,4253,124,31.915,169.199,26
4919,2,2020,78,Vinnie Miller,Chv,23,4253,125,32.412,166.605,26
4919,2,2020,78,Vinnie Miller,Chv,23,4253,126,32.348,166.935,26
4919,2,2020,78,Vinnie Miller,Chv,23,4253,127,32.263,167.374,26
4919,2,2020,78,Vinnie Miller,Chv,23,4253,128,32.556,165.868,26
4919,2,2020,78,Vinnie Miller,Chv,23,4253,129,32.465,166.333,26
4919,2,2020,78,Vinnie Miller,Chv,23,4253,130,32.566,165.817,26
4919,2,2020,78,Vinnie Miller,Chv,23,4253,131,32.155,167.937,26
4919,2,2020,78,Vinnie Miller,Chv,23,4253,132,32.541,165.945,26
4919,2,2020,78,Vinnie Miller,Chv,23,4253,133,32.639,165.446,26
4919,2,2020,78,Vinnie Miller,Chv,23,4253,134,32.485,166.231,26
4919,2,2020,78,Vinnie Miller,Chv,23,4253,135,32.299,167.188,26
4919,2,2020,78,Vinnie Miller,Chv,23,4253,136,32.348,166.935,26
4919,2,2020,78,Vinnie Miller,Chv,23,4253,137,32.559,165.853,26
4919,2,2020,78,Vinnie Miller,Chv,23,4253,138,32.833,164.469,26
4919,2,2020,78,Vinnie Miller,Chv,23,4253,139,32.463,166.343,26
4919,2,2020,78,Vinnie Miller,Chv,23,4253,140,33.415,161.604,26
4919,2,2020,78,Vinnie Miller,Chv,23,4253,141,80.921,66.732,31
4919,2,2020,78,Vinnie Miller,Chv,23,4253,142,47.165,114.492,32
4919,2,2020,78,Vinnie Miller,Chv,23,4253,143,32.165,167.884,32
4919,2,2020,78,Vinnie Miller,Chv,23,4253,144,31.907,169.242,32
4919,2,2020,78,Vinnie Miller,Chv,23,4253,145,31.714,170.272,32
4919,2,2020,78,Vinnie Miller,Chv,23,4253,146,32.27,167.338,32
4919,2,2020,78,Vinnie Miller,Chv,23,4253,147,32.667,165.304,30
4919,2,2020,78,Vinnie Miller,Chv,23,4253,148,32.2,167.702,30
4919,2,2020,78,Vinnie Miller,Chv,23,4253,149,32.803,164.619,29
4919,2,2020,78,Vinnie Miller,Chv,23,4253,150,32.794,164.664,29
4919,2,2020,78,Vinnie Miller,Chv,23,4253,151,42.253,127.802,29
4919,2,2020,78,Vinnie Miller,Chv,23,4253,152,84.849,63.642,28
4919,2,2020,78,Vinnie Miller,Chv,23,4253,153,96.08,56.203,28
4919,2,2020,78,Vinnie Miller,Chv,23,4253,154,94.045,57.419,28
4919,2,2020,78,Vinnie Miller,Chv,23,4253,155,115.763,46.647,29
4919,2,2020,78,Vinnie Miller,Chv,23,4253,156,87.996,61.366,29
4919,2,2020,78,Vinnie Miller,Chv,23,4253,157,101.711,53.092,29
4919,2,2020,78,Vinnie Miller,Chv,23,4253,158,97.852,55.185,29
4919,2,2020,78,Vinnie Miller,Chv,23,4253,159,35.146,153.645,29
4919,2,2020,78,Vinnie Miller,Chv,23,4253,160,32.587,165.710,29
4919,2,2020,78,Vinnie Miller,Chv,23,4253,161,32.44,166.461,29
4919,2,2020,78,Vinnie Miller,Chv,23,4253,162,32.304,167.162,29
4919,2,2020,78,Vinnie Miller,Chv,23,4253,163,32.166,167.879,29
4919,2,2020,78,Vinnie Miller,Chv,23,4253,164,32.177,167.822,29
4919,2,2020,78,Vinnie Miller,Chv,23,4253,165,32.335,167.002,29
4919,2,2020,78,Vinnie Miller,Chv,23,4253,166,32.356,166.893,29
4919,2,2020,78,Vinnie Miller,Chv,23,4253,167,39.0,138.462,29
4919,2,2020,78,Vinnie Miller,Chv,23,4253,168,68.897,78.378,29
4919,2,2020,78,Vinnie Miller,Chv,23,4253,169,94.71,57.016,29
4919,2,2020,78,Vinnie Miller,Chv,23,4253,170,98.756,54.680,29
4919,2,2020,78,Vinnie Miller,Chv,23,4253,171,85.399,63.233,29
4919,2,2020,78,Vinnie Miller,Chv,23,4253,172,44.506,121.332,29
4919,2,2020,78,Vinnie Miller,Chv,23,4253,173,90.652,59.568,29
4919,2,2020,78,Vinnie Miller,Chv,23,4253,174,96.922,55.715,28
4919,2,2020,78,Vinnie Miller,Chv,23,4253,175,98.516,54.813,28
4919,2,2020,78,Vinnie Miller,Chv,23,4253,176,94.804,56.960,28
4919,2,2020,78,Vinnie Miller,Chv,23,4253,177,96.687,55.850,27
4919,2,2020,78,Vinnie Miller,Chv,23,4253,178,102.113,52.883,27
4919,2,2020,78,Vinnie Miller,Chv,23,4253,179,95.316,56.654,27
4919,2,2020,78,Vinnie Miller,Chv,23,4253,180,45.474,118.749,27
4919,2,2020,78,Vinnie Miller,Chv,23,4253,181,79.294,68.101,27
4919,2,2020,78,Vinnie Miller,Chv,23,4253,182,97.82,55.203,27
4919,2,2020,78,Vinnie Miller,Chv,23,4253,183,91.329,59.127,27
4919,2,2020,78,Vinnie Miller,Chv,23,4253,184,83.897,64.365,27
4919,2,2020,78,Vinnie Miller,Chv,23,4253,185,33.941,159.100,27
4919,2,2020,78,Vinnie Miller,Chv,23,4253,186,33.195,162.675,27
4919,2,2020,78,Vinnie Miller,Chv,23,4253,187,32.873,164.269,27
4919,2,2020,78,Vinnie Miller,Chv,23,4253,188,35.49,152.156,26
4919,2,2020,78,Vinnie Miller,Chv,23,4253,189,49.278,109.582,26
4919,2,2020,78,Vinnie Miller,Chv,23,4253,190,88.107,61.289,26
4919,2,2020,78,Vinnie Miller,Chv,23,4253,191,102.619,52.622,26
4919,2,2020,78,Vinnie Miller,Chv,23,4253,192,102.791,52.534,26
4919,2,2020,78,Vinnie Miller,Chv,23,4253,193,59.028,91.482,26
4919,2,2020,78,Vinnie Miller,Chv,23,4253,194,73.731,73.239,26
4919,2,2020,78,Vinnie Miller,Chv,23,4253,195,94.145,57.358,26
4919,2,2020,78,Vinnie Miller,Chv,23,4253,196,91.788,58.831,26
4919,2,2020,78,Vinnie Miller,Chv,23,4253,197,90.178,59.882,25
4919,2,2020,78,Vinnie Miller,Chv,23,4253,198,35.196,153.427,24
4919,2,2020,78,Vinnie Miller,Chv,23,4253,199,33.439,161.488,23
4919,2,2020,44,Tommy Joe Martins,Chv,24,3902,0,,,32
4919,2,2020,44,Tommy Joe Martins,Chv,24,3902,1,35.088,153.899,30
4919,2,2020,44,Tommy Joe Martins,Chv,24,3902,2,32.252,167.431,28
4919,2,2020,44,Tommy Joe Martins,Chv,24,3902,3,31.571,171.043,28
4919,2,2020,44,Tommy Joe Martins,Chv,24,3902,4,38.925,138.728,28
4919,2,2020,44,Tommy Joe Martins,Chv,24,3902,5,86.639,62.328,27
4919,2,2020,44,Tommy Joe Martins,Chv,24,3902,6,95.722,56.413,27
4919,2,2020,44,Tommy Joe Martins,Chv,24,3902,7,83.732,64.491,27
4919,2,2020,44,Tommy Joe Martins,Chv,24,3902,8,34.237,157.724,28
4919,2,2020,44,Tommy Joe Martins,Chv,24,3902,9,32.293,167.219,30
4919,2,2020,44,Tommy Joe Martins,Chv,24,3902,10,32.422,166.554,31
4919,2,2020,44,Tommy Joe Martins,Chv,24,3902,11,32.31,167.131,30
4919,2,2020,44,Tommy Joe Martins,Chv,24,3902,12,31.697,170.363,29
4919,2,2020,44,Tommy Joe Martins,Chv,24,3902,13,32.226,167.567,28
4919,2,2020,44,Tommy Joe Martins,Chv,24,3902,14,32.348,166.935,28
4919,2,2020,44,Tommy Joe Martins,Chv,24,3902,15,32.56,165.848,28
4919,2,2020,44,Tommy Joe Martins,Chv,24,3902,16,32.097,168.240,27
4919,2,2020,44,Tommy Joe Martins,Chv,24,3902,17,33.744,160.028,32
4919,2,2020,44,Tommy Joe Martins,Chv,24,3902,18,34.262,157.609,32
4919,2,2020,44,Tommy Joe Martins,Chv,24,3902,19,35.139,153.675,34
4919,2,2020,44,Tommy Joe Martins,Chv,24,3902,20,43.832,123.198,34
4919,2,2020,44,Tommy Joe Martins,Chv,24,3902,21,125.132,43.154,34
4919,2,2020,44,Tommy Joe Martins,Chv,24,3902,22,92.848,58.160,34
4919,2,2020,44,Tommy Joe Martins,Chv,24,3902,23,75.739,71.297,34
4919,2,2020,44,Tommy Joe Martins,Chv,24,3902,24,82.51,65.447,33
4919,2,2020,44,Tommy Joe Martins,Chv,24,3902,25,34.058,158.553,33
4919,2,2020,44,Tommy Joe Martins,Chv,24,3902,26,32.039,168.545,33
4919,2,2020,44,Tommy Joe Martins,Chv,24,3902,27,36.503,147.933,33
4919,2,2020,44,Tommy Joe Martins,Chv,24,3902,28,85.967,62.815,33
4919,2,2020,44,Tommy Joe Martins,Chv,24,3902,29,44.765,120.630,33
4919,2,2020,44,Tommy Joe Martins,Chv,24,3902,30,64.21,84.099,30
4919,2,2020,44,Tommy Joe Martins,Chv,24,3902,31,102.171,52.853,29
4919,2,2020,44,Tommy Joe Martins,Chv,24,3902,32,92.218,58.557,27
4919,2,2020,44,Tommy Joe Martins,Chv,24,3902,33,34.024,158.711,26
4919,2,2020,44,Tommy Joe Martins,Chv,24,3902,34,32.396,166.687,27
4919,2,2020,44,Tommy Joe Martins,Chv,24,3902,35,32.157,167.926,28
4919,2,2020,44,Tommy Joe Martins,Chv,24,3902,36,31.815,169.731,27
4919,2,2020,44,Tommy Joe Martins,Chv,24,3902,37,32.084,168.308,27
4919,2,2020,44,Tommy Joe Martins,Chv,24,3902,38,31.789,169.870,27
4919,2,2020,44,Tommy Joe Martins,Chv,24,3902,39,32.118,168.130,28
4919,2,2020,44,Tommy Joe Martins,Chv,24,3902,40,31.911,169.221,27
4919,2,2020,44,Tommy Joe Martins,Chv,24,3902,41,32.041,168.534,25
4919,2,2020,44,Tommy Joe Martins,Chv,24,3902,42,31.84,169.598,24
4919,2,2020,44,Tommy Joe Martins,Chv,24,3902,43,32.219,167.603,23
4919,2,2020,44,Tommy Joe Martins,Chv,24,3902,44,32.001,168.745,23
4919,2,2020,44,Tommy Joe Martins,Chv,24,3902,45,32.293,167.219,23
4919,2,2020,44,Tommy Joe Martins,Chv,24,3902,46,47.972,112.566,23
4919,2,2020,44,Tommy Joe Martins,Chv,24,3902,47,69.876,77.280,23
4919,2,2020,44,Tommy Joe Martins,Chv,24,3902,48,120.134,44.950,26
4919,2,2020,44,Tommy Joe Martins,Chv,24,3902,49,72.402,74.584,19
4919,2,2020,44,Tommy Joe Martins,Chv,24,3902,50,95.665,56.447,19
4919,2,2020,44,Tommy Joe Martins,Chv,24,3902,51,93.983,57.457,18
4919,2,2020,44,Tommy Joe Martins,Chv,24,3902,52,88.588,60.956,17
4919,2,2020,44,Tommy Joe Martins,Chv,24,3902,53,33.796,159.782,18
4919,2,2020,44,Tommy Joe Martins,Chv,24,3902,54,31.548,171.168,18
4919,2,2020,44,Tommy Joe Martins,Chv,24,3902,55,31.588,170.951,18
4919,2,2020,44,Tommy Joe Martins,Chv,24,3902,56,31.653,170.600,18
4919,2,2020,44,Tommy Joe Martins,Chv,24,3902,57,31.475,171.565,17
4919,2,2020,44,Tommy Joe Martins,Chv,24,3902,58,31.453,171.685,18
4919,2,2020,44,Tommy Joe Martins,Chv,24,3902,59,31.577,171.011,17
4919,2,2020,44,Tommy Joe Martins,Chv,24,3902,60,31.812,169.747,18
4919,2,2020,44,Tommy Joe Martins,Chv,24,3902,61,31.451,171.696,17
4919,2,2020,44,Tommy Joe Martins,Chv,24,3902,62,31.489,171.488,17
4919,2,2020,44,Tommy Joe Martins,Chv,24,3902,63,32.306,167.152,19
4919,2,2020,44,Tommy Joe Martins,Chv,24,3902,64,31.545,171.184,19
4919,2,2020,44,Tommy Joe Martins,Chv,24,3902,65,31.455,171.674,18
4919,2,2020,44,Tommy Joe Martins,Chv,24,3902,66,31.621,170.773,17
4919,2,2020,44,Tommy Joe Martins,Chv,24,3902,67,31.543,171.195,16
4919,2,2020,44,Tommy Joe Martins,Chv,24,3902,68,31.401,171.969,16
4919,2,2020,44,Tommy Joe Martins,Chv,24,3902,69,31.31,172.469,16
4919,2,2020,44,Tommy Joe Martins,Chv,24,3902,70,31.538,171.222,16
4919,2,2020,44,Tommy Joe Martins,Chv,24,3902,71,31.405,171.947,16
4919,2,2020,44,Tommy Joe Martins,Chv,24,3902,72,31.373,172.123,16
4919,2,2020,44,Tommy Joe Martins,Chv,24,3902,73,31.404,171.953,16
4919,2,2020,44,Tommy Joe Martins,Chv,24,3902,74,31.43,171.810,16
4919,2,2020,44,Tommy Joe Martins,Chv,24,3902,75,31.411,171.914,16
4919,2,2020,44,Tommy Joe Martins,Chv,24,3902,76,31.468,171.603,16
4919,2,2020,44,Tommy Joe Martins,Chv,24,3902,77,31.392,172.018,16
4919,2,2020,44,Tommy Joe Martins,Chv,24,3902,78,31.605,170.859,16
4919,2,2020,44,Tommy Joe Martins,Chv,24,3902,79,31.547,171.173,16
4919,2,2020,44,Tommy Joe Martins,Chv,24,3902,80,31.417,171.881,16
4919,2,2020,44,Tommy Joe Martins,Chv,24,3902,81,31.66,170.562,16
4919,2,2020,44,Tommy Joe Martins,Chv,24,3902,82,31.752,170.068,16
4919,2,2020,44,Tommy Joe Martins,Chv,24,3902,83,31.801,169.806,16
4919,2,2020,44,Tommy Joe Martins,Chv,24,3902,84,31.891,169.327,16
4919,2,2020,44,Tommy Joe Martins,Chv,24,3902,85,31.735,170.159,16
4919,2,2020,44,Tommy Joe Martins,Chv,24,3902,86,31.744,170.111,16
4919,2,2020,44,Tommy Joe Martins,Chv,24,3902,87,32.004,168.729,16
4919,2,2020,44,Tommy Joe Martins,Chv,24,3902,88,32.266,167.359,16
4919,2,2020,44,Tommy Joe Martins,Chv,24,3902,89,31.973,168.893,16
4919,2,2020,44,Tommy Joe Martins,Chv,24,3902,90,33.088,163.201,16
4919,2,2020,44,Tommy Joe Martins,Chv,24,3902,91,40.53,133.235,16
4919,2,2020,44,Tommy Joe Martins,Chv,24,3902,92,76.458,70.627,16
4919,2,2020,44,Tommy Joe Martins,Chv,24,3902,93,119.009,45.375,17
4919,2,2020,44,Tommy Joe Martins,Chv,24,3902,94,72.851,74.124,17
4919,2,2020,44,Tommy Joe Martins,Chv,24,3902,95,90.639,59.577,17
4919,2,2020,44,Tommy Joe Martins,Chv,24,3902,96,96.147,56.164,17
4919,2,2020,44,Tommy Joe Martins,Chv,24,3902,97,93.466,57.775,16
4919,2,2020,44,Tommy Joe Martins,Chv,24,3902,98,90.716,59.526,15
4919,2,2020,44,Tommy Joe Martins,Chv,24,3902,99,33.265,162.333,16
4919,2,2020,44,Tommy Joe Martins,Chv,24,3902,100,31.015,174.109,16
4919,2,2020,44,Tommy Joe Martins,Chv,24,3902,101,31.389,172.035,16
4919,2,2020,44,Tommy Joe Martins,Chv,24,3902,102,31.233,172.894,17
4919,2,2020,44,Tommy Joe Martins,Chv,24,3902,103,31.103,173.617,17
4919,2,2020,44,Tommy Joe Martins,Chv,24,3902,104,31.184,173.166,17
4919,2,2020,44,Tommy Joe Martins,Chv,24,3902,105,31.288,172.590,17
4919,2,2020,44,Tommy Joe Martins,Chv,24,3902,106,31.235,172.883,17
4919,2,2020,44,Tommy Joe Martins,Chv,24,3902,107,31.151,173.349,17
4919,2,2020,44,Tommy Joe Martins,Chv,24,3902,108,31.268,172.701,17
4919,2,2020,44,Tommy Joe Martins,Chv,24,3902,109,31.238,172.866,17
4919,2,2020,44,Tommy Joe Martins,Chv,24,3902,110,31.275,172.662,17
4919,2,2020,44,Tommy Joe Martins,Chv,24,3902,111,31.308,172.480,17
4919,2,2020,44,Tommy Joe Martins,Chv,24,3902,112,31.302,172.513,17
4919,2,2020,44,Tommy Joe Martins,Chv,24,3902,113,31.253,172.783,17
4919,2,2020,44,Tommy Joe Martins,Chv,24,3902,114,31.291,172.574,17
4919,2,2020,44,Tommy Joe Martins,Chv,24,3902,115,31.459,171.652,17
4919,2,2020,44,Tommy Joe Martins,Chv,24,3902,116,31.384,172.062,17
4919,2,2020,44,Tommy Joe Martins,Chv,24,3902,117,31.361,172.188,17
4919,2,2020,44,Tommy Joe Martins,Chv,24,3902,118,31.504,171.407,17
4919,2,2020,44,Tommy Joe Martins,Chv,24,3902,119,31.431,171.805,17
4919,2,2020,44,Tommy Joe Martins,Chv,24,3902,120,31.441,171.750,17
4919,2,2020,44,Tommy Joe Martins,Chv,24,3902,121,31.378,172.095,17
4919,2,2020,44,Tommy Joe Martins,Chv,24,3902,122,31.587,170.956,17
4919,2,2020,44,Tommy Joe Martins,Chv,24,3902,123,31.562,171.092,17
4919,2,2020,44,Tommy Joe Martins,Chv,24,3902,124,31.64,170.670,17
4919,2,2020,44,Tommy Joe Martins,Chv,24,3902,125,31.756,170.047,17
4919,2,2020,44,Tommy Joe Martins,Chv,24,3902,126,31.597,170.902,17
4919,2,2020,44,Tommy Joe Martins,Chv,24,3902,127,31.664,170.541,17
4919,2,2020,44,Tommy Joe Martins,Chv,24,3902,128,32.189,167.759,17
4919,2,2020,44,Tommy Joe Martins,Chv,24,3902,129,31.774,169.950,17
4919,2,2020,44,Tommy Joe Martins,Chv,24,3902,130,31.723,170.223,17
4919,2,2020,44,Tommy Joe Martins,Chv,24,3902,131,31.673,170.492,17
4919,2,2020,44,Tommy Joe Martins,Chv,24,3902,132,31.791,169.859,17
4919,2,2020,44,Tommy Joe Martins,Chv,24,3902,133,32.114,168.151,17
4919,2,2020,44,Tommy Joe Martins,Chv,24,3902,134,31.908,169.237,17
4919,2,2020,44,Tommy Joe Martins,Chv,24,3902,135,32.015,168.671,17
4919,2,2020,44,Tommy Joe Martins,Chv,24,3902,136,32.066,168.403,17
4919,2,2020,44,Tommy Joe Martins,Chv,24,3902,137,31.939,169.072,16
4919,2,2020,44,Tommy Joe Martins,Chv,24,3902,138,31.918,169.184,16
4919,2,2020,44,Tommy Joe Martins,Chv,24,3902,139,31.926,169.141,16
4919,2,2020,44,Tommy Joe Martins,Chv,24,3902,140,31.908,169.237,16
4919,2,2020,44,Tommy Joe Martins,Chv,24,3902,141,31.857,169.507,16
4919,2,2020,44,Tommy Joe Martins,Chv,24,3902,142,31.916,169.194,16
4919,2,2020,44,Tommy Joe Martins,Chv,24,3902,143,32.049,168.492,16
4919,2,2020,44,Tommy Joe Martins,Chv,24,3902,144,31.903,169.263,14
4919,2,2020,44,Tommy Joe Martins,Chv,24,3902,145,31.897,169.295,14
4919,2,2020,44,Tommy Joe Martins,Chv,24,3902,146,32.271,167.333,12
4919,2,2020,44,Tommy Joe Martins,Chv,24,3902,147,70.096,77.037,17
4919,2,2020,44,Tommy Joe Martins,Chv,24,3902,148,45.694,118.177,17
4919,2,2020,44,Tommy Joe Martins,Chv,24,3902,149,31.193,173.116,17
4919,2,2020,44,Tommy Joe Martins,Chv,24,3902,150,31.295,172.552,17
4919,2,2020,44,Tommy Joe Martins,Chv,24,3902,151,31.173,173.227,17
4919,2,2020,44,Tommy Joe Martins,Chv,24,3902,152,31.365,172.166,17
4919,2,2020,44,Tommy Joe Martins,Chv,24,3902,153,37.062,145.702,17
4919,2,2020,44,Tommy Joe Martins,Chv,24,3902,154,50.722,106.463,16
4919,2,2020,44,Tommy Joe Martins,Chv,24,3902,155,62.693,86.134,16
4919,2,2020,44,Tommy Joe Martins,Chv,24,3902,156,96.71,55.837,16
4919,2,2020,44,Tommy Joe Martins,Chv,24,3902,157,91.167,59.232,15
4919,2,2020,44,Tommy Joe Martins,Chv,24,3902,158,95.143,56.757,14
4919,2,2020,44,Tommy Joe Martins,Chv,24,3902,159,92.813,58.182,14
4919,2,2020,44,Tommy Joe Martins,Chv,24,3902,160,104.194,51.826,15
4919,2,2020,44,Tommy Joe Martins,Chv,24,3902,161,101.49,53.207,15
4919,2,2020,44,Tommy Joe Martins,Chv,24,3902,162,34.056,158.562,15
4919,2,2020,44,Tommy Joe Martins,Chv,24,3902,163,31.508,171.385,15
4919,2,2020,44,Tommy Joe Martins,Chv,24,3902,164,31.18,173.188,15
4919,2,2020,44,Tommy Joe Martins,Chv,24,3902,165,31.314,172.447,15
4919,2,2020,44,Tommy Joe Martins,Chv,24,3902,166,31.342,172.293,15
4919,2,2020,44,Tommy Joe Martins,Chv,24,3902,167,31.23,172.911,15
4919,2,2020,44,Tommy Joe Martins,Chv,24,3902,168,31.424,171.843,16
4919,2,2020,44,Tommy Joe Martins,Chv,24,3902,169,31.298,172.535,16
4919,2,2020,44,Tommy Joe Martins,Chv,24,3902,170,34.995,154.308,16
4919,2,2020,44,Tommy Joe Martins,Chv,24,3902,171,74.455,72.527,16
4919,2,2020,44,Tommy Joe Martins,Chv,24,3902,172,96.008,56.245,16
4919,2,2020,44,Tommy Joe Martins,Chv,24,3902,173,97.649,55.300,16
4919,2,2020,44,Tommy Joe Martins,Chv,24,3902,174,92.073,58.649,16
4919,2,2020,44,Tommy Joe Martins,Chv,24,3902,175,42.899,125.877,16
4919,2,2020,44,Tommy Joe Martins,Chv,24,3902,176,89.938,60.041,16
4919,2,2020,44,Tommy Joe Martins,Chv,24,3902,177,96.306,56.071,15
4919,2,2020,44,Tommy Joe Martins,Chv,24,3902,178,96.877,55.741,15
4919,2,2020,44,Tommy Joe Martins,Chv,24,3902,179,95.776,56.382,15
4919,2,2020,44,Tommy Joe Martins,Chv,24,3902,180,95.85,56.338,15
4919,2,2020,44,Tommy Joe Martins,Chv,24,3902,181,120.467,44.826,15
4919,2,2020,44,Tommy Joe Martins,Chv,24,3902,182,82.439,65.503,15
4919,2,2020,44,Tommy Joe Martins,Chv,24,3902,183,44.342,121.781,15
4919,2,2020,44,Tommy Joe Martins,Chv,24,3902,184,79.115,68.255,15
4919,2,2020,44,Tommy Joe Martins,Chv,24,3902,185,51.457,104.942,14
4919,2,2020,44,Tommy Joe Martins,Chv,24,3902,186,77.895,69.324,14
4919,2,2020,44,Tommy Joe Martins,Chv,24,3902,187,62.803,85.983,14
4919,2,2020,44,Tommy Joe Martins,Chv,24,3902,188,81.695,66.100,14
4919,2,2020,44,Tommy Joe Martins,Chv,24,3902,189,33.326,162.036,14
4919,2,2020,44,Tommy Joe Martins,Chv,24,3902,190,31.609,170.837,13
4919,2,2020,44,Tommy Joe Martins,Chv,24,3902,191,31.817,169.721,13
4919,2,2020,44,Tommy Joe Martins,Chv,24,3902,192,34.898,154.737,13
4919,2,2020,44,Tommy Joe Martins,Chv,24,3902,193,50.109,107.765,12
4919,2,2020,44,Tommy Joe Martins,Chv,24,3902,194,89.634,60.245,11
4919,2,2020,44,Tommy Joe Martins,Chv,24,3902,195,97.917,55.149,10
4919,2,2020,44,Tommy Joe Martins,Chv,24,3902,196,107.302,50.325,9
4919,2,2020,44,Tommy Joe Martins,Chv,24,3902,197,55.115,97.977,11
4919,2,2020,44,Tommy Joe Martins,Chv,24,3902,198,138.585,38.965,12
4919,2,2020,0,Jeffrey Earnhardt,Chv,25,3894,0,,,23
4919,2,2020,0,Jeffrey Earnhardt,Chv,25,3894,1,35.229,153.283,26
4919,2,2020,0,Jeffrey Earnhardt,Chv,25,3894,2,32.151,167.957,26
4919,2,2020,0,Jeffrey Earnhardt,Chv,25,3894,3,32.22,167.598,26
4919,2,2020,0,Jeffrey Earnhardt,Chv,25,3894,4,38.079,141.810,26
4919,2,2020,0,Jeffrey Earnhardt,Chv,25,3894,5,86.646,62.323,25
4919,2,2020,0,Jeffrey Earnhardt,Chv,25,3894,6,95.542,56.520,25
4919,2,2020,0,Jeffrey Earnhardt,Chv,25,3894,7,84.943,63.572,26
4919,2,2020,0,Jeffrey Earnhardt,Chv,25,3894,8,33.812,159.707,25
4919,2,2020,0,Jeffrey Earnhardt,Chv,25,3894,9,32.329,167.033,25
4919,2,2020,0,Jeffrey Earnhardt,Chv,25,3894,10,32.297,167.198,25
4919,2,2020,0,Jeffrey Earnhardt,Chv,25,3894,11,31.893,169.316,25
4919,2,2020,0,Jeffrey Earnhardt,Chv,25,3894,12,32.038,168.550,24
4919,2,2020,0,Jeffrey Earnhardt,Chv,25,3894,13,32.439,166.466,24
4919,2,2020,0,Jeffrey Earnhardt,Chv,25,3894,14,32.394,166.698,23
4919,2,2020,0,Jeffrey Earnhardt,Chv,25,3894,15,32.073,168.366,23
4919,2,2020,0,Jeffrey Earnhardt,Chv,25,3894,16,32.27,167.338,23
4919,2,2020,0,Jeffrey Earnhardt,Chv,25,3894,17,32.213,167.634,24
4919,2,2020,0,Jeffrey Earnhardt,Chv,25,3894,18,31.874,169.417,24
4919,2,2020,0,Jeffrey Earnhardt,Chv,25,3894,19,32.106,168.193,23
4919,2,2020,0,Jeffrey Earnhardt,Chv,25,3894,20,31.976,168.877,23
4919,2,2020,0,Jeffrey Earnhardt,Chv,25,3894,21,38.556,140.056,23
4919,2,2020,0,Jeffrey Earnhardt,Chv,25,3894,22,100.813,53.565,27
4919,2,2020,0,Jeffrey Earnhardt,Chv,25,3894,23,73.179,73.792,21
4919,2,2020,0,Jeffrey Earnhardt,Chv,25,3894,24,93.881,57.520,21
4919,2,2020,0,Jeffrey Earnhardt,Chv,25,3894,25,87.953,61.396,21
4919,2,2020,0,Jeffrey Earnhardt,Chv,25,3894,26,34.152,158.117,22
4919,2,2020,0,Jeffrey Earnhardt,Chv,25,3894,27,31.894,169.311,21
4919,2,2020,0,Jeffrey Earnhardt,Chv,25,3894,28,34.457,156.717,19
4919,2,2020,0,Jeffrey Earnhardt,Chv,25,3894,29,87.052,62.032,19
4919,2,2020,0,Jeffrey Earnhardt,Chv,25,3894,30,105.189,51.336,19
4919,2,2020,0,Jeffrey Earnhardt,Chv,25,3894,31,102.527,52.669,17
4919,2,2020,0,Jeffrey Earnhardt,Chv,25,3894,32,97.149,55.585,18
4919,2,2020,0,Jeffrey Earnhardt,Chv,25,3894,33,34.558,156.259,22
4919,2,2020,0,Jeffrey Earnhardt,Chv,25,3894,34,32.013,168.681,23
4919,2,2020,0,Jeffrey Earnhardt,Chv,25,3894,35,31.75,170.079,23
4919,2,2020,0,Jeffrey Earnhardt,Chv,25,3894,36,31.855,169.518,23
4919,2,2020,0,Jeffrey Earnhardt,Chv,25,3894,37,31.734,170.164,22
4919,2,2020,0,Jeffrey Earnhardt,Chv,25,3894,38,32.101,168.219,21
4919,2,2020,0,Jeffrey Earnhardt,Chv,25,3894,39,31.676,170.476,20
4919,2,2020,0,Jeffrey Earnhardt,Chv,25,3894,40,31.885,169.359,20
4919,2,2020,0,Jeffrey Earnhardt,Chv,25,3894,41,31.781,169.913,20
4919,2,2020,0,Jeffrey Earnhardt,Chv,25,3894,42,31.771,169.966,20
4919,2,2020,0,Jeffrey Earnhardt,Chv,25,3894,43,31.782,169.907,20
4919,2,2020,0,Jeffrey Earnhardt,Chv,25,3894,44,31.749,170.084,19
4919,2,2020,0,Jeffrey Earnhardt,Chv,25,3894,45,32.463,166.343,20
4919,2,2020,0,Jeffrey Earnhardt,Chv,25,3894,46,48.228,111.968,20
4919,2,2020,0,Jeffrey Earnhardt,Chv,25,3894,47,70.042,77.097,20
4919,2,2020,0,Jeffrey Earnhardt,Chv,25,3894,48,126.783,42.592,32
4919,2,2020,0,Jeffrey Earnhardt,Chv,25,3894,49,334.471,16.145,34
4919,2,2020,0,Jeffrey Earnhardt,Chv,25,3894,50,48.351,111.683,34
4919,2,2020,0,Jeffrey Earnhardt,Chv,25,3894,51,32.021,168.639,34
4919,2,2020,0,Jeffrey Earnhardt,Chv,25,3894,52,31.503,171.412,34
4919,2,2020,0,Jeffrey Earnhardt,Chv,25,3894,53,31.499,171.434,34
4919,2,2020,0,Jeffrey Earnhardt,Chv,25,3894,54,31.491,171.478,34
4919,2,2020,0,Jeffrey Earnhardt,Chv,25,3894,55,31.843,169.582,34
4919,2,2020,0,Jeffrey Earnhardt,Chv,25,3894,56,31.786,169.886,34
4919,2,2020,0,Jeffrey Earnhardt,Chv,25,3894,57,31.927,169.136,34
4919,2,2020,0,Jeffrey Earnhardt,Chv,25,3894,58,32.002,168.739,34
4919,2,2020,0,Jeffrey Earnhardt,Chv,25,3894,59,32.002,168.739,34
4919,2,2020,0,Jeffrey Earnhardt,Chv,25,3894,60,31.866,169.460,34
4919,2,2020,0,Jeffrey Earnhardt,Chv,25,3894,61,31.873,169.422,34
4919,2,2020,0,Jeffrey Earnhardt,Chv,25,3894,62,31.712,170.283,34
4919,2,2020,0,Jeffrey Earnhardt,Chv,25,3894,63,31.771,169.966,34
4919,2,2020,0,Jeffrey Earnhardt,Chv,25,3894,64,31.55,171.157,34
4919,2,2020,0,Jeffrey Earnhardt,Chv,25,3894,65,31.614,170.810,34
4919,2,2020,0,Jeffrey Earnhardt,Chv,25,3894,66,31.968,168.919,34
4919,2,2020,0,Jeffrey Earnhardt,Chv,25,3894,67,31.868,169.449,34
4919,2,2020,0,Jeffrey Earnhardt,Chv,25,3894,68,31.917,169.189,34
4919,2,2020,0,Jeffrey Earnhardt,Chv,25,3894,69,31.924,169.152,34
4919,2,2020,0,Jeffrey Earnhardt,Chv,25,3894,70,31.881,169.380,34
4919,2,2020,0,Jeffrey Earnhardt,Chv,25,3894,71,31.687,170.417,34
4919,2,2020,0,Jeffrey Earnhardt,Chv,25,3894,72,31.841,169.593,34
4919,2,2020,0,Jeffrey Earnhardt,Chv,25,3894,73,32.259,167.395,34
4919,2,2020,0,Jeffrey Earnhardt,Chv,25,3894,74,32.049,168.492,34
4919,2,2020,0,Jeffrey Earnhardt,Chv,25,3894,75,32.24,167.494,34
4919,2,2020,0,Jeffrey Earnhardt,Chv,25,3894,76,32.059,168.439,34
4919,2,2020,0,Jeffrey Earnhardt,Chv,25,3894,77,32.285,167.260,34
4919,2,2020,0,Jeffrey Earnhardt,Chv,25,3894,78,32.699,165.143,34
4919,2,2020,0,Jeffrey Earnhardt,Chv,25,3894,79,32.263,167.374,34
4919,2,2020,0,Jeffrey Earnhardt,Chv,25,3894,80,32.299,167.188,34
4919,2,2020,0,Jeffrey Earnhardt,Chv,25,3894,81,32.141,168.010,34
4919,2,2020,0,Jeffrey Earnhardt,Chv,25,3894,82,32.197,167.717,34
4919,2,2020,0,Jeffrey Earnhardt,Chv,25,3894,83,32.75,164.885,34
4919,2,2020,0,Jeffrey Earnhardt,Chv,25,3894,84,32.295,167.209,34
4919,2,2020,0,Jeffrey Earnhardt,Chv,25,3894,85,32.29,167.234,34
4919,2,2020,0,Jeffrey Earnhardt,Chv,25,3894,86,32.525,166.026,34
4919,2,2020,0,Jeffrey Earnhardt,Chv,25,3894,87,46.638,115.785,34
4919,2,2020,0,Jeffrey Earnhardt,Chv,25,3894,88,80.031,67.474,34
4919,2,2020,0,Jeffrey Earnhardt,Chv,25,3894,89,91.752,58.854,34
4919,2,2020,0,Jeffrey Earnhardt,Chv,25,3894,90,135.095,39.972,34
4919,2,2020,0,Jeffrey Earnhardt,Chv,25,3894,91,71.949,75.053,34
4919,2,2020,0,Jeffrey Earnhardt,Chv,25,3894,92,94.304,57.262,34
4919,2,2020,0,Jeffrey Earnhardt,Chv,25,3894,93,92.214,58.559,34
4919,2,2020,0,Jeffrey Earnhardt,Chv,25,3894,94,85.48,63.173,34
4919,2,2020,0,Jeffrey Earnhardt,Chv,25,3894,95,33.803,159.749,34
4919,2,2020,0,Jeffrey Earnhardt,Chv,25,3894,96,31.841,169.593,34
4919,2,2020,0,Jeffrey Earnhardt,Chv,25,3894,97,31.526,171.287,34
4919,2,2020,0,Jeffrey Earnhardt,Chv,25,3894,98,31.456,171.668,34
4919,2,2020,0,Jeffrey Earnhardt,Chv,25,3894,99,31.55,171.157,34
4919,2,2020,0,Jeffrey Earnhardt,Chv,25,3894,100,31.711,170.288,34
4919,2,2020,0,Jeffrey Earnhardt,Chv,25,3894,101,31.975,168.882,34
4919,2,2020,0,Jeffrey Earnhardt,Chv,25,3894,102,31.958,168.972,34
4919,2,2020,0,Jeffrey Earnhardt,Chv,25,3894,103,31.937,169.083,34
4919,2,2020,0,Jeffrey Earnhardt,Chv,25,3894,104,31.682,170.444,34
4919,2,2020,0,Jeffrey Earnhardt,Chv,25,3894,105,31.703,170.331,34
4919,2,2020,0,Jeffrey Earnhardt,Chv,25,3894,106,31.654,170.595,34
4919,2,2020,0,Jeffrey Earnhardt,Chv,25,3894,107,31.686,170.422,34
4919,2,2020,0,Jeffrey Earnhardt,Chv,25,3894,108,32.506,166.123,34
4919,2,2020,0,Jeffrey Earnhardt,Chv,25,3894,109,31.6,170.886,34
4919,2,2020,0,Jeffrey Earnhardt,Chv,25,3894,110,31.678,170.465,34
4919,2,2020,0,Jeffrey Earnhardt,Chv,25,3894,111,31.589,170.946,34
4919,2,2020,0,Jeffrey Earnhardt,Chv,25,3894,112,31.826,169.673,34
4919,2,2020,0,Jeffrey Earnhardt,Chv,25,3894,113,31.546,171.179,34
4919,2,2020,0,Jeffrey Earnhardt,Chv,25,3894,114,31.668,170.519,34
4919,2,2020,0,Jeffrey Earnhardt,Chv,25,3894,115,31.603,170.870,34
4919,2,2020,0,Jeffrey Earnhardt,Chv,25,3894,116,31.872,169.428,34
4919,2,2020,0,Jeffrey Earnhardt,Chv,25,3894,117,31.874,169.417,34
4919,2,2020,0,Jeffrey Earnhardt,Chv,25,3894,118,32.396,166.687,34
4919,2,2020,0,Jeffrey Earnhardt,Chv,25,3894,119,31.939,169.072,34
4919,2,2020,0,Jeffrey Earnhardt,Chv,25,3894,120,31.873,169.422,34
4919,2,2020,0,Jeffrey Earnhardt,Chv,25,3894,121,31.608,170.843,34
4919,2,2020,0,Jeffrey Earnhardt,Chv,25,3894,122,31.638,170.681,34
4919,2,2020,0,Jeffrey Earnhardt,Chv,25,3894,123,31.817,169.721,34
4919,2,2020,0,Jeffrey Earnhardt,Chv,25,3894,124,32.172,167.848,34
4919,2,2020,0,Jeffrey Earnhardt,Chv,25,3894,125,31.877,169.401,34
4919,2,2020,0,Jeffrey Earnhardt,Chv,25,3894,126,32.202,167.691,34
4919,2,2020,0,Jeffrey Earnhardt,Chv,25,3894,127,32.311,167.126,34
4919,2,2020,0,Jeffrey Earnhardt,Chv,25,3894,128,31.884,169.364,34
4919,2,2020,0,Jeffrey Earnhardt,Chv,25,3894,129,32.33,167.028,34
4919,2,2020,0,Jeffrey Earnhardt,Chv,25,3894,130,32.403,166.651,34
4919,2,2020,0,Jeffrey Earnhardt,Chv,25,3894,131,32.211,167.645,34
4919,2,2020,0,Jeffrey Earnhardt,Chv,25,3894,132,32.183,167.790,34
4919,2,2020,0,Jeffrey Earnhardt,Chv,25,3894,133,32.315,167.105,34
4919,2,2020,0,Jeffrey Earnhardt,Chv,25,3894,134,32.383,166.754,34
4919,2,2020,0,Jeffrey Earnhardt,Chv,25,3894,135,32.01,168.697,34
4919,2,2020,0,Jeffrey Earnhardt,Chv,25,3894,136,32.608,165.604,34
4919,2,2020,0,Jeffrey Earnhardt,Chv,25,3894,137,32.597,165.659,34
4919,2,2020,0,Jeffrey Earnhardt,Chv,25,3894,138,32.411,166.610,34
4919,2,2020,0,Jeffrey Earnhardt,Chv,25,3894,139,32.853,164.369,34
4919,2,2020,0,Jeffrey Earnhardt,Chv,25,3894,140,32.4,166.667,34
4919,2,2020,0,Jeffrey Earnhardt,Chv,25,3894,141,32.367,166.837,34
4919,2,2020,0,Jeffrey Earnhardt,Chv,25,3894,142,32.475,166.282,34
4919,2,2020,0,Jeffrey Earnhardt,Chv,25,3894,143,32.502,166.144,34
4919,2,2020,0,Jeffrey Earnhardt,Chv,25,3894,144,32.892,164.174,34
4919,2,2020,0,Jeffrey Earnhardt,Chv,25,3894,145,32.663,165.325,34
4919,2,2020,0,Jeffrey Earnhardt,Chv,25,3894,146,69.396,77.814,33
4919,2,2020,0,Jeffrey Earnhardt,Chv,25,3894,147,45.477,118.741,33
4919,2,2020,0,Jeffrey Earnhardt,Chv,25,3894,148,35.077,153.947,33
4919,2,2020,0,Jeffrey Earnhardt,Chv,25,3894,149,47.331,114.090,33
4919,2,2020,0,Jeffrey Earnhardt,Chv,25,3894,150,70.769,76.305,33
4919,2,2020,0,Jeffrey Earnhardt,Chv,25,3894,151,96.106,56.188,33
4919,2,2020,0,Jeffrey Earnhardt,Chv,25,3894,152,92.752,58.220,31
4919,2,2020,0,Jeffrey Earnhardt,Chv,25,3894,153,95.757,56.393,31
4919,2,2020,0,Jeffrey Earnhardt,Chv,25,3894,154,90.671,59.556,31
4919,2,2020,0,Jeffrey Earnhardt,Chv,25,3894,155,41.567,129.911,31
4919,2,2020,0,Jeffrey Earnhardt,Chv,25,3894,156,76.495,70.593,31
4919,2,2020,0,Jeffrey Earnhardt,Chv,25,3894,157,95.624,56.471,31
4919,2,2020,0,Jeffrey Earnhardt,Chv,25,3894,158,33.812,159.707,30
4919,2,2020,0,Jeffrey Earnhardt,Chv,25,3894,159,31.819,169.710,30
4919,2,2020,0,Jeffrey Earnhardt,Chv,25,3894,160,31.477,171.554,30
4919,2,2020,0,Jeffrey Earnhardt,Chv,25,3894,161,31.648,170.627,30
4919,2,2020,0,Jeffrey Earnhardt,Chv,25,3894,162,31.859,169.497,30
4919,2,2020,0,Jeffrey Earnhardt,Chv,25,3894,163,31.896,169.300,30
4919,2,2020,0,Jeffrey Earnhardt,Chv,25,3894,164,31.852,169.534,30
4919,2,2020,0,Jeffrey Earnhardt,Chv,25,3894,165,31.741,170.127,30
4919,2,2020,0,Jeffrey Earnhardt,Chv,25,3894,166,36.605,147.521,30
4919,2,2020,0,Jeffrey Earnhardt,Chv,25,3894,167,71.743,75.269,30
4919,2,2020,0,Jeffrey Earnhardt,Chv,25,3894,168,96.134,56.172,30
4919,2,2020,0,Jeffrey Earnhardt,Chv,25,3894,169,97.976,55.116,30
4919,2,2020,0,Jeffrey Earnhardt,Chv,25,3894,170,89.129,60.586,30
4919,2,2020,0,Jeffrey Earnhardt,Chv,25,3894,171,45.772,117.976,30
4919,2,2020,0,Jeffrey Earnhardt,Chv,25,3894,172,89.877,60.082,30
4919,2,2020,0,Jeffrey Earnhardt,Chv,25,3894,173,97.042,55.646,30
4919,2,2020,0,Jeffrey Earnhardt,Chv,25,3894,174,98.436,54.858,29
4919,2,2020,0,Jeffrey Earnhardt,Chv,25,3894,175,94.373,57.220,29
4919,2,2020,0,Jeffrey Earnhardt,Chv,25,3894,176,97.684,55.280,29
4919,2,2020,0,Jeffrey Earnhardt,Chv,25,3894,177,101.755,53.069,28
4919,2,2020,0,Jeffrey Earnhardt,Chv,25,3894,178,94.335,57.243,28
4919,2,2020,0,Jeffrey Earnhardt,Chv,25,3894,179,46.406,116.364,28
4919,2,2020,0,Jeffrey Earnhardt,Chv,25,3894,180,78.36,68.913,28
4919,2,2020,0,Jeffrey Earnhardt,Chv,25,3894,181,97.648,55.301,28
4919,2,2020,0,Jeffrey Earnhardt,Chv,25,3894,182,92.727,58.235,28
4919,2,2020,0,Jeffrey Earnhardt,Chv,25,3894,183,82.504,65.451,28
4919,2,2020,0,Jeffrey Earnhardt,Chv,25,3894,184,33.921,159.193,28
4919,2,2020,0,Jeffrey Earnhardt,Chv,25,3894,185,32.92,164.034,28
4919,2,2020,0,Jeffrey Earnhardt,Chv,25,3894,186,32.46,166.359,28
4919,2,2020,0,Jeffrey Earnhardt,Chv,25,3894,187,34.16,158.080,28
4919,2,2020,0,Jeffrey Earnhardt,Chv,25,3894,188,49.51,109.069,27
4919,2,2020,0,Jeffrey Earnhardt,Chv,25,3894,189,88.471,61.037,27
4919,2,2020,0,Jeffrey Earnhardt,Chv,25,3894,190,102.901,52.478,27
4919,2,2020,0,Jeffrey Earnhardt,Chv,25,3894,191,103.66,52.093,27
4919,2,2020,0,Jeffrey Earnhardt,Chv,25,3894,192,48.928,110.366,27
4919,2,2020,0,Jeffrey Earnhardt,Chv,25,3894,193,82.292,65.620,27
4919,2,2020,0,Jeffrey Earnhardt,Chv,25,3894,194,93.849,57.539,27
4919,2,2020,0,Jeffrey Earnhardt,Chv,25,3894,195,91.652,58.919,27
4919,2,2020,0,Jeffrey Earnhardt,Chv,25,3894,196,90.998,59.342,27
4919,2,2020,0,Jeffrey Earnhardt,Chv,25,3894,197,35.165,153.562,26
4919,2,2020,0,Jeffrey Earnhardt,Chv,25,3894,198,32.082,168.319,25
4919,2,2020,47,Joe Nemechek(i),Chv,26,2384,0,,,31
4919,2,2020,47,Joe Nemechek(i),Chv,26,2384,1,34.943,154.537,28
4919,2,2020,47,Joe Nemechek(i),Chv,26,2384,2,32.576,165.766,29
4919,2,2020,47,Joe Nemechek(i),Chv,26,2384,3,32.575,165.771,30
4919,2,2020,47,Joe Nemechek(i),Chv,26,2384,4,39.087,138.153,31
4919,2,2020,47,Joe Nemechek(i),Chv,26,2384,5,87.541,61.685,30
4919,2,2020,47,Joe Nemechek(i),Chv,26,2384,6,95.293,56.667,30
4919,2,2020,47,Joe Nemechek(i),Chv,26,2384,7,82.584,65.388,31
4919,2,2020,47,Joe Nemechek(i),Chv,26,2384,8,34.219,157.807,32
4919,2,2020,47,Joe Nemechek(i),Chv,26,2384,9,32.527,166.016,33
4919,2,2020,47,Joe Nemechek(i),Chv,26,2384,10,32.496,166.174,33
4919,2,2020,47,Joe Nemechek(i),Chv,26,2384,11,32.617,165.558,33
4919,2,2020,47,Joe Nemechek(i),Chv,26,2384,12,32.509,166.108,33
4919,2,2020,47,Joe Nemechek(i),Chv,26,2384,13,32.613,165.578,33
4919,2,2020,47,Joe Nemechek(i),Chv,26,2384,14,32.685,165.213,33
4919,2,2020,47,Joe Nemechek(i),Chv,26,2384,15,32.65,165.391,33
4919,2,2020,47,Joe Nemechek(i),Chv,26,2384,16,32.633,165.477,33
4919,2,2020,47,Joe Nemechek(i),Chv,26,2384,17,32.705,165.112,33
4919,2,2020,47,Joe Nemechek(i),Chv,26,2384,18,32.616,165.563,33
4919,2,2020,47,Joe Nemechek(i),Chv,26,2384,19,33.25,162.406,32
4919,2,2020,47,Joe Nemechek(i),Chv,26,2384,20,32.654,165.370,32
4919,2,2020,47,Joe Nemechek(i),Chv,26,2384,21,40.079,134.734,32
4919,2,2020,47,Joe Nemechek(i),Chv,26,2384,22,74.769,72.222,25
4919,2,2020,47,Joe Nemechek(i),Chv,26,2384,23,101.142,53.390,29
4919,2,2020,47,Joe Nemechek(i),Chv,26,2384,24,88.29,61.162,29
4919,2,2020,47,Joe Nemechek(i),Chv,26,2384,25,84.084,64.221,30
4919,2,2020,47,Joe Nemechek(i),Chv,26,2384,26,34.335,157.274,30
4919,2,2020,47,Joe Nemechek(i),Chv,26,2384,27,32.396,166.687,31
4919,2,2020,47,Joe Nemechek(i),Chv,26,2384,28,37.052,145.741,31
4919,2,2020,47,Joe Nemechek(i),Chv,26,2384,29,89.357,60.432,31
4919,2,2020,47,Joe Nemechek(i),Chv,26,2384,30,106.067,50.911,31
4919,2,2020,47,Joe Nemechek(i),Chv,26,2384,31,101.33,53.291,30
4919,2,2020,47,Joe Nemechek(i),Chv,26,2384,32,92.27,58.524,31
4919,2,2020,47,Joe Nemechek(i),Chv,26,2384,33,34.437,156.808,32
4919,2,2020,47,Joe Nemechek(i),Chv,26,2384,34,32.325,167.053,32
4919,2,2020,47,Joe Nemechek(i),Chv,26,2384,35,32.285,167.260,33
4919,2,2020,47,Joe Nemechek(i),Chv,26,2384,36,32.288,167.245,33
4919,2,2020,47,Joe Nemechek(i),Chv,26,2384,37,32.052,168.476,33
4919,2,2020,47,Joe Nemechek(i),Chv,26,2384,38,31.991,168.797,32
4919,2,2020,47,Joe Nemechek(i),Chv,26,2384,39,31.976,168.877,32
4919,2,2020,47,Joe Nemechek(i),Chv,26,2384,40,31.927,169.136,32
4919,2,2020,47,Joe Nemechek(i),Chv,26,2384,41,32.154,167.942,32
4919,2,2020,47,Joe Nemechek(i),Chv,26,2384,42,32.123,168.104,32
4919,2,2020,47,Joe Nemechek(i),Chv,26,2384,43,32.395,166.692,32
4919,2,2020,47,Joe Nemechek(i),Chv,26,2384,44,32.362,166.862,32
4919,2,2020,47,Joe Nemechek(i),Chv,26,2384,45,34.06,158.544,32
4919,2,2020,47,Joe Nemechek(i),Chv,26,2384,46,50.242,107.480,32
4919,2,2020,47,Joe Nemechek(i),Chv,26,2384,47,68.413,78.932,32
4919,2,2020,47,Joe Nemechek(i),Chv,26,2384,48,94.785,56.971,16
4919,2,2020,47,Joe Nemechek(i),Chv,26,2384,49,101.389,53.260,28
4919,2,2020,47,Joe Nemechek(i),Chv,26,2384,50,92.638,58.291,30
4919,2,2020,47,Joe Nemechek(i),Chv,26,2384,51,94.316,57.254,30
4919,2,2020,47,Joe Nemechek(i),Chv,26,2384,52,84.058,64.241,31
4919,2,2020,47,Joe Nemechek(i),Chv,26,2384,53,34.674,155.736,32
4919,2,2020,47,Joe Nemechek(i),Chv,26,2384,54,31.999,168.755,32
4919,2,2020,47,Joe Nemechek(i),Chv,26,2384,55,31.647,170.632,32
4919,2,2020,47,Joe Nemechek(i),Chv,26,2384,56,31.699,170.352,32
4919,2,2020,47,Joe Nemechek(i),Chv,26,2384,57,31.644,170.648,31
4919,2,2020,47,Joe Nemechek(i),Chv,26,2384,58,31.794,169.843,31
4919,2,2020,47,Joe Nemechek(i),Chv,26,2384,59,31.803,169.795,29
4919,2,2020,47,Joe Nemechek(i),Chv,26,2384,60,31.855,169.518,29
4919,2,2020,47,Joe Nemechek(i),Chv,26,2384,61,32.085,168.303,29
4919,2,2020,47,Joe Nemechek(i),Chv,26,2384,62,32.002,168.739,29
4919,2,2020,47,Joe Nemechek(i),Chv,26,2384,63,31.881,169.380,28
4919,2,2020,47,Joe Nemechek(i),Chv,26,2384,64,31.805,169.785,28
4919,2,2020,47,Joe Nemechek(i),Chv,26,2384,65,31.799,169.817,28
4919,2,2020,47,Joe Nemechek(i),Chv,26,2384,66,32.068,168.392,28
4919,2,2020,47,Joe Nemechek(i),Chv,26,2384,67,32.088,168.287,28
4919,2,2020,47,Joe Nemechek(i),Chv,26,2384,68,32.118,168.130,28
4919,2,2020,47,Joe Nemechek(i),Chv,26,2384,69,31.935,169.093,28
4919,2,2020,47,Joe Nemechek(i),Chv,26,2384,70,32.01,168.697,28
4919,2,2020,47,Joe Nemechek(i),Chv,26,2384,71,31.958,168.972,28
4919,2,2020,47,Joe Nemechek(i),Chv,26,2384,72,32.111,168.167,28
4919,2,2020,47,Joe Nemechek(i),Chv,26,2384,73,32.081,168.324,28
4919,2,2020,47,Joe Nemechek(i),Chv,26,2384,74,32.177,167.822,28
4919,2,2020,47,Joe Nemechek(i),Chv,26,2384,75,32.416,166.584,28
4919,2,2020,47,Joe Nemechek(i),Chv,26,2384,76,32.486,166.225,28
4919,2,2020,47,Joe Nemechek(i),Chv,26,2384,77,32.322,167.069,28
4919,2,2020,47,Joe Nemechek(i),Chv,26,2384,78,32.682,165.229,28
4919,2,2020,47,Joe Nemechek(i),Chv,26,2384,79,32.324,167.059,28
4919,2,2020,47,Joe Nemechek(i),Chv,26,2384,80,32.409,166.620,28
4919,2,2020,47,Joe Nemechek(i),Chv,26,2384,81,32.388,166.728,28
4919,2,2020,47,Joe Nemechek(i),Chv,26,2384,82,32.859,164.339,28
4919,2,2020,47,Joe Nemechek(i),Chv,26,2384,83,32.566,165.817,28
4919,2,2020,47,Joe Nemechek(i),Chv,26,2384,84,32.262,167.380,28
4919,2,2020,47,Joe Nemechek(i),Chv,26,2384,85,32.384,166.749,28
4919,2,2020,47,Joe Nemechek(i),Chv,26,2384,86,32.468,166.318,28
4919,2,2020,47,Joe Nemechek(i),Chv,26,2384,87,32.909,164.089,28
4919,2,2020,47,Joe Nemechek(i),Chv,26,2384,88,32.82,164.534,28
4919,2,2020,47,Joe Nemechek(i),Chv,26,2384,89,32.838,164.444,28
4919,2,2020,47,Joe Nemechek(i),Chv,26,2384,90,47.302,114.160,28
4919,2,2020,47,Joe Nemechek(i),Chv,26,2384,91,78.253,69.007,28
4919,2,2020,47,Joe Nemechek(i),Chv,26,2384,92,88.813,60.802,28
4919,2,2020,47,Joe Nemechek(i),Chv,26,2384,93,96.884,55.737,25
4919,2,2020,47,Joe Nemechek(i),Chv,26,2384,94,216.587,24.932,32
4919,2,2020,47,Joe Nemechek(i),Chv,26,2384,95,80.974,66.688,32
4919,2,2020,47,Joe Nemechek(i),Chv,26,2384,96,83.085,64.994,32
4919,2,2020,47,Joe Nemechek(i),Chv,26,2384,97,33.935,159.128,31
4919,2,2020,47,Joe Nemechek(i),Chv,26,2384,98,31.941,169.062,31
4919,2,2020,47,Joe Nemechek(i),Chv,26,2384,99,32.051,168.481,31
4919,2,2020,47,Joe Nemechek(i),Chv,26,2384,100,31.889,169.337,31
4919,2,2020,47,Joe Nemechek(i),Chv,26,2384,101,31.756,170.047,31
4919,2,2020,47,Joe Nemechek(i),Chv,26,2384,102,31.763,170.009,31
4919,2,2020,47,Joe Nemechek(i),Chv,26,2384,103,31.879,169.391,31
4919,2,2020,47,Joe Nemechek(i),Chv,26,2384,104,31.933,169.104,31
4919,2,2020,47,Joe Nemechek(i),Chv,26,2384,105,31.888,169.343,31
4919,2,2020,47,Joe Nemechek(i),Chv,26,2384,106,31.922,169.162,31
4919,2,2020,47,Joe Nemechek(i),Chv,26,2384,107,31.853,169.529,31
4919,2,2020,47,Joe Nemechek(i),Chv,26,2384,108,31.954,168.993,31
4919,2,2020,47,Joe Nemechek(i),Chv,26,2384,109,32.429,166.518,31
4919,2,2020,47,Joe Nemechek(i),Chv,26,2384,110,32.186,167.775,31
4919,2,2020,47,Joe Nemechek(i),Chv,26,2384,111,32.213,167.634,31
4919,2,2020,47,Joe Nemechek(i),Chv,26,2384,112,32.209,167.655,31
4919,2,2020,47,Joe Nemechek(i),Chv,26,2384,113,32.309,167.136,31
4919,2,2020,47,Joe Nemechek(i),Chv,26,2384,114,32.147,167.978,31
4919,2,2020,47,Joe Nemechek(i),Chv,26,2384,115,32.257,167.406,31
4919,2,2020,47,Joe Nemechek(i),Chv,26,2384,116,32.725,165.011,31
4919,2,2020,47,Joe Nemechek(i),Chv,26,2384,117,32.546,165.919,31
4919,2,2020,47,Joe Nemechek(i),Chv,26,2384,118,32.092,168.266,31
4919,2,2020,47,Joe Nemechek(i),Chv,26,2384,119,32.459,166.364,31
4919,2,2020,47,Joe Nemechek(i),Chv,26,2384,120,32.062,168.424,31
4919,2,2020,47,Joe Nemechek(i),Chv,26,2384,121,32.119,168.125,31
4919,2,2020,47,Joe Nemechek(i),Chv,26,2384,122,32.442,166.451,31
4919,2,2020,47,Joe Nemechek(i),Chv,26,2384,123,32.55,165.899,31
4919,2,2020,47,Joe Nemechek(i),Chv,26,2384,124,32.455,166.384,31
4919,2,2020,47,Joe Nemechek(i),Chv,26,2384,125,32.753,164.870,31
4919,2,2020,47,Joe Nemechek(i),Chv,26,2384,126,32.84,164.434,31
4919,2,2020,47,Joe Nemechek(i),Chv,26,2384,127,32.519,166.057,31
4919,2,2020,47,Joe Nemechek(i),Chv,26,2384,128,32.357,166.888,31
4919,2,2020,47,Joe Nemechek(i),Chv,26,2384,129,32.518,166.062,31
4919,2,2020,47,Joe Nemechek(i),Chv,26,2384,130,32.638,165.451,31
4919,2,2020,47,Joe Nemechek(i),Chv,26,2384,131,32.728,164.996,31
4919,2,2020,47,Joe Nemechek(i),Chv,26,2384,132,32.582,165.736,31
4919,2,2020,47,Joe Nemechek(i),Chv,26,2384,133,32.648,165.401,31
4919,2,2020,47,Joe Nemechek(i),Chv,26,2384,134,32.728,164.996,31
4919,2,2020,47,Joe Nemechek(i),Chv,26,2384,135,32.535,165.975,31
4919,2,2020,47,Joe Nemechek(i),Chv,26,2384,136,32.976,163.755,31
4919,2,2020,47,Joe Nemechek(i),Chv,26,2384,137,32.944,163.915,31
4919,2,2020,47,Joe Nemechek(i),Chv,26,2384,138,33.256,162.377,31
4919,2,2020,47,Joe Nemechek(i),Chv,26,2384,139,32.982,163.726,31
4919,2,2020,47,Joe Nemechek(i),Chv,26,2384,140,32.619,165.548,31
4919,2,2020,47,Joe Nemechek(i),Chv,26,2384,141,33.14,162.945,30
4919,2,2020,47,Joe Nemechek(i),Chv,26,2384,142,32.89,164.184,30
4919,2,2020,47,Joe Nemechek(i),Chv,26,2384,143,32.674,165.269,30
4919,2,2020,47,Joe Nemechek(i),Chv,26,2384,144,32.522,166.041,30
4919,2,2020,47,Joe Nemechek(i),Chv,26,2384,145,32.552,165.888,29
4919,2,2020,47,Joe Nemechek(i),Chv,26,2384,146,46.524,116.069,30
4919,2,2020,47,Joe Nemechek(i),Chv,26,2384,147,78.474,68.813,32
4919,2,2020,47,Joe Nemechek(i),Chv,26,2384,148,32.538,165.960,32
4919,2,2020,47,Joe Nemechek(i),Chv,26,2384,149,32.064,168.413,32
4919,2,2020,47,Joe Nemechek(i),Chv,26,2384,150,43.688,123.604,31
4919,2,2020,47,Joe Nemechek(i),Chv,26,2384,151,76.559,70.534,31
4919,2,2020,47,Joe Nemechek(i),Chv,26,2384,152,96.277,56.088,30
4919,2,2020,47,Joe Nemechek(i),Chv,26,2384,153,93.895,57.511,30
4919,2,2020,47,Joe Nemechek(i),Chv,26,2384,154,98.241,54.967,30
4919,2,2020,47,Joe Nemechek(i),Chv,26,2384,155,105.28,51.292,30
4919,2,2020,47,Joe Nemechek(i),Chv,26,2384,156,103.112,52.370,30
4919,2,2020,47,Joe Nemechek(i),Chv,26,2384,157,95.837,56.346,30
4919,2,2020,47,Joe Nemechek(i),Chv,26,2384,158,35.04,154.110,31
4919,2,2020,47,Joe Nemechek(i),Chv,26,2384,159,32.893,164.169,31
4919,2,2020,47,Joe Nemechek(i),Chv,26,2384,160,32.483,166.241,31
4919,2,2020,47,Joe Nemechek(i),Chv,26,2384,161,32.23,167.546,31
4919,2,2020,47,Joe Nemechek(i),Chv,26,2384,162,32.187,167.770,31
4919,2,2020,47,Joe Nemechek(i),Chv,26,2384,163,32.149,167.968,31
4919,2,2020,47,Joe Nemechek(i),Chv,26,2384,164,32.162,167.900,31
4919,2,2020,47,Joe Nemechek(i),Chv,26,2384,165,32.061,168.429,31
4919,2,2020,47,Joe Nemechek(i),Chv,26,2384,166,41.473,130.205,31
4919,2,2020,47,Joe Nemechek(i),Chv,26,2384,167,65.805,82.061,31
4919,2,2020,47,Joe Nemechek(i),Chv,26,2384,168,97.851,55.186,31
4919,2,2020,47,Joe Nemechek(i),Chv,26,2384,169,97.795,55.218,31
4919,2,2020,47,Joe Nemechek(i),Chv,26,2384,170,84.491,63.912,31
4919,2,2020,47,Joe Nemechek(i),Chv,26,2384,171,46.122,117.081,31
4919,2,2020,47,Joe Nemechek(i),Chv,26,2384,172,89.614,60.258,31
4919,2,2020,47,Joe Nemechek(i),Chv,26,2384,173,97.223,55.542,31
4919,2,2020,47,Joe Nemechek(i),Chv,26,2384,174,98.357,54.902,30
4919,2,2020,47,Joe Nemechek(i),Chv,26,2384,175,93.952,57.476,30
4919,2,2020,47,Joe Nemechek(i),Chv,26,2384,176,98.014,55.094,30
4919,2,2020,47,Joe Nemechek(i),Chv,26,2384,177,101.731,53.081,29
4919,2,2020,47,Joe Nemechek(i),Chv,26,2384,178,93.461,57.778,29
4919,2,2020,47,Joe Nemechek(i),Chv,26,2384,179,47.911,112.709,29
4919,2,2020,47,Joe Nemechek(i),Chv,26,2384,180,78.368,68.906,29
4919,2,2020,47,Joe Nemechek(i),Chv,26,2384,181,97.267,55.517,29
4919,2,2020,47,Joe Nemechek(i),Chv,26,2384,182,92.276,58.520,29
4919,2,2020,47,Joe Nemechek(i),Chv,26,2384,183,81.957,65.888,29
4919,2,2020,47,Joe Nemechek(i),Chv,26,2384,184,34.411,156.927,29
4919,2,2020,47,Joe Nemechek(i),Chv,26,2384,185,32.652,165.380,29
4919,2,2020,47,Joe Nemechek(i),Chv,26,2384,186,32.431,166.507,29
4919,2,2020,47,Joe Nemechek(i),Chv,26,2384,187,36.925,146.242,29
4919,2,2020,47,Joe Nemechek(i),Chv,26,2384,188,50.464,107.007,28
4919,2,2020,47,Joe Nemechek(i),Chv,26,2384,189,87.629,61.623,28
4919,2,2020,47,Joe Nemechek(i),Chv,26,2384,190,104.537,51.656,28
4919,2,2020,47,Joe Nemechek(i),Chv,26,2384,191,99.409,54.321,28
4919,2,2020,47,Joe Nemechek(i),Chv,26,2384,192,51.716,104.416,28
4919,2,2020,47,Joe Nemechek(i),Chv,26,2384,193,79.499,67.925,28
4919,2,2020,47,Joe Nemechek(i),Chv,26,2384,194,94.073,57.402,28
4919,2,2020,47,Joe Nemechek(i),Chv,26,2384,195,91.687,58.896,28
4919,2,2020,47,Joe Nemechek(i),Chv,26,2384,196,90.555,59.632,28
4919,2,2020,47,Joe Nemechek(i),Chv,26,2384,197,34.881,154.812,27
4919,2,2020,47,Joe Nemechek(i),Chv,26,2384,198,32.731,164.981,26
4919,2,2020,19,Brandon Jones,Tyt,27,4085,0,,,2
4919,2,2020,19,Brandon Jones,Tyt,27,4085,1,33.201,162.646,3
4919,2,2020,19,Brandon Jones,Tyt,27,4085,2,30.537,176.835,3
4919,2,2020,19,Brandon Jones,Tyt,27,4085,3,30.457,177.299,3
4919,2,2020,19,Brandon Jones,Tyt,27,4085,4,32.517,166.067,3
4919,2,2020,19,Brandon Jones,Tyt,27,4085,5,87.443,61.755,3
4919,2,2020,19,Brandon Jones,Tyt,27,4085,6,96.628,55.884,3
4919,2,2020,19,Brandon Jones,Tyt,27,4085,7,94.013,57.439,5
4919,2,2020,19,Brandon Jones,Tyt,27,4085,8,33.112,163.083,6
4919,2,2020,19,Brandon Jones,Tyt,27,4085,9,30.879,174.876,6
4919,2,2020,19,Brandon Jones,Tyt,27,4085,10,31.173,173.227,7
4919,2,2020,19,Brandon Jones,Tyt,27,4085,11,30.895,174.786,6
4919,2,2020,19,Brandon Jones,Tyt,27,4085,12,31.31,172.469,7
4919,2,2020,19,Brandon Jones,Tyt,27,4085,13,31.219,172.972,7
4919,2,2020,19,Brandon Jones,Tyt,27,4085,14,31.142,173.399,7
4919,2,2020,19,Brandon Jones,Tyt,27,4085,15,31.026,174.048,7
4919,2,2020,19,Brandon Jones,Tyt,27,4085,16,31.45,171.701,8
4919,2,2020,19,Brandon Jones,Tyt,27,4085,17,31.453,171.685,8
4919,2,2020,19,Brandon Jones,Tyt,27,4085,18,31.324,172.392,8
4919,2,2020,19,Brandon Jones,Tyt,27,4085,19,31.282,172.623,8
4919,2,2020,19,Brandon Jones,Tyt,27,4085,20,31.608,170.843,8
4919,2,2020,19,Brandon Jones,Tyt,27,4085,21,37.429,144.273,9
4919,2,2020,19,Brandon Jones,Tyt,27,4085,22,85.029,63.508,12
4919,2,2020,19,Brandon Jones,Tyt,27,4085,23,100.972,53.480,16
4919,2,2020,19,Brandon Jones,Tyt,27,4085,24,94.114,57.377,16
4919,2,2020,19,Brandon Jones,Tyt,27,4085,25,90.003,59.998,15
4919,2,2020,19,Brandon Jones,Tyt,27,4085,26,33.221,162.548,12
4919,2,2020,19,Brandon Jones,Tyt,27,4085,27,31.567,171.065,13
4919,2,2020,19,Brandon Jones,Tyt,27,4085,28,33.396,161.696,11
4919,2,2020,19,Brandon Jones,Tyt,27,4085,29,85.247,63.345,11
4919,2,2020,19,Brandon Jones,Tyt,27,4085,30,104.985,51.436,10
4919,2,2020,19,Brandon Jones,Tyt,27,4085,31,104.575,51.638,10
4919,2,2020,19,Brandon Jones,Tyt,27,4085,32,99.372,54.341,9
4919,2,2020,19,Brandon Jones,Tyt,27,4085,33,33.489,161.247,9
4919,2,2020,19,Brandon Jones,Tyt,27,4085,34,31.294,172.557,8
4919,2,2020,19,Brandon Jones,Tyt,27,4085,35,31.135,173.438,7
4919,2,2020,19,Brandon Jones,Tyt,27,4085,36,31.309,172.474,7
4919,2,2020,19,Brandon Jones,Tyt,27,4085,37,31.258,172.756,7
4919,2,2020,19,Brandon Jones,Tyt,27,4085,38,31.305,172.496,7
4919,2,2020,19,Brandon Jones,Tyt,27,4085,39,31.428,171.821,7
4919,2,2020,19,Brandon Jones,Tyt,27,4085,40,31.084,173.723,6
4919,2,2020,19,Brandon Jones,Tyt,27,4085,41,30.915,174.672,5
4919,2,2020,19,Brandon Jones,Tyt,27,4085,42,31.039,173.975,5
4919,2,2020,19,Brandon Jones,Tyt,27,4085,43,31.085,173.717,5
4919,2,2020,19,Brandon Jones,Tyt,27,4085,44,31.027,174.042,5
4919,2,2020,19,Brandon Jones,Tyt,27,4085,45,31.378,172.095,5
4919,2,2020,19,Brandon Jones,Tyt,27,4085,46,47.445,113.816,5
4919,2,2020,19,Brandon Jones,Tyt,27,4085,47,73.385,73.585,5
4919,2,2020,19,Brandon Jones,Tyt,27,4085,48,97.183,55.565,3
4919,2,2020,19,Brandon Jones,Tyt,27,4085,49,98.168,55.008,10
4919,2,2020,19,Brandon Jones,Tyt,27,4085,50,97.578,55.340,10
4919,2,2020,19,Brandon Jones,Tyt,27,4085,51,94.586,57.091,10
4919,2,2020,19,Brandon Jones,Tyt,27,4085,52,92.131,58.612,9
4919,2,2020,19,Brandon Jones,Tyt,27,4085,53,32.61,165.593,8
4919,2,2020,19,Brandon Jones,Tyt,27,4085,54,30.725,175.753,8
4919,2,2020,19,Brandon Jones,Tyt,27,4085,55,30.636,176.263,8
4919,2,2020,19,Brandon Jones,Tyt,27,4085,56,31.109,173.583,8
4919,2,2020,19,Brandon Jones,Tyt,27,4085,57,30.781,175.433,8
4919,2,2020,19,Brandon Jones,Tyt,27,4085,58,30.884,174.848,8
4919,2,2020,19,Brandon Jones,Tyt,27,4085,59,30.89,174.814,8
4919,2,2020,19,Brandon Jones,Tyt,27,4085,60,30.958,174.430,8
4919,2,2020,19,Brandon Jones,Tyt,27,4085,61,30.916,174.667,8
4919,2,2020,19,Brandon Jones,Tyt,27,4085,62,31.366,172.161,8
4919,2,2020,19,Brandon Jones,Tyt,27,4085,63,31.661,170.557,9
4919,2,2020,19,Brandon Jones,Tyt,27,4085,64,30.875,174.899,8
4919,2,2020,19,Brandon Jones,Tyt,27,4085,65,31.224,172.944,8
4919,2,2020,19,Brandon Jones,Tyt,27,4085,66,31.143,173.394,8
4919,2,2020,19,Brandon Jones,Tyt,27,4085,67,31.124,173.500,8
4919,2,2020,19,Brandon Jones,Tyt,27,4085,68,31.175,173.216,8
4919,2,2020,19,Brandon Jones,Tyt,27,4085,69,31.233,172.894,8
4919,2,2020,19,Brandon Jones,Tyt,27,4085,70,31.172,173.232,8
4919,2,2020,19,Brandon Jones,Tyt,27,4085,71,31.224,172.944,8
4919,2,2020,19,Brandon Jones,Tyt,27,4085,72,31.27,172.689,8
4919,2,2020,19,Brandon Jones,Tyt,27,4085,73,31.275,172.662,8
4919,2,2020,19,Brandon Jones,Tyt,27,4085,74,31.248,172.811,8
4919,2,2020,19,Brandon Jones,Tyt,27,4085,75,31.402,171.964,7
4919,2,2020,19,Brandon Jones,Tyt,27,4085,76,30.978,174.317,7
4919,2,2020,19,Brandon Jones,Tyt,27,4085,77,30.898,174.769,7
4919,2,2020,19,Brandon Jones,Tyt,27,4085,78,31.277,172.651,6
4919,2,2020,19,Brandon Jones,Tyt,27,4085,79,30.909,174.706,6
4919,2,2020,19,Brandon Jones,Tyt,27,4085,80,31.059,173.863,6
4919,2,2020,19,Brandon Jones,Tyt,27,4085,81,30.896,174.780,6
4919,2,2020,19,Brandon Jones,Tyt,27,4085,82,31.176,173.210,6
4919,2,2020,19,Brandon Jones,Tyt,27,4085,83,31.186,173.155,6
4919,2,2020,19,Brandon Jones,Tyt,27,4085,84,31.678,170.465,6
4919,2,2020,19,Brandon Jones,Tyt,27,4085,85,31.817,169.721,6
4919,2,2020,19,Brandon Jones,Tyt,27,4085,86,31.535,171.238,6
4919,2,2020,19,Brandon Jones,Tyt,27,4085,87,32.026,168.613,6
4919,2,2020,19,Brandon Jones,Tyt,27,4085,88,31.973,168.893,6
4919,2,2020,19,Brandon Jones,Tyt,27,4085,89,31.74,170.132,6
4919,2,2020,19,Brandon Jones,Tyt,27,4085,90,31.86,169.492,6
4919,2,2020,19,Brandon Jones,Tyt,27,4085,91,45.973,117.460,6
4919,2,2020,19,Brandon Jones,Tyt,27,4085,92,79.582,67.855,6
4919,2,2020,19,Brandon Jones,Tyt,27,4085,93,93.301,57.877,4
4919,2,2020,19,Brandon Jones,Tyt,27,4085,94,99.205,54.433,4
4919,2,2020,19,Brandon Jones,Tyt,27,4085,95,92.669,58.272,4
4919,2,2020,19,Brandon Jones,Tyt,27,4085,96,96.474,55.974,4
4919,2,2020,19,Brandon Jones,Tyt,27,4085,97,95.505,56.542,4
4919,2,2020,19,Brandon Jones,Tyt,27,4085,98,94.001,57.446,4
4919,2,2020,19,Brandon Jones,Tyt,27,4085,99,32.385,166.744,3
4919,2,2020,19,Brandon Jones,Tyt,27,4085,100,30.432,177.445,3
4919,2,2020,19,Brandon Jones,Tyt,27,4085,101,30.247,178.530,3
4919,2,2020,19,Brandon Jones,Tyt,27,4085,102,30.621,176.350,3
4919,2,2020,19,Brandon Jones,Tyt,27,4085,103,30.462,177.270,3
4919,2,2020,19,Brandon Jones,Tyt,27,4085,104,30.436,177.421,3
4919,2,2020,19,Brandon Jones,Tyt,27,4085,105,30.313,178.141,3
4919,2,2020,19,Brandon Jones,Tyt,27,4085,106,30.605,176.442,3
4919,2,2020,19,Brandon Jones,Tyt,27,4085,107,30.539,176.823,3
4919,2,2020,19,Brandon Jones,Tyt,27,4085,108,30.524,176.910,3
4919,2,2020,19,Brandon Jones,Tyt,27,4085,109,30.874,174.904,3
4919,2,2020,19,Brandon Jones,Tyt,27,4085,110,30.551,176.754,3
4919,2,2020,19,Brandon Jones,Tyt,27,4085,111,30.61,176.413,3
4919,2,2020,19,Brandon Jones,Tyt,27,4085,112,30.71,175.838,3
4919,2,2020,19,Brandon Jones,Tyt,27,4085,113,30.77,175.496,3
4919,2,2020,19,Brandon Jones,Tyt,27,4085,114,30.699,175.901,3
4919,2,2020,19,Brandon Jones,Tyt,27,4085,115,30.719,175.787,3
4919,2,2020,19,Brandon Jones,Tyt,27,4085,116,30.848,175.052,3
4919,2,2020,19,Brandon Jones,Tyt,27,4085,117,30.751,175.604,3
4919,2,2020,19,Brandon Jones,Tyt,27,4085,118,30.857,175.001,3
4919,2,2020,19,Brandon Jones,Tyt,27,4085,119,31.275,172.662,3
4919,2,2020,19,Brandon Jones,Tyt,27,4085,120,31.227,172.927,2
4919,2,2020,19,Brandon Jones,Tyt,27,4085,121,31.03,174.025,2
4919,2,2020,19,Brandon Jones,Tyt,27,4085,122,30.85,175.041,2
4919,2,2020,19,Brandon Jones,Tyt,27,4085,123,31.061,173.851,2
4919,2,2020,19,Brandon Jones,Tyt,27,4085,124,31.391,172.024,2
4919,2,2020,19,Brandon Jones,Tyt,27,4085,125,31.661,170.557,2
4919,2,2020,19,Brandon Jones,Tyt,27,4085,126,31.1,173.633,2
4919,2,2020,19,Brandon Jones,Tyt,27,4085,127,31.275,172.662,2
4919,2,2020,19,Brandon Jones,Tyt,27,4085,128,31.473,171.576,2
4919,2,2020,19,Brandon Jones,Tyt,27,4085,129,31.289,172.585,2
4919,2,2020,19,Brandon Jones,Tyt,27,4085,130,31.675,170.481,2
4919,2,2020,19,Brandon Jones,Tyt,27,4085,131,31.596,170.908,2
4919,2,2020,19,Brandon Jones,Tyt,27,4085,132,31.791,169.859,2
4919,2,2020,19,Brandon Jones,Tyt,27,4085,133,31.048,173.924,2
4919,2,2020,19,Brandon Jones,Tyt,27,4085,134,30.84,175.097,2
4919,2,2020,19,Brandon Jones,Tyt,27,4085,135,31.005,174.165,2
4919,2,2020,19,Brandon Jones,Tyt,27,4085,136,31.149,173.360,2
4919,2,2020,19,Brandon Jones,Tyt,27,4085,137,30.9,174.757,2
4919,2,2020,19,Brandon Jones,Tyt,27,4085,138,31.172,173.232,2
4919,2,2020,19,Brandon Jones,Tyt,27,4085,139,31.275,172.662,2
4919,2,2020,19,Brandon Jones,Tyt,27,4085,140,31.103,173.617,2
4919,2,2020,19,Brandon Jones,Tyt,27,4085,141,31.274,172.667,2
4919,2,2020,19,Brandon Jones,Tyt,27,4085,142,31.336,172.326,2
4919,2,2020,19,Brandon Jones,Tyt,27,4085,143,31.769,169.977,2
4919,2,2020,19,Brandon Jones,Tyt,27,4085,144,31.82,169.705,2
4919,2,2020,19,Brandon Jones,Tyt,27,4085,145,31.591,170.935,2
4919,2,2020,19,Brandon Jones,Tyt,27,4085,146,31.706,170.315,2
4919,2,2020,19,Brandon Jones,Tyt,27,4085,147,31.604,170.864,2
4919,2,2020,19,Brandon Jones,Tyt,27,4085,148,45.072,119.808,3
4919,2,2020,19,Brandon Jones,Tyt,27,4085,149,63.074,85.614,6
4919,2,2020,19,Brandon Jones,Tyt,27,4085,150,30.429,177.462,5
4919,2,2020,19,Brandon Jones,Tyt,27,4085,151,43.158,125.122,10
4919,2,2020,19,Brandon Jones,Tyt,27,4085,152,43.919,122.954,13
4919,2,2020,19,Brandon Jones,Tyt,27,4085,153,30.225,178.660,13
4919,2,2020,19,Brandon Jones,Tyt,27,4085,154,46.031,117.312,12
4919,2,2020,19,Brandon Jones,Tyt,27,4085,155,77.126,70.015,12
4919,2,2020,19,Brandon Jones,Tyt,27,4085,156,96.097,56.193,12
4919,2,2020,19,Brandon Jones,Tyt,27,4085,157,94.234,57.304,12
4919,2,2020,19,Brandon Jones,Tyt,27,4085,158,95.932,56.290,12
4919,2,2020,19,Brandon Jones,Tyt,27,4085,159,91.122,59.261,12
4919,2,2020,19,Brandon Jones,Tyt,27,4085,160,38.678,139.614,12
4919,2,2020,19,Brandon Jones,Tyt,27,4085,161,75.062,71.941,12
4919,2,2020,19,Brandon Jones,Tyt,27,4085,162,100.147,53.921,12
4919,2,2020,19,Brandon Jones,Tyt,27,4085,163,32.717,165.052,11
4919,2,2020,19,Brandon Jones,Tyt,27,4085,164,31.113,173.561,8
4919,2,2020,19,Brandon Jones,Tyt,27,4085,165,30.829,175.160,6
4919,2,2020,19,Brandon Jones,Tyt,27,4085,166,30.713,175.821,6
4919,2,2020,19,Brandon Jones,Tyt,27,4085,167,30.378,177.760,6
4919,2,2020,19,Brandon Jones,Tyt,27,4085,168,30.963,174.402,7
4919,2,2020,19,Brandon Jones,Tyt,27,4085,169,30.849,175.046,7
4919,2,2020,19,Brandon Jones,Tyt,27,4085,170,30.712,175.827,7
4919,2,2020,19,Brandon Jones,Tyt,27,4085,171,33.492,161.233,7
4919,2,2020,19,Brandon Jones,Tyt,27,4085,172,80.348,67.208,7
4919,2,2020,19,Brandon Jones,Tyt,27,4085,173,106.75,50.585,12
4919,2,2020,19,Brandon Jones,Tyt,27,4085,174,89.958,60.028,12
4919,2,2020,19,Brandon Jones,Tyt,27,4085,175,88.692,60.885,10
4919,2,2020,19,Brandon Jones,Tyt,27,4085,176,39.785,135.730,11
4919,2,2020,19,Brandon Jones,Tyt,27,4085,177,89.882,60.079,9
4919,2,2020,19,Brandon Jones,Tyt,27,4085,178,96.161,56.156,9
4919,2,2020,19,Brandon Jones,Tyt,27,4085,179,95.95,56.279,9
4919,2,2020,19,Brandon Jones,Tyt,27,4085,180,98.082,55.056,9
4919,2,2020,19,Brandon Jones,Tyt,27,4085,181,94.932,56.883,9
4919,2,2020,19,Brandon Jones,Tyt,27,4085,182,104.587,51.632,9
4919,2,2020,19,Brandon Jones,Tyt,27,4085,183,99.305,54.378,10
4919,2,2020,19,Brandon Jones,Tyt,27,4085,184,36.604,147.525,7
4919,2,2020,19,Brandon Jones,Tyt,27,4085,185,82.577,65.394,8
4919,2,2020,19,Brandon Jones,Tyt,27,4085,186,95.698,56.428,8
4919,2,2020,19,Brandon Jones,Tyt,27,4085,187,94.671,57.040,9
4919,2,2020,19,Brandon Jones,Tyt,27,4085,188,88.427,61.067,9
4919,2,2020,19,Brandon Jones,Tyt,27,4085,189,32.963,163.820,10
4919,2,2020,19,Brandon Jones,Tyt,27,4085,190,31.039,173.975,8
4919,2,2020,19,Brandon Jones,Tyt,27,4085,191,30.228,178.642,8
4919,2,2020,19,Brandon Jones,Tyt,27,4085,192,31.019,174.087,7
4919,2,2020,19,Brandon Jones,Tyt,27,4085,193,50.12,107.741,7
4919,2,2020,19,Brandon Jones,Tyt,27,4085,194,91.064,59.299,6
4919,2,2020,19,Brandon Jones,Tyt,27,4085,195,103.249,52.301,6
4919,2,2020,19,Brandon Jones,Tyt,27,4085,196,108.425,49.804,6
4919,2,2020,19,Brandon Jones,Tyt,27,4085,197,54.373,99.314,10
4919,2,2020,39,Ryan Sieg,Chv,28,3884,0,,,7
4919,2,2020,39,Ryan Sieg,Chv,28,3884,1,34.128,158.228,9
4919,2,2020,39,Ryan Sieg,Chv,28,3884,2,31.226,172.933,9
4919,2,2020,39,Ryan Sieg,Chv,28,3884,3,31.147,173.371,9
4919,2,2020,39,Ryan Sieg,Chv,28,3884,4,33.759,159.957,9
4919,2,2020,39,Ryan Sieg,Chv,28,3884,5,86.579,62.371,9
4919,2,2020,39,Ryan Sieg,Chv,28,3884,6,95.953,56.278,9
4919,2,2020,39,Ryan Sieg,Chv,28,3884,7,92.022,58.682,10
4919,2,2020,39,Ryan Sieg,Chv,28,3884,8,34.053,158.576,14
4919,2,2020,39,Ryan Sieg,Chv,28,3884,9,31.547,171.173,12
4919,2,2020,39,Ryan Sieg,Chv,28,3884,10,31.339,172.309,12
4919,2,2020,39,Ryan Sieg,Chv,28,3884,11,31.343,172.287,12
4919,2,2020,39,Ryan Sieg,Chv,28,3884,12,31.353,172.232,12
4919,2,2020,39,Ryan Sieg,Chv,28,3884,13,31.345,172.276,12
4919,2,2020,39,Ryan Sieg,Chv,28,3884,14,31.285,172.607,12
4919,2,2020,39,Ryan Sieg,Chv,28,3884,15,31.372,172.128,12
4919,2,2020,39,Ryan Sieg,Chv,28,3884,16,31.307,172.485,12
4919,2,2020,39,Ryan Sieg,Chv,28,3884,17,31.396,171.996,12
4919,2,2020,39,Ryan Sieg,Chv,28,3884,18,31.615,170.805,13
4919,2,2020,39,Ryan Sieg,Chv,28,3884,19,31.983,168.840,14
4919,2,2020,39,Ryan Sieg,Chv,28,3884,20,31.868,169.449,14
4919,2,2020,39,Ryan Sieg,Chv,28,3884,21,37.704,143.221,14
4919,2,2020,39,Ryan Sieg,Chv,28,3884,22,83.824,64.421,15
4919,2,2020,39,Ryan Sieg,Chv,28,3884,23,115.772,46.643,30
4919,2,2020,39,Ryan Sieg,Chv,28,3884,24,82.922,65.121,28
4919,2,2020,39,Ryan Sieg,Chv,28,3884,25,84.388,63.990,28
4919,2,2020,39,Ryan Sieg,Chv,28,3884,26,33.556,160.925,24
4919,2,2020,39,Ryan Sieg,Chv,28,3884,27,31.841,169.593,23
4919,2,2020,39,Ryan Sieg,Chv,28,3884,28,35.328,152.853,22
4919,2,2020,39,Ryan Sieg,Chv,28,3884,29,87.336,61.830,22
4919,2,2020,39,Ryan Sieg,Chv,28,3884,30,104.986,51.435,21
4919,2,2020,39,Ryan Sieg,Chv,28,3884,31,102.527,52.669,20
4919,2,2020,39,Ryan Sieg,Chv,28,3884,32,96.17,56.151,20
4919,2,2020,39,Ryan Sieg,Chv,28,3884,33,34.498,156.531,23
4919,2,2020,39,Ryan Sieg,Chv,28,3884,34,31.666,170.530,22
4919,2,2020,39,Ryan Sieg,Chv,28,3884,35,31.961,168.956,22
4919,2,2020,39,Ryan Sieg,Chv,28,3884,36,31.797,169.827,22
4919,2,2020,39,Ryan Sieg,Chv,28,3884,37,31.82,169.705,21
4919,2,2020,39,Ryan Sieg,Chv,28,3884,38,32.472,166.297,23
4919,2,2020,39,Ryan Sieg,Chv,28,3884,39,32.203,167.686,23
4919,2,2020,39,Ryan Sieg,Chv,28,3884,40,32.163,167.895,23
4919,2,2020,39,Ryan Sieg,Chv,28,3884,41,33.05,163.389,28
4919,2,2020,39,Ryan Sieg,Chv,28,3884,42,32.424,166.543,28
4919,2,2020,39,Ryan Sieg,Chv,28,3884,43,32.341,166.971,28
4919,2,2020,39,Ryan Sieg,Chv,28,3884,44,32.28,167.286,29
4919,2,2020,39,Ryan Sieg,Chv,28,3884,45,33.53,161.050,29
4919,2,2020,39,Ryan Sieg,Chv,28,3884,46,48.77,110.724,29
4919,2,2020,39,Ryan Sieg,Chv,28,3884,47,69.991,77.153,29
4919,2,2020,39,Ryan Sieg,Chv,28,3884,48,96.999,55.671,17
4919,2,2020,39,Ryan Sieg,Chv,28,3884,49,299.757,18.015,33
4919,2,2020,39,Ryan Sieg,Chv,28,3884,50,72.024,74.975,33
4919,2,2020,39,Ryan Sieg,Chv,28,3884,51,33.959,159.015,33
4919,2,2020,39,Ryan Sieg,Chv,28,3884,52,31.317,172.430,33
4919,2,2020,39,Ryan Sieg,Chv,28,3884,53,31.443,171.739,33
4919,2,2020,39,Ryan Sieg,Chv,28,3884,54,31.75,170.079,33
4919,2,2020,39,Ryan Sieg,Chv,28,3884,55,31.99,168.803,33
4919,2,2020,39,Ryan Sieg,Chv,28,3884,56,31.958,168.972,33
4919,2,2020,39,Ryan Sieg,Chv,28,3884,57,31.874,169.417,33
4919,2,2020,39,Ryan Sieg,Chv,28,3884,58,31.621,170.773,33
4919,2,2020,39,Ryan Sieg,Chv,28,3884,59,31.638,170.681,33
4919,2,2020,39,Ryan Sieg,Chv,28,3884,60,31.66,170.562,33
4919,2,2020,39,Ryan Sieg,Chv,28,3884,61,31.727,170.202,33
4919,2,2020,39,Ryan Sieg,Chv,28,3884,62,31.944,169.046,33
4919,2,2020,39,Ryan Sieg,Chv,28,3884,63,31.715,170.266,33
4919,2,2020,39,Ryan Sieg,Chv,28,3884,64,31.812,169.747,33
4919,2,2020,39,Ryan Sieg,Chv,28,3884,65,32.208,167.660,33
4919,2,2020,39,Ryan Sieg,Chv,28,3884,66,31.804,169.790,33
4919,2,2020,39,Ryan Sieg,Chv,28,3884,67,31.591,170.935,33
4919,2,2020,39,Ryan Sieg,Chv,28,3884,68,32.202,167.691,33
4919,2,2020,39,Ryan Sieg,Chv,28,3884,69,32.094,168.256,33
4919,2,2020,39,Ryan Sieg,Chv,28,3884,70,31.89,169.332,33
4919,2,2020,39,Ryan Sieg,Chv,28,3884,71,32.137,168.031,33
4919,2,2020,39,Ryan Sieg,Chv,28,3884,72,32.123,168.104,33
4919,2,2020,39,Ryan Sieg,Chv,28,3884,73,32.059,168.439,33
4919,2,2020,39,Ryan Sieg,Chv,28,3884,74,31.945,169.041,33
4919,2,2020,39,Ryan Sieg,Chv,28,3884,75,32.27,167.338,33
4919,2,2020,39,Ryan Sieg,Chv,28,3884,76,32.758,164.845,33
4919,2,2020,39,Ryan Sieg,Chv,28,3884,77,31.99,168.803,33
4919,2,2020,39,Ryan Sieg,Chv,28,3884,78,32.295,167.209,33
4919,2,2020,39,Ryan Sieg,Chv,28,3884,79,32.939,163.939,33
4919,2,2020,39,Ryan Sieg,Chv,28,3884,80,32.176,167.827,33
4919,2,2020,39,Ryan Sieg,Chv,28,3884,81,32.227,167.561,33
4919,2,2020,39,Ryan Sieg,Chv,28,3884,82,32.212,167.639,33
4919,2,2020,39,Ryan Sieg,Chv,28,3884,83,32.053,168.471,33
4919,2,2020,39,Ryan Sieg,Chv,28,3884,84,32.385,166.744,33
4919,2,2020,39,Ryan Sieg,Chv,28,3884,85,32.171,167.853,33
4919,2,2020,39,Ryan Sieg,Chv,28,3884,86,32.41,166.615,33
4919,2,2020,39,Ryan Sieg,Chv,28,3884,87,32.395,166.692,33
4919,2,2020,39,Ryan Sieg,Chv,28,3884,88,46.416,116.339,33
4919,2,2020,39,Ryan Sieg,Chv,28,3884,89,79.981,67.516,33
4919,2,2020,39,Ryan Sieg,Chv,28,3884,90,91.83,58.804,33
4919,2,2020,39,Ryan Sieg,Chv,28,3884,91,96.61,55.895,33
4919,2,2020,39,Ryan Sieg,Chv,28,3884,92,115.158,46.892,33
4919,2,2020,39,Ryan Sieg,Chv,28,3884,93,91.589,58.959,33
4919,2,2020,39,Ryan Sieg,Chv,28,3884,94,91.331,59.126,33
4919,2,2020,39,Ryan Sieg,Chv,28,3884,95,84.804,63.676,33
4919,2,2020,39,Ryan Sieg,Chv,28,3884,96,33.976,158.936,33
4919,2,2020,39,Ryan Sieg,Chv,28,3884,97,31.913,169.210,33
4919,2,2020,39,Ryan Sieg,Chv,28,3884,98,31.759,170.031,33
4919,2,2020,39,Ryan Sieg,Chv,28,3884,99,31.719,170.245,33
4919,2,2020,39,Ryan Sieg,Chv,28,3884,100,31.613,170.816,33
4919,2,2020,39,Ryan Sieg,Chv,28,3884,101,31.667,170.525,33
4919,2,2020,39,Ryan Sieg,Chv,28,3884,102,31.528,171.276,33
4919,2,2020,39,Ryan Sieg,Chv,28,3884,103,32.17,167.858,33
4919,2,2020,39,Ryan Sieg,Chv,28,3884,104,31.613,170.816,33
4919,2,2020,39,Ryan Sieg,Chv,28,3884,105,31.603,170.870,33
4919,2,2020,39,Ryan Sieg,Chv,28,3884,106,31.794,169.843,33
4919,2,2020,39,Ryan Sieg,Chv,28,3884,107,31.66,170.562,33
4919,2,2020,39,Ryan Sieg,Chv,28,3884,108,31.669,170.514,33
4919,2,2020,39,Ryan Sieg,Chv,28,3884,109,32.798,164.644,33
4919,2,2020,39,Ryan Sieg,Chv,28,3884,110,31.707,170.309,33
4919,2,2020,39,Ryan Sieg,Chv,28,3884,111,31.617,170.794,33
4919,2,2020,39,Ryan Sieg,Chv,28,3884,112,31.595,170.913,33
4919,2,2020,39,Ryan Sieg,Chv,28,3884,113,31.483,171.521,33
4919,2,2020,39,Ryan Sieg,Chv,28,3884,114,31.563,171.086,33
4919,2,2020,39,Ryan Sieg,Chv,28,3884,115,31.706,170.315,33
4919,2,2020,39,Ryan Sieg,Chv,28,3884,116,31.538,171.222,33
4919,2,2020,39,Ryan Sieg,Chv,28,3884,117,31.864,169.470,33
4919,2,2020,39,Ryan Sieg,Chv,28,3884,118,31.82,169.705,33
4919,2,2020,39,Ryan Sieg,Chv,28,3884,119,32.537,165.965,33
4919,2,2020,39,Ryan Sieg,Chv,28,3884,120,31.947,169.030,33
4919,2,2020,39,Ryan Sieg,Chv,28,3884,121,32.18,167.806,33
4919,2,2020,39,Ryan Sieg,Chv,28,3884,122,31.87,169.438,33
4919,2,2020,39,Ryan Sieg,Chv,28,3884,123,32.022,168.634,33
4919,2,2020,39,Ryan Sieg,Chv,28,3884,124,32.533,165.985,32
4919,2,2020,39,Ryan Sieg,Chv,28,3884,125,32.023,168.629,32
4919,2,2020,39,Ryan Sieg,Chv,28,3884,126,31.963,168.945,32
4919,2,2020,39,Ryan Sieg,Chv,28,3884,127,32.126,168.088,32
4919,2,2020,39,Ryan Sieg,Chv,28,3884,128,32.084,168.308,32
4919,2,2020,39,Ryan Sieg,Chv,28,3884,129,32.164,167.890,32
4919,2,2020,39,Ryan Sieg,Chv,28,3884,130,32.373,166.806,32
4919,2,2020,39,Ryan Sieg,Chv,28,3884,131,32.301,167.177,32
4919,2,2020,39,Ryan Sieg,Chv,28,3884,132,32.937,163.949,32
4919,2,2020,39,Ryan Sieg,Chv,28,3884,133,32.34,166.976,32
4919,2,2020,39,Ryan Sieg,Chv,28,3884,134,32.526,166.021,32
4919,2,2020,39,Ryan Sieg,Chv,28,3884,135,32.621,165.538,32
4919,2,2020,39,Ryan Sieg,Chv,28,3884,136,32.389,166.723,32
4919,2,2020,39,Ryan Sieg,Chv,28,3884,137,32.234,167.525,32
4919,2,2020,39,Ryan Sieg,Chv,28,3884,138,32.251,167.437,32
4919,2,2020,39,Ryan Sieg,Chv,28,3884,139,32.231,167.541,32
4919,2,2020,39,Ryan Sieg,Chv,28,3884,140,32.238,167.504,32
4919,2,2020,39,Ryan Sieg,Chv,28,3884,141,32.292,167.224,32
4919,2,2020,39,Ryan Sieg,Chv,28,3884,142,32.255,167.416,31
4919,2,2020,39,Ryan Sieg,Chv,28,3884,143,32.222,167.587,31
4919,2,2020,39,Ryan Sieg,Chv,28,3884,144,33.192,162.690,31
4919,2,2020,39,Ryan Sieg,Chv,28,3884,145,32.685,165.213,31
4919,2,2020,39,Ryan Sieg,Chv,28,3884,146,32.366,166.842,31
4919,2,2020,39,Ryan Sieg,Chv,28,3884,147,32.833,164.469,29
4919,2,2020,39,Ryan Sieg,Chv,28,3884,148,32.785,164.709,29
4919,2,2020,39,Ryan Sieg,Chv,28,3884,149,44.244,122.050,30
4919,2,2020,39,Ryan Sieg,Chv,28,3884,150,80.495,67.085,32
4919,2,2020,39,Ryan Sieg,Chv,28,3884,151,83.277,64.844,32
4919,2,2020,39,Ryan Sieg,Chv,28,3884,152,196.193,27.524,32
4919,2,2020,39,Ryan Sieg,Chv,28,3884,153,85.862,62.892,32
4919,2,2020,39,Ryan Sieg,Chv,28,3884,154,93.835,57.548,32
4919,2,2020,39,Ryan Sieg,Chv,28,3884,155,111.107,48.602,32
4919,2,2020,39,Ryan Sieg,Chv,28,3884,156,95.03,56.824,32
4919,2,2020,39,Ryan Sieg,Chv,28,3884,157,33.465,161.363,32
4919,2,2020,39,Ryan Sieg,Chv,28,3884,158,32.414,166.595,32
4919,2,2020,39,Ryan Sieg,Chv,28,3884,159,31.768,169.982,32
4919,2,2020,39,Ryan Sieg,Chv,28,3884,160,31.6,170.886,32
4919,2,2020,39,Ryan Sieg,Chv,28,3884,161,31.337,172.320,32
4919,2,2020,39,Ryan Sieg,Chv,28,3884,162,31.809,169.763,32
4919,2,2020,39,Ryan Sieg,Chv,28,3884,163,31.752,170.068,32
4919,2,2020,39,Ryan Sieg,Chv,28,3884,164,31.989,168.808,32
4919,2,2020,39,Ryan Sieg,Chv,28,3884,165,36.977,146.037,32
4919,2,2020,39,Ryan Sieg,Chv,28,3884,166,71.455,75.572,32
4919,2,2020,39,Ryan Sieg,Chv,28,3884,167,97.416,55.432,32
4919,2,2020,39,Ryan Sieg,Chv,28,3884,168,100.971,53.481,32
4919,2,2020,39,Ryan Sieg,Chv,28,3884,169,85.776,62.955,32
4919,2,2020,39,Ryan Sieg,Chv,28,3884,170,49.655,108.750,32
4919,2,2020,39,Ryan Sieg,Chv,28,3884,171,87.068,62.020,32
4919,2,2020,39,Ryan Sieg,Chv,28,3884,172,97.815,55.206,32
4919,2,2020,39,Ryan Sieg,Chv,28,3884,173,97.381,55.452,32
4919,2,2020,39,Ryan Sieg,Chv,28,3884,174,94.332,57.245,31
4919,2,2020,39,Ryan Sieg,Chv,28,3884,175,97.198,55.557,31
4919,2,2020,39,Ryan Sieg,Chv,28,3884,176,102.366,52.752,31
4919,2,2020,39,Ryan Sieg,Chv,28,3884,177,93.501,57.753,30
4919,2,2020,39,Ryan Sieg,Chv,28,3884,178,48.658,110.979,30
4919,2,2020,39,Ryan Sieg,Chv,28,3884,179,77.389,69.777,30
4919,2,2020,39,Ryan Sieg,Chv,28,3884,180,96.39,56.022,30
4919,2,2020,39,Ryan Sieg,Chv,28,3884,181,92.659,58.278,30
4919,2,2020,39,Ryan Sieg,Chv,28,3884,182,82.815,65.206,30
4919,2,2020,39,Ryan Sieg,Chv,28,3884,183,34.015,158.753,30
4919,2,2020,39,Ryan Sieg,Chv,28,3884,184,32.789,164.689,30
4919,2,2020,39,Ryan Sieg,Chv,28,3884,185,31.395,172.002,30
4919,2,2020,39,Ryan Sieg,Chv,28,3884,186,35.689,151.307,30
4919,2,2020,39,Ryan Sieg,Chv,28,3884,187,49.294,109.547,30
4919,2,2020,39,Ryan Sieg,Chv,28,3884,188,88.046,61.332,29
4919,2,2020,39,Ryan Sieg,Chv,28,3884,189,103.499,52.174,29
4919,2,2020,39,Ryan Sieg,Chv,28,3884,190,103.957,51.945,30
4919,2,2020,39,Ryan Sieg,Chv,28,3884,191,58.946,91.609,29
4919,2,2020,39,Ryan Sieg,Chv,28,3884,192,71.428,75.601,29
4919,2,2020,39,Ryan Sieg,Chv,28,3884,193,94.745,56.995,29
4919,2,2020,39,Ryan Sieg,Chv,28,3884,194,91.862,58.784,29
4919,2,2020,39,Ryan Sieg,Chv,28,3884,195,90.019,59.987,29
4919,2,2020,39,Ryan Sieg,Chv,28,3884,196,35.121,153.754,29
4919,2,2020,39,Ryan Sieg,Chv,28,3884,197,33.24,162.455,28
4919,2,2020,11,Justin Haley,Chv,29,4172,0,,,3
4919,2,2020,11,Justin Haley,Chv,29,4172,1,32.658,165.350,2
4919,2,2020,11,Justin Haley,Chv,29,4172,2,30.507,177.009,2
4919,2,2020,11,Justin Haley,Chv,29,4172,3,30.355,177.895,2
4919,2,2020,11,Justin Haley,Chv,29,4172,4,32.53,166.001,2
4919,2,2020,11,Justin Haley,Chv,29,4172,5,87.244,61.895,2
4919,2,2020,11,Justin Haley,Chv,29,4172,6,96.997,55.672,2
4919,2,2020,11,Justin Haley,Chv,29,4172,7,94.297,57.266,2
4919,2,2020,11,Justin Haley,Chv,29,4172,8,32.809,164.589,2
4919,2,2020,11,Justin Haley,Chv,29,4172,9,30.791,175.376,2
4919,2,2020,11,Justin Haley,Chv,29,4172,10,30.758,175.564,2
4919,2,2020,11,Justin Haley,Chv,29,4172,11,30.778,175.450,2
4919,2,2020,11,Justin Haley,Chv,29,4172,12,30.88,174.870,2
4919,2,2020,11,Justin Haley,Chv,29,4172,13,30.855,175.012,2
4919,2,2020,11,Justin Haley,Chv,29,4172,14,31.173,173.227,2
4919,2,2020,11,Justin Haley,Chv,29,4172,15,31.129,173.472,2
4919,2,2020,11,Justin Haley,Chv,29,4172,16,31.102,173.622,2
4919,2,2020,11,Justin Haley,Chv,29,4172,17,31.224,172.944,2
4919,2,2020,11,Justin Haley,Chv,29,4172,18,31.157,173.316,2
4919,2,2020,11,Justin Haley,Chv,29,4172,19,31.186,173.155,2
4919,2,2020,11,Justin Haley,Chv,29,4172,20,31.19,173.132,2
4919,2,2020,11,Justin Haley,Chv,29,4172,21,35.358,152.724,2
4919,2,2020,11,Justin Haley,Chv,29,4172,22,85.788,62.946,2
4919,2,2020,11,Justin Haley,Chv,29,4172,23,96.964,55.691,2
4919,2,2020,11,Justin Haley,Chv,29,4172,24,96.685,55.851,2
4919,2,2020,11,Justin Haley,Chv,29,4172,25,94.72,57.010,2
4919,2,2020,11,Justin Haley,Chv,29,4172,26,33.244,162.435,4
4919,2,2020,11,Justin Haley,Chv,29,4172,27,30.792,175.370,4
4919,2,2020,11,Justin Haley,Chv,29,4172,28,32.098,168.235,4
4919,2,2020,11,Justin Haley,Chv,29,4172,29,85.12,63.440,4
4919,2,2020,11,Justin Haley,Chv,29,4172,30,105.185,51.338,4
4919,2,2020,11,Justin Haley,Chv,29,4172,31,105.033,51.412,4
4919,2,2020,11,Justin Haley,Chv,29,4172,32,101.594,53.153,3
4919,2,2020,11,Justin Haley,Chv,29,4172,33,33.052,163.379,4
4919,2,2020,11,Justin Haley,Chv,29,4172,34,31.089,173.695,4
4919,2,2020,11,Justin Haley,Chv,29,4172,35,30.973,174.345,3
4919,2,2020,11,Justin Haley,Chv,29,4172,36,31.007,174.154,3
4919,2,2020,11,Justin Haley,Chv,29,4172,37,31.05,173.913,3
4919,2,2020,11,Justin Haley,Chv,29,4172,38,31.028,174.036,3
4919,2,2020,11,Justin Haley,Chv,29,4172,39,31.076,173.768,3
4919,2,2020,11,Justin Haley,Chv,29,4172,40,31.192,173.121,3
4919,2,2020,11,Justin Haley,Chv,29,4172,41,31.289,172.585,3
4919,2,2020,11,Justin Haley,Chv,29,4172,42,31.29,172.579,3
4919,2,2020,11,Justin Haley,Chv,29,4172,43,31.242,172.844,3
4919,2,2020,11,Justin Haley,Chv,29,4172,44,31.297,172.540,3
4919,2,2020,11,Justin Haley,Chv,29,4172,45,31.461,171.641,3
4919,2,2020,11,Justin Haley,Chv,29,4172,46,44.145,122.324,3
4919,2,2020,11,Justin Haley,Chv,29,4172,47,76.849,70.268,3
4919,2,2020,11,Justin Haley,Chv,29,4172,48,115.968,46.565,19
4919,2,2020,11,Justin Haley,Chv,29,4172,49,77.873,69.344,4
4919,2,2020,11,Justin Haley,Chv,29,4172,50,96.481,55.970,4
4919,2,2020,11,Justin Haley,Chv,29,4172,51,96.087,56.199,4
4919,2,2020,11,Justin Haley,Chv,29,4172,52,93.593,57.697,3
4919,2,2020,11,Justin Haley,Chv,29,4172,53,32.727,165.001,4
4919,2,2020,11,Justin Haley,Chv,29,4172,54,30.498,177.061,4
4919,2,2020,11,Justin Haley,Chv,29,4172,55,30.541,176.811,4
4919,2,2020,11,Justin Haley,Chv,29,4172,56,30.737,175.684,4
4919,2,2020,11,Justin Haley,Chv,29,4172,57,31.539,171.217,6
4919,2,2020,11,Justin Haley,Chv,29,4172,58,30.813,175.251,6
4919,2,2020,11,Justin Haley,Chv,29,4172,59,30.819,175.217,6
4919,2,2020,11,Justin Haley,Chv,29,4172,60,30.982,174.295,6
4919,2,2020,11,Justin Haley,Chv,29,4172,61,30.949,174.481,6
4919,2,2020,11,Justin Haley,Chv,29,4172,62,31.6,170.886,7
4919,2,2020,11,Justin Haley,Chv,29,4172,63,31.761,170.020,8
4919,2,2020,11,Justin Haley,Chv,29,4172,64,31.318,172.425,9
4919,2,2020,11,Justin Haley,Chv,29,4172,65,31.231,172.905,9
4919,2,2020,11,Justin Haley,Chv,29,4172,66,31.205,173.049,9
4919,2,2020,11,Justin Haley,Chv,29,4172,67,31.157,173.316,9
4919,2,2020,11,Justin Haley,Chv,29,4172,68,31.178,173.199,9
4919,2,2020,11,Justin Haley,Chv,29,4172,69,31.194,173.110,9
4919,2,2020,11,Justin Haley,Chv,29,4172,70,31.276,172.656,9
4919,2,2020,11,Justin Haley,Chv,29,4172,71,31.396,171.996,9
4919,2,2020,11,Justin Haley,Chv,29,4172,72,31.3,172.524,9
4919,2,2020,11,Justin Haley,Chv,29,4172,73,31.284,172.612,9
4919,2,2020,11,Justin Haley,Chv,29,4172,74,31.421,171.860,9
4919,2,2020,11,Justin Haley,Chv,29,4172,75,31.667,170.525,9
4919,2,2020,11,Justin Haley,Chv,29,4172,76,31.481,171.532,9
4919,2,2020,11,Justin Haley,Chv,29,4172,77,31.595,170.913,9
4919,2,2020,11,Justin Haley,Chv,29,4172,78,31.495,171.456,9
4919,2,2020,11,Justin Haley,Chv,29,4172,79,31.575,171.021,9
4919,2,2020,11,Justin Haley,Chv,29,4172,80,31.601,170.881,9
4919,2,2020,11,Justin Haley,Chv,29,4172,81,31.432,171.799,9
4919,2,2020,11,Justin Haley,Chv,29,4172,82,31.513,171.358,9
4919,2,2020,11,Justin Haley,Chv,29,4172,83,31.687,170.417,9
4919,2,2020,11,Justin Haley,Chv,29,4172,84,31.537,171.227,9
4919,2,2020,11,Justin Haley,Chv,29,4172,85,31.504,171.407,9
4919,2,2020,11,Justin Haley,Chv,29,4172,86,31.692,170.390,9
4919,2,2020,11,Justin Haley,Chv,29,4172,87,31.807,169.774,9
4919,2,2020,11,Justin Haley,Chv,29,4172,88,31.75,170.079,9
4919,2,2020,11,Justin Haley,Chv,29,4172,89,31.717,170.256,9
4919,2,2020,11,Justin Haley,Chv,29,4172,90,31.981,168.850,9
4919,2,2020,11,Justin Haley,Chv,29,4172,91,47.324,114.107,9
4919,2,2020,11,Justin Haley,Chv,29,4172,92,78.431,68.850,9
4919,2,2020,11,Justin Haley,Chv,29,4172,93,110.616,48.818,13
4919,2,2020,11,Justin Haley,Chv,29,4172,94,79.624,67.819,8
4919,2,2020,11,Justin Haley,Chv,29,4172,95,91.746,58.858,8
4919,2,2020,11,Justin Haley,Chv,29,4172,96,96.285,56.084,8
4919,2,2020,11,Justin Haley,Chv,29,4172,97,95.208,56.718,7
4919,2,2020,11,Justin Haley,Chv,29,4172,98,93.138,57.978,7
4919,2,2020,11,Justin Haley,Chv,29,4172,99,32.52,166.052,5
4919,2,2020,11,Justin Haley,Chv,29,4172,100,30.439,177.404,5
4919,2,2020,11,Justin Haley,Chv,29,4172,101,30.347,177.942,5
4919,2,2020,11,Justin Haley,Chv,29,4172,102,30.606,176.436,5
4919,2,2020,11,Justin Haley,Chv,29,4172,103,30.586,176.551,5
4919,2,2020,11,Justin Haley,Chv,29,4172,104,30.656,176.148,5
4919,2,2020,11,Justin Haley,Chv,29,4172,105,30.665,176.097,5
4919,2,2020,11,Justin Haley,Chv,29,4172,106,30.757,175.570,5
4919,2,2020,11,Justin Haley,Chv,29,4172,107,30.547,176.777,5
4919,2,2020,11,Justin Haley,Chv,29,4172,108,30.561,176.696,5
4919,2,2020,11,Justin Haley,Chv,29,4172,109,30.677,176.028,5
4919,2,2020,11,Justin Haley,Chv,29,4172,110,30.687,175.970,5
4919,2,2020,11,Justin Haley,Chv,29,4172,111,30.595,176.499,5
4919,2,2020,11,Justin Haley,Chv,29,4172,112,30.795,175.353,5
4919,2,2020,11,Justin Haley,Chv,29,4172,113,30.755,175.581,5
4919,2,2020,11,Justin Haley,Chv,29,4172,114,30.743,175.650,5
4919,2,2020,11,Justin Haley,Chv,29,4172,115,30.848,175.052,5
4919,2,2020,11,Justin Haley,Chv,29,4172,116,30.742,175.655,5
4919,2,2020,11,Justin Haley,Chv,29,4172,117,30.803,175.308,5
4919,2,2020,11,Justin Haley,Chv,29,4172,118,30.939,174.537,5
4919,2,2020,11,Justin Haley,Chv,29,4172,119,31.026,174.048,5
4919,2,2020,11,Justin Haley,Chv,29,4172,120,31.409,171.925,5
4919,2,2020,11,Justin Haley,Chv,29,4172,121,31.531,171.260,5
4919,2,2020,11,Justin Haley,Chv,29,4172,122,31.682,170.444,5
4919,2,2020,11,Justin Haley,Chv,29,4172,123,31.265,172.717,5
4919,2,2020,11,Justin Haley,Chv,29,4172,124,31.325,172.386,5
4919,2,2020,11,Justin Haley,Chv,29,4172,125,31.285,172.607,5
4919,2,2020,11,Justin Haley,Chv,29,4172,126,31.499,171.434,5
4919,2,2020,11,Justin Haley,Chv,29,4172,127,31.336,172.326,5
4919,2,2020,11,Justin Haley,Chv,29,4172,128,31.319,172.419,5
4919,2,2020,11,Justin Haley,Chv,29,4172,129,31.411,171.914,5
4919,2,2020,11,Justin Haley,Chv,29,4172,130,31.288,172.590,5
4919,2,2020,11,Justin Haley,Chv,29,4172,131,31.599,170.891,5
4919,2,2020,11,Justin Haley,Chv,29,4172,132,31.705,170.320,5
4919,2,2020,11,Justin Haley,Chv,29,4172,133,31.805,169.785,5
4919,2,2020,11,Justin Haley,Chv,29,4172,134,31.715,170.266,5
4919,2,2020,11,Justin Haley,Chv,29,4172,135,32.038,168.550,5
4919,2,2020,11,Justin Haley,Chv,29,4172,136,31.858,169.502,5
4919,2,2020,11,Justin Haley,Chv,29,4172,137,31.918,169.184,5
4919,2,2020,11,Justin Haley,Chv,29,4172,138,31.777,169.934,5
4919,2,2020,11,Justin Haley,Chv,29,4172,139,31.3,172.524,5
4919,2,2020,11,Justin Haley,Chv,29,4172,140,31.387,172.046,5
4919,2,2020,11,Justin Haley,Chv,29,4172,141,31.37,172.139,5
4919,2,2020,11,Justin Haley,Chv,29,4172,142,31.433,171.794,5
4919,2,2020,11,Justin Haley,Chv,29,4172,143,31.536,171.233,5
4919,2,2020,11,Justin Haley,Chv,29,4172,144,31.492,171.472,5
4919,2,2020,11,Justin Haley,Chv,29,4172,145,31.348,172.260,5
4919,2,2020,11,Justin Haley,Chv,29,4172,146,31.752,170.068,5
4919,2,2020,11,Justin Haley,Chv,29,4172,147,62.039,87.042,9
4919,2,2020,11,Justin Haley,Chv,29,4172,148,44.716,120.762,9
4919,2,2020,11,Justin Haley,Chv,29,4172,149,31.058,173.868,9
4919,2,2020,11,Justin Haley,Chv,29,4172,150,30.784,175.416,9
4919,2,2020,11,Justin Haley,Chv,29,4172,151,30.738,175.678,6
4919,2,2020,11,Justin Haley,Chv,29,4172,152,30.618,176.367,6
4919,2,2020,11,Justin Haley,Chv,29,4172,153,30.424,177.491,6
4919,2,2020,11,Justin Haley,Chv,29,4172,154,37.824,142.766,5
4919,2,2020,11,Justin Haley,Chv,29,4172,155,51.447,104.962,5
4919,2,2020,11,Justin Haley,Chv,29,4172,156,62.546,86.336,5
4919,2,2020,11,Justin Haley,Chv,29,4172,157,96.518,55.948,5
4919,2,2020,11,Justin Haley,Chv,29,4172,158,91.534,58.994,5
4919,2,2020,11,Justin Haley,Chv,29,4172,159,95.051,56.812,2
4919,2,2020,11,Justin Haley,Chv,29,4172,160,92.271,58.523,2
4919,2,2020,11,Justin Haley,Chv,29,4172,161,103.222,52.314,1
4919,2,2020,11,Justin Haley,Chv,29,4172,162,102.704,52.578,2
4919,2,2020,11,Justin Haley,Chv,29,4172,163,32.507,166.118,2
4919,2,2020,11,Justin Haley,Chv,29,4172,164,30.419,177.521,2
4919,2,2020,11,Justin Haley,Chv,29,4172,165,30.35,177.924,2
4919,2,2020,11,Justin Haley,Chv,29,4172,166,30.312,178.147,2
4919,2,2020,11,Justin Haley,Chv,29,4172,167,30.561,176.696,2
4919,2,2020,11,Justin Haley,Chv,29,4172,168,30.61,176.413,2
4919,2,2020,11,Justin Haley,Chv,29,4172,169,30.794,175.359,3
4919,2,2020,11,Justin Haley,Chv,29,4172,170,31.017,174.098,3
4919,2,2020,11,Justin Haley,Chv,29,4172,171,32.506,166.123,3
4919,2,2020,11,Justin Haley,Chv,29,4172,172,81.665,66.124,3
4919,2,2020,11,Justin Haley,Chv,29,4172,173,96.386,56.025,3
4919,2,2020,11,Justin Haley,Chv,29,4172,174,96.706,55.839,3
4919,2,2020,11,Justin Haley,Chv,29,4172,175,94.37,57.222,4
4919,2,2020,11,Justin Haley,Chv,29,4172,176,39.015,138.408,5
4919,2,2020,11,Justin Haley,Chv,29,4172,177,88.327,61.136,4
4919,2,2020,11,Justin Haley,Chv,29,4172,178,96.492,55.963,4
4919,2,2020,11,Justin Haley,Chv,29,4172,179,96.726,55.828,4
4919,2,2020,11,Justin Haley,Chv,29,4172,180,96.638,55.879,4
4919,2,2020,11,Justin Haley,Chv,29,4172,181,96.159,56.157,4
4919,2,2020,11,Justin Haley,Chv,29,4172,182,104.751,51.551,4
4919,2,2020,11,Justin Haley,Chv,29,4172,183,100.605,53.675,4
4919,2,2020,11,Justin Haley,Chv,29,4172,184,35.727,151.146,4
4919,2,2020,11,Justin Haley,Chv,29,4172,185,82.562,65.405,4
4919,2,2020,11,Justin Haley,Chv,29,4172,186,95.409,56.598,4
4919,2,2020,11,Justin Haley,Chv,29,4172,187,94.436,57.182,4
4919,2,2020,11,Justin Haley,Chv,29,4172,188,89.929,60.047,4
4919,2,2020,11,Justin Haley,Chv,29,4172,189,32.634,165.472,4
4919,2,2020,11,Justin Haley,Chv,29,4172,190,30.555,176.730,4
4919,2,2020,11,Justin Haley,Chv,29,4172,191,30.71,175.838,4
4919,2,2020,11,Justin Haley,Chv,29,4172,192,31.387,172.046,6
4919,2,2020,11,Justin Haley,Chv,29,4172,193,48.659,110.976,6
4919,2,2020,11,Justin Haley,Chv,29,4172,194,172.975,31.218,13
4919,2,2020,11,Justin Haley,Chv,29,4172,195,51.151,105.570,13
4919,2,2020,11,Justin Haley,Chv,29,4172,196,80.81,66.823,10
4919,2,2020,5,Matt Mills,Chv,30,4209,0,,,33
4919,2,2020,5,Matt Mills,Chv,30,4209,1,34.163,158.066,37
4919,2,2020,5,Matt Mills,Chv,30,4209,2,32.454,166.389,37
4919,2,2020,5,Matt Mills,Chv,30,4209,3,32.688,165.198,37
4919,2,2020,5,Matt Mills,Chv,30,4209,4,40.522,133.261,37
4919,2,2020,5,Matt Mills,Chv,30,4209,5,119.62,45.143,36
4919,2,2020,5,Matt Mills,Chv,30,4209,6,61.72,87.492,35
4919,2,2020,5,Matt Mills,Chv,30,4209,7,80.377,67.183,35
4919,2,2020,5,Matt Mills,Chv,30,4209,8,33.64,160.523,33
4919,2,2020,5,Matt Mills,Chv,30,4209,9,31.878,169.396,32
4919,2,2020,5,Matt Mills,Chv,30,4209,10,32.299,167.188,32
4919,2,2020,5,Matt Mills,Chv,30,4209,11,32.495,166.179,31
4919,2,2020,5,Matt Mills,Chv,30,4209,12,31.834,169.630,31
4919,2,2020,5,Matt Mills,Chv,30,4209,13,32.21,167.650,31
4919,2,2020,5,Matt Mills,Chv,30,4209,14,32.353,166.909,31
4919,2,2020,5,Matt Mills,Chv,30,4209,15,32.485,166.231,31
4919,2,2020,5,Matt Mills,Chv,30,4209,16,32.563,165.832,31
4919,2,2020,5,Matt Mills,Chv,30,4209,17,32.698,165.148,30
4919,2,2020,5,Matt Mills,Chv,30,4209,18,32.249,167.447,30
4919,2,2020,5,Matt Mills,Chv,30,4209,19,32.544,165.929,29
4919,2,2020,5,Matt Mills,Chv,30,4209,20,32.298,167.193,29
4919,2,2020,5,Matt Mills,Chv,30,4209,21,40.381,133.726,29
4919,2,2020,5,Matt Mills,Chv,30,4209,22,104.662,51.595,31
4919,2,2020,5,Matt Mills,Chv,30,4209,23,148.479,36.369,33
4919,2,2020,5,Matt Mills,Chv,30,4209,24,99.998,54.001,34
4919,2,2020,5,Matt Mills,Chv,30,4209,25,33.588,160.772,34
4919,2,2020,5,Matt Mills,Chv,30,4209,26,31.994,168.782,34
4919,2,2020,5,Matt Mills,Chv,30,4209,27,37.231,145.040,34
4919,2,2020,5,Matt Mills,Chv,30,4209,28,89.822,60.119,34
4919,2,2020,5,Matt Mills,Chv,30,4209,29,173.045,31.206,34
4919,2,2020,5,Matt Mills,Chv,30,4209,30,49.853,108.318,34
4919,2,2020,5,Matt Mills,Chv,30,4209,31,76.506,70.583,34
4919,2,2020,5,Matt Mills,Chv,30,4209,32,34.374,157.095,34
4919,2,2020,5,Matt Mills,Chv,30,4209,33,32.535,165.975,34
4919,2,2020,5,Matt Mills,Chv,30,4209,34,31.946,169.035,34
4919,2,2020,5,Matt Mills,Chv,30,4209,35,32.344,166.955,34
4919,2,2020,5,Matt Mills,Chv,30,4209,36,31.896,169.300,34
4919,2,2020,5,Matt Mills,Chv,30,4209,37,32.389,166.723,34
4919,2,2020,5,Matt Mills,Chv,30,4209,38,32.448,166.420,34
4919,2,2020,5,Matt Mills,Chv,30,4209,39,32.506,166.123,34
4919,2,2020,5,Matt Mills,Chv,30,4209,40,32.412,166.605,34
4919,2,2020,5,Matt Mills,Chv,30,4209,41,32.213,167.634,34
4919,2,2020,5,Matt Mills,Chv,30,4209,42,32.368,166.831,34
4919,2,2020,5,Matt Mills,Chv,30,4209,43,32.449,166.415,34
4919,2,2020,5,Matt Mills,Chv,30,4209,44,33.488,161.252,34
4919,2,2020,5,Matt Mills,Chv,30,4209,45,49.28,109.578,34
4919,2,2020,5,Matt Mills,Chv,30,4209,46,68.462,78.876,34
4919,2,2020,5,Matt Mills,Chv,30,4209,47,82.906,65.134,34
4919,2,2020,5,Matt Mills,Chv,30,4209,48,39.916,135.284,34
4919,2,2020,5,Matt Mills,Chv,30,4209,49,86.034,62.766,30
4919,2,2020,5,Matt Mills,Chv,30,4209,50,79.789,67.679,31
4919,2,2020,5,Matt Mills,Chv,30,4209,51,93.046,58.036,28
4919,2,2020,5,Matt Mills,Chv,30,4209,52,84.486,63.916,28
4919,2,2020,5,Matt Mills,Chv,30,4209,53,34.078,158.460,28
4919,2,2020,5,Matt Mills,Chv,30,4209,54,31.974,168.887,29
4919,2,2020,5,Matt Mills,Chv,30,4209,55,31.756,170.047,29
4919,2,2020,5,Matt Mills,Chv,30,4209,56,31.81,169.758,29
4919,2,2020,5,Matt Mills,Chv,30,4209,57,31.878,169.396,29
4919,2,2020,5,Matt Mills,Chv,30,4209,58,32.329,167.033,30
4919,2,2020,5,Matt Mills,Chv,30,4209,59,32.342,166.966,31
4919,2,2020,5,Matt Mills,Chv,30,4209,60,32.438,166.471,30
4919,2,2020,5,Matt Mills,Chv,30,4209,61,32.068,168.392,30
4919,2,2020,5,Matt Mills,Chv,30,4209,62,31.941,169.062,30
4919,2,2020,5,Matt Mills,Chv,30,4209,63,31.9,169.279,30
4919,2,2020,5,Matt Mills,Chv,30,4209,64,31.791,169.859,30
4919,2,2020,5,Matt Mills,Chv,30,4209,65,32.183,167.790,30
4919,2,2020,5,Matt Mills,Chv,30,4209,66,32.519,166.057,30
4919,2,2020,5,Matt Mills,Chv,30,4209,67,32.345,166.950,30
4919,2,2020,5,Matt Mills,Chv,30,4209,68,32.467,166.323,30
4919,2,2020,5,Matt Mills,Chv,30,4209,69,32.124,168.099,30
4919,2,2020,5,Matt Mills,Chv,30,4209,70,32.402,166.656,30
4919,2,2020,5,Matt Mills,Chv,30,4209,71,32.77,164.785,30
4919,2,2020,5,Matt Mills,Chv,30,4209,72,33.404,161.657,30
4919,2,2020,5,Matt Mills,Chv,30,4209,73,32.708,165.097,30
4919,2,2020,5,Matt Mills,Chv,30,4209,74,32.818,164.544,30
4919,2,2020,5,Matt Mills,Chv,30,4209,75,32.844,164.414,30
4919,2,2020,5,Matt Mills,Chv,30,4209,76,33.606,160.686,30
4919,2,2020,5,Matt Mills,Chv,30,4209,77,33.006,163.607,30
4919,2,2020,5,Matt Mills,Chv,30,4209,78,33.673,160.366,30
4919,2,2020,5,Matt Mills,Chv,30,4209,79,33.827,159.636,31
4919,2,2020,5,Matt Mills,Chv,30,4209,80,33.542,160.992,32
4919,2,2020,5,Matt Mills,Chv,30,4209,81,33.219,162.558,32
4919,2,2020,5,Matt Mills,Chv,30,4209,82,33.451,161.430,32
4919,2,2020,5,Matt Mills,Chv,30,4209,83,33.329,162.021,32
4919,2,2020,5,Matt Mills,Chv,30,4209,84,32.793,164.669,32
4919,2,2020,5,Matt Mills,Chv,30,4209,85,33.388,161.735,32
4919,2,2020,5,Matt Mills,Chv,30,4209,86,33.482,161.281,32
4919,2,2020,5,Matt Mills,Chv,30,4209,87,32.953,163.870,32
4919,2,2020,5,Matt Mills,Chv,30,4209,88,33.255,162.382,32
4919,2,2020,5,Matt Mills,Chv,30,4209,89,41.111,131.352,32
4919,2,2020,5,Matt Mills,Chv,30,4209,90,86.129,62.697,32
4919,2,2020,5,Matt Mills,Chv,30,4209,91,96.147,56.164,32
4919,2,2020,5,Matt Mills,Chv,30,4209,92,123.29,43.799,32
4919,2,2020,5,Matt Mills,Chv,30,4209,93,78.995,68.359,32
4919,2,2020,5,Matt Mills,Chv,30,4209,94,96.193,56.137,31
4919,2,2020,5,Matt Mills,Chv,30,4209,95,96.058,56.216,31
4919,2,2020,5,Matt Mills,Chv,30,4209,96,88.939,60.716,31
4919,2,2020,5,Matt Mills,Chv,30,4209,97,35.354,152.741,32
4919,2,2020,5,Matt Mills,Chv,30,4209,98,32.514,166.082,32
4919,2,2020,5,Matt Mills,Chv,30,4209,99,32.33,167.028,32
4919,2,2020,5,Matt Mills,Chv,30,4209,100,32.611,165.588,32
4919,2,2020,5,Matt Mills,Chv,30,4209,101,32.53,166.001,32
4919,2,2020,5,Matt Mills,Chv,30,4209,102,32.671,165.284,32
4919,2,2020,5,Matt Mills,Chv,30,4209,103,32.612,165.583,32
4919,2,2020,5,Matt Mills,Chv,30,4209,104,32.885,164.209,32
4919,2,2020,5,Matt Mills,Chv,30,4209,105,32.839,164.439,32
4919,2,2020,5,Matt Mills,Chv,30,4209,106,33.417,161.594,32
4919,2,2020,5,Matt Mills,Chv,30,4209,107,33.652,160.466,32
4919,2,2020,5,Matt Mills,Chv,30,4209,108,33.573,160.844,32
4919,2,2020,5,Matt Mills,Chv,30,4209,109,32.725,165.011,32
4919,2,2020,5,Matt Mills,Chv,30,4209,110,33.303,162.148,32
4919,2,2020,5,Matt Mills,Chv,30,4209,111,33.257,162.372,32
4919,2,2020,5,Matt Mills,Chv,30,4209,112,33.105,163.117,32
4919,2,2020,5,Matt Mills,Chv,30,4209,113,33.133,162.980,32
4919,2,2020,5,Matt Mills,Chv,30,4209,114,32.745,164.911,32
4919,2,2020,5,Matt Mills,Chv,30,4209,115,32.656,165.360,32
4919,2,2020,5,Matt Mills,Chv,30,4209,116,32.605,165.619,32
4919,2,2020,5,Matt Mills,Chv,30,4209,117,32.779,164.740,32
4919,2,2020,5,Matt Mills,Chv,30,4209,118,32.827,164.499,32
4919,2,2020,5,Matt Mills,Chv,30,4209,119,32.686,165.208,32
4919,2,2020,5,Matt Mills,Chv,30,4209,120,32.705,165.112,32
4919,2,2020,5,Matt Mills,Chv,30,4209,121,32.865,164.309,32
4919,2,2020,5,Matt Mills,Chv,30,4209,122,33.408,161.638,32
4919,2,2020,5,Matt Mills,Chv,30,4209,123,33.884,159.367,32
4919,2,2020,5,Matt Mills,Chv,30,4209,124,33.768,159.915,33
4919,2,2020,5,Matt Mills,Chv,30,4209,125,33.381,161.769,33
4919,2,2020,5,Matt Mills,Chv,30,4209,126,33.36,161.871,33
4919,2,2020,5,Matt Mills,Chv,30,4209,127,33.819,159.674,33
4919,2,2020,5,Matt Mills,Chv,30,4209,128,33.367,161.837,33
4919,2,2020,5,Matt Mills,Chv,30,4209,129,33.253,162.391,33
4919,2,2020,5,Matt Mills,Chv,30,4209,130,33.224,162.533,33
4919,2,2020,5,Matt Mills,Chv,30,4209,131,33.583,160.796,33
4919,2,2020,5,Matt Mills,Chv,30,4209,132,33.36,161.871,33
4919,2,2020,5,Matt Mills,Chv,30,4209,133,33.166,162.817,33
4919,2,2020,5,Matt Mills,Chv,30,4209,134,33.544,160.983,33
4919,2,2020,5,Matt Mills,Chv,30,4209,135,33.214,162.582,33
4919,2,2020,5,Matt Mills,Chv,30,4209,136,33.802,159.754,33
4919,2,2020,5,Matt Mills,Chv,30,4209,137,34.242,157.701,33
4919,2,2020,5,Matt Mills,Chv,30,4209,138,33.613,160.652,33
4919,2,2020,5,Matt Mills,Chv,30,4209,139,33.601,160.710,33
4919,2,2020,5,Matt Mills,Chv,30,4209,140,33.318,162.075,33
4919,2,2020,5,Matt Mills,Chv,30,4209,141,33.253,162.391,33
4919,2,2020,5,Matt Mills,Chv,30,4209,142,33.602,160.705,33
4919,2,2020,5,Matt Mills,Chv,30,4209,143,33.487,161.257,33
4919,2,2020,5,Matt Mills,Chv,30,4209,144,33.792,159.801,33
4919,2,2020,5,Matt Mills,Chv,30,4209,145,34.236,157.729,33
4919,2,2020,5,Matt Mills,Chv,30,4209,146,97.307,55.494,34
4919,2,2020,5,Matt Mills,Chv,30,4209,147,48.199,112.036,34
4919,2,2020,5,Matt Mills,Chv,30,4209,148,39.569,136.470,34
4919,2,2020,5,Matt Mills,Chv,30,4209,149,83.755,64.474,34
4919,2,2020,5,Matt Mills,Chv,30,4209,150,95.842,56.343,34
4919,2,2020,5,Matt Mills,Chv,30,4209,151,94.222,57.311,34
4919,2,2020,5,Matt Mills,Chv,30,4209,152,96.352,56.045,33
4919,2,2020,5,Matt Mills,Chv,30,4209,153,90.717,59.526,33
4919,2,2020,5,Matt Mills,Chv,30,4209,154,38.845,139.014,33
4919,2,2020,5,Matt Mills,Chv,30,4209,155,178.995,30.168,33
4919,2,2020,5,Matt Mills,Chv,30,4209,156,34.877,154.830,33
4919,2,2020,5,Matt Mills,Chv,30,4209,157,32.974,163.765,33
4919,2,2020,5,Matt Mills,Chv,30,4209,158,32.841,164.429,33
4919,2,2020,5,Matt Mills,Chv,30,4209,159,32.554,165.878,33
4919,2,2020,5,Matt Mills,Chv,30,4209,160,32.709,165.092,33
4919,2,2020,5,Matt Mills,Chv,30,4209,161,32.613,165.578,33
4919,2,2020,5,Matt Mills,Chv,30,4209,162,32.669,165.294,33
4919,2,2020,5,Matt Mills,Chv,30,4209,163,32.451,166.405,33
4919,2,2020,5,Matt Mills,Chv,30,4209,164,39.159,137.899,33
4919,2,2020,5,Matt Mills,Chv,30,4209,165,65.307,82.686,33
4919,2,2020,5,Matt Mills,Chv,30,4209,166,93.603,57.690,33
4919,2,2020,5,Matt Mills,Chv,30,4209,167,99.472,54.287,33
4919,2,2020,5,Matt Mills,Chv,30,4209,168,87.581,61.657,33
4919,2,2020,5,Matt Mills,Chv,30,4209,169,49.543,108.996,33
4919,2,2020,5,Matt Mills,Chv,30,4209,170,87.137,61.971,33
4919,2,2020,5,Matt Mills,Chv,30,4209,171,97.652,55.298,33
4919,2,2020,5,Matt Mills,Chv,30,4209,172,97.576,55.341,33
4919,2,2020,5,Matt Mills,Chv,30,4209,173,94.257,57.290,33
4919,2,2020,5,Matt Mills,Chv,30,4209,174,163.705,32.986,32
4919,2,2020,5,Matt Mills,Chv,30,4209,175,44.288,121.929,32
4919,2,2020,5,Matt Mills,Chv,30,4209,176,84.718,63.741,32
4919,2,2020,5,Matt Mills,Chv,30,4209,177,48.878,110.479,31
4919,2,2020,5,Matt Mills,Chv,30,4209,178,77.616,69.573,31
4919,2,2020,5,Matt Mills,Chv,30,4209,179,96.448,55.989,31
4919,2,2020,5,Matt Mills,Chv,30,4209,180,92.468,58.399,31
4919,2,2020,5,Matt Mills,Chv,30,4209,181,82.287,65.624,31
4919,2,2020,5,Matt Mills,Chv,30,4209,182,37.775,142.952,31
4919,2,2020,5,Matt Mills,Chv,30,4209,183,34.134,158.200,31
4919,2,2020,5,Matt Mills,Chv,30,4209,184,34.858,154.914,31
4919,2,2020,5,Matt Mills,Chv,30,4209,185,37.303,144.760,31
4919,2,2020,5,Matt Mills,Chv,30,4209,186,43.04,125.465,31
4919,2,2020,5,Matt Mills,Chv,30,4209,187,84.521,63.889,31
4919,2,2020,5,Matt Mills,Chv,30,4209,188,103.925,51.961,31
4919,2,2020,5,Matt Mills,Chv,30,4209,189,103.358,52.246,31
4919,2,2020,5,Matt Mills,Chv,30,4209,190,60.957,88.587,31
4919,2,2020,5,Matt Mills,Chv,30,4209,191,69.822,77.340,31
4919,2,2020,5,Matt Mills,Chv,30,4209,192,94.607,57.078,30
4919,2,2020,5,Matt Mills,Chv,30,4209,193,91.753,58.854,30
4919,2,2020,5,Matt Mills,Chv,30,4209,194,89.899,60.067,30
4919,2,2020,5,Matt Mills,Chv,30,4209,195,41.883,128.931,30
4919,2,2020,5,Matt Mills,Chv,30,4209,196,38.859,138.964,30
4919,2,2020,07,Garrett Smithley,Chv,31,4142,0,,,24
4919,2,2020,07,Garrett Smithley,Chv,31,4142,1,34.113,158.297,19
4919,2,2020,07,Garrett Smithley,Chv,31,4142,2,31.792,169.854,19
4919,2,2020,07,Garrett Smithley,Chv,31,4142,3,31.974,168.887,19
4919,2,2020,07,Garrett Smithley,Chv,31,4142,4,35.88,150.502,20
4919,2,2020,07,Garrett Smithley,Chv,31,4142,5,87.377,61.801,20
4919,2,2020,07,Garrett Smithley,Chv,31,4142,6,95.036,56.821,20
4919,2,2020,07,Garrett Smithley,Chv,31,4142,7,88.061,61.321,20
4919,2,2020,07,Garrett Smithley,Chv,31,4142,8,33.949,159.062,21
4919,2,2020,07,Garrett Smithley,Chv,31,4142,9,32.365,166.847,23
4919,2,2020,07,Garrett Smithley,Chv,31,4142,10,31.848,169.555,22
4919,2,2020,07,Garrett Smithley,Chv,31,4142,11,32.041,168.534,22
4919,2,2020,07,Garrett Smithley,Chv,31,4142,12,32.542,165.939,22
4919,2,2020,07,Garrett Smithley,Chv,31,4142,13,32.494,166.185,23
4919,2,2020,07,Garrett Smithley,Chv,31,4142,14,32.194,167.733,22
4919,2,2020,07,Garrett Smithley,Chv,31,4142,15,32.228,167.556,22
4919,2,2020,07,Garrett Smithley,Chv,31,4142,16,32.181,167.801,22
4919,2,2020,07,Garrett Smithley,Chv,31,4142,17,32.055,168.460,22
4919,2,2020,07,Garrett Smithley,Chv,31,4142,18,32.141,168.010,22
4919,2,2020,07,Garrett Smithley,Chv,31,4142,19,31.992,168.792,22
4919,2,2020,07,Garrett Smithley,Chv,31,4142,20,31.883,169.369,22
4919,2,2020,07,Garrett Smithley,Chv,31,4142,21,38.286,141.044,22
4919,2,2020,07,Garrett Smithley,Chv,31,4142,22,77.508,69.670,22
4919,2,2020,07,Garrett Smithley,Chv,31,4142,23,99.657,54.186,25
4919,2,2020,07,Garrett Smithley,Chv,31,4142,24,94.087,57.394,25
4919,2,2020,07,Garrett Smithley,Chv,31,4142,25,85.827,62.917,26
4919,2,2020,07,Garrett Smithley,Chv,31,4142,26,34.249,157.669,28
4919,2,2020,07,Garrett Smithley,Chv,31,4142,27,32.257,167.406,28
4919,2,2020,07,Garrett Smithley,Chv,31,4142,28,36.236,149.023,28
4919,2,2020,07,Garrett Smithley,Chv,31,4142,29,89.13,60.586,28
4919,2,2020,07,Garrett Smithley,Chv,31,4142,30,104.187,51.830,27
4919,2,2020,07,Garrett Smithley,Chv,31,4142,31,102.422,52.723,26
4919,2,2020,07,Garrett Smithley,Chv,31,4142,32,94.205,57.322,26
4919,2,2020,07,Garrett Smithley,Chv,31,4142,33,34.443,156.781,29
4919,2,2020,07,Garrett Smithley,Chv,31,4142,34,32.097,168.240,28
4919,2,2020,07,Garrett Smithley,Chv,31,4142,35,31.952,169.004,26
4919,2,2020,07,Garrett Smithley,Chv,31,4142,36,31.929,169.125,26
4919,2,2020,07,Garrett Smithley,Chv,31,4142,37,31.982,168.845,26
4919,2,2020,07,Garrett Smithley,Chv,31,4142,38,31.935,169.093,26
4919,2,2020,07,Garrett Smithley,Chv,31,4142,39,31.865,169.465,26
4919,2,2020,07,Garrett Smithley,Chv,31,4142,40,32.081,168.324,26
4919,2,2020,07,Garrett Smithley,Chv,31,4142,41,32.447,166.425,26
4919,2,2020,07,Garrett Smithley,Chv,31,4142,42,32.028,168.602,26
4919,2,2020,07,Garrett Smithley,Chv,31,4142,43,31.976,168.877,26
4919,2,2020,07,Garrett Smithley,Chv,31,4142,44,32.382,166.759,25
4919,2,2020,07,Garrett Smithley,Chv,31,4142,45,33.03,163.488,25
4919,2,2020,07,Garrett Smithley,Chv,31,4142,46,47.689,113.234,25
4919,2,2020,07,Garrett Smithley,Chv,31,4142,47,69.912,77.240,25
4919,2,2020,07,Garrett Smithley,Chv,31,4142,48,95.047,56.814,14
4919,2,2020,07,Garrett Smithley,Chv,31,4142,49,95.857,56.334,18
4919,2,2020,07,Garrett Smithley,Chv,31,4142,50,95.814,56.359,18
4919,2,2020,07,Garrett Smithley,Chv,31,4142,51,93.759,57.594,17
4919,2,2020,07,Garrett Smithley,Chv,31,4142,52,89.216,60.527,18
4919,2,2020,07,Garrett Smithley,Chv,31,4142,53,33.918,159.208,20
4919,2,2020,07,Garrett Smithley,Chv,31,4142,54,31.919,169.178,21
4919,2,2020,07,Garrett Smithley,Chv,31,4142,55,31.506,171.396,22
4919,2,2020,07,Garrett Smithley,Chv,31,4142,56,31.541,171.206,22
4919,2,2020,07,Garrett Smithley,Chv,31,4142,57,31.871,169.433,20
4919,2,2020,07,Garrett Smithley,Chv,31,4142,58,31.792,169.854,20
4919,2,2020,07,Garrett Smithley,Chv,31,4142,59,31.564,171.081,20
4919,2,2020,07,Garrett Smithley,Chv,31,4142,60,31.672,170.498,21
4919,2,2020,07,Garrett Smithley,Chv,31,4142,61,31.962,168.951,21
4919,2,2020,07,Garrett Smithley,Chv,31,4142,62,31.923,169.157,21
4919,2,2020,07,Garrett Smithley,Chv,31,4142,63,32.03,168.592,22
4919,2,2020,07,Garrett Smithley,Chv,31,4142,64,31.775,169.945,22
4919,2,2020,07,Garrett Smithley,Chv,31,4142,65,31.768,169.982,22
4919,2,2020,07,Garrett Smithley,Chv,31,4142,66,31.923,169.157,22
4919,2,2020,07,Garrett Smithley,Chv,31,4142,67,31.751,170.073,22
4919,2,2020,07,Garrett Smithley,Chv,31,4142,68,31.769,169.977,22
4919,2,2020,07,Garrett Smithley,Chv,31,4142,69,32.125,168.093,22
4919,2,2020,07,Garrett Smithley,Chv,31,4142,70,32.553,165.883,22
4919,2,2020,07,Garrett Smithley,Chv,31,4142,71,32.079,168.334,22
4919,2,2020,07,Garrett Smithley,Chv,31,4142,72,31.962,168.951,22
4919,2,2020,07,Garrett Smithley,Chv,31,4142,73,31.985,168.829,22
4919,2,2020,07,Garrett Smithley,Chv,31,4142,74,31.953,168.998,22
4919,2,2020,07,Garrett Smithley,Chv,31,4142,75,32.275,167.312,22
4919,2,2020,07,Garrett Smithley,Chv,31,4142,76,32.035,168.566,22
4919,2,2020,07,Garrett Smithley,Chv,31,4142,77,32.265,167.364,22
4919,2,2020,07,Garrett Smithley,Chv,31,4142,78,32.103,168.209,22
4919,2,2020,07,Garrett Smithley,Chv,31,4142,79,32.113,168.156,22
4919,2,2020,07,Garrett Smithley,Chv,31,4142,80,32.147,167.978,22
4919,2,2020,07,Garrett Smithley,Chv,31,4142,81,32.083,168.313,22
4919,2,2020,07,Garrett Smithley,Chv,31,4142,82,32.235,167.520,22
4919,2,2020,07,Garrett Smithley,Chv,31,4142,83,32.333,167.012,22
4919,2,2020,07,Garrett Smithley,Chv,31,4142,84,32.105,168.198,22
4919,2,2020,07,Garrett Smithley,Chv,31,4142,85,32.243,167.478,22
4919,2,2020,07,Garrett Smithley,Chv,31,4142,86,32.31,167.131,22
4919,2,2020,07,Garrett Smithley,Chv,31,4142,87,32.502,166.144,22
4919,2,2020,07,Garrett Smithley,Chv,31,4142,88,32.284,167.266,22
4919,2,2020,07,Garrett Smithley,Chv,31,4142,89,32.45,166.410,22
4919,2,2020,07,Garrett Smithley,Chv,31,4142,90,44.705,120.792,22
4919,2,2020,07,Garrett Smithley,Chv,31,4142,91,80.579,67.015,22
4919,2,2020,07,Garrett Smithley,Chv,31,4142,92,92.557,58.342,22
4919,2,2020,07,Garrett Smithley,Chv,31,4142,93,97.209,55.550,22
4919,2,2020,07,Garrett Smithley,Chv,31,4142,94,108.076,49.965,25
4919,2,2020,07,Garrett Smithley,Chv,31,4142,95,95.344,56.637,25
4919,2,2020,07,Garrett Smithley,Chv,31,4142,96,92.046,58.666,24
4919,2,2020,07,Garrett Smithley,Chv,31,4142,97,87.854,61.466,23
4919,2,2020,07,Garrett Smithley,Chv,31,4142,98,34.522,156.422,27
4919,2,2020,07,Garrett Smithley,Chv,31,4142,99,31.792,169.854,26
4919,2,2020,07,Garrett Smithley,Chv,31,4142,100,31.521,171.314,25
4919,2,2020,07,Garrett Smithley,Chv,31,4142,101,31.523,171.303,25
4919,2,2020,07,Garrett Smithley,Chv,31,4142,102,31.605,170.859,25
4919,2,2020,07,Garrett Smithley,Chv,31,4142,103,31.798,169.822,25
4919,2,2020,07,Garrett Smithley,Chv,31,4142,104,31.854,169.523,25
4919,2,2020,07,Garrett Smithley,Chv,31,4142,105,31.661,170.557,25
4919,2,2020,07,Garrett Smithley,Chv,31,4142,106,31.986,168.824,25
4919,2,2020,07,Garrett Smithley,Chv,31,4142,107,31.879,169.391,26
4919,2,2020,07,Garrett Smithley,Chv,31,4142,108,31.719,170.245,26
4919,2,2020,07,Garrett Smithley,Chv,31,4142,109,31.601,170.881,26
4919,2,2020,07,Garrett Smithley,Chv,31,4142,110,31.813,169.742,26
4919,2,2020,07,Garrett Smithley,Chv,31,4142,111,32.392,166.708,25
4919,2,2020,07,Garrett Smithley,Chv,31,4142,112,31.662,170.551,25
4919,2,2020,07,Garrett Smithley,Chv,31,4142,113,31.594,170.919,25
4919,2,2020,07,Garrett Smithley,Chv,31,4142,114,31.63,170.724,25
4919,2,2020,07,Garrett Smithley,Chv,31,4142,115,31.683,170.438,25
4919,2,2020,07,Garrett Smithley,Chv,31,4142,116,31.718,170.250,25
4919,2,2020,07,Garrett Smithley,Chv,31,4142,117,31.65,170.616,25
4919,2,2020,07,Garrett Smithley,Chv,31,4142,118,31.648,170.627,25
4919,2,2020,07,Garrett Smithley,Chv,31,4142,119,31.876,169.406,25
4919,2,2020,07,Garrett Smithley,Chv,31,4142,120,31.972,168.898,25
4919,2,2020,07,Garrett Smithley,Chv,31,4142,121,32.12,168.120,25
4919,2,2020,07,Garrett Smithley,Chv,31,4142,122,32.156,167.931,25
4919,2,2020,07,Garrett Smithley,Chv,31,4142,123,32.285,167.260,25
4919,2,2020,07,Garrett Smithley,Chv,31,4142,124,31.891,169.327,25
4919,2,2020,07,Garrett Smithley,Chv,31,4142,125,31.841,169.593,25
4919,2,2020,07,Garrett Smithley,Chv,31,4142,126,32.11,168.172,25
4919,2,2020,07,Garrett Smithley,Chv,31,4142,127,32.128,168.078,25
4919,2,2020,07,Garrett Smithley,Chv,31,4142,128,32.076,168.350,25
4919,2,2020,07,Garrett Smithley,Chv,31,4142,129,32.073,168.366,25
4919,2,2020,07,Garrett Smithley,Chv,31,4142,130,32.168,167.869,25
4919,2,2020,07,Garrett Smithley,Chv,31,4142,131,32.208,167.660,25
4919,2,2020,07,Garrett Smithley,Chv,31,4142,132,32.428,166.523,25
4919,2,2020,07,Garrett Smithley,Chv,31,4142,133,32.388,166.728,25
4919,2,2020,07,Garrett Smithley,Chv,31,4142,134,32.949,163.890,25
4919,2,2020,07,Garrett Smithley,Chv,31,4142,135,32.409,166.620,25
4919,2,2020,07,Garrett Smithley,Chv,31,4142,136,32.787,164.699,25
4919,2,2020,07,Garrett Smithley,Chv,31,4142,137,33.384,161.754,25
4919,2,2020,07,Garrett Smithley,Chv,31,4142,138,32.339,166.981,25
4919,2,2020,07,Garrett Smithley,Chv,31,4142,139,32.551,165.894,25
4919,2,2020,07,Garrett Smithley,Chv,31,4142,140,32.476,166.277,25
4919,2,2020,07,Garrett Smithley,Chv,31,4142,141,32.455,166.384,25
4919,2,2020,07,Garrett Smithley,Chv,31,4142,142,32.48,166.256,25
4919,2,2020,07,Garrett Smithley,Chv,31,4142,143,32.529,166.006,25
4919,2,2020,07,Garrett Smithley,Chv,31,4142,144,32.661,165.335,24
4919,2,2020,07,Garrett Smithley,Chv,31,4142,145,32.515,166.077,24
4919,2,2020,07,Garrett Smithley,Chv,31,4142,146,32.841,164.429,24
4919,2,2020,07,Garrett Smithley,Chv,31,4142,147,32.584,165.726,22
4919,2,2020,07,Garrett Smithley,Chv,31,4142,148,32.642,165.431,20
4919,2,2020,07,Garrett Smithley,Chv,31,4142,149,33.065,163.315,19
4919,2,2020,07,Garrett Smithley,Chv,31,4142,150,32.708,165.097,19
4919,2,2020,07,Garrett Smithley,Chv,31,4142,151,32.605,165.619,18
4919,2,2020,07,Garrett Smithley,Chv,31,4142,152,32.845,164.409,18
4919,2,2020,07,Garrett Smithley,Chv,31,4142,153,41.989,128.605,18
4919,2,2020,07,Garrett Smithley,Chv,31,4142,154,84.94,63.574,18
4919,2,2020,07,Garrett Smithley,Chv,31,4142,155,96.14,56.168,17
4919,2,2020,07,Garrett Smithley,Chv,31,4142,156,94.157,57.351,17
4919,2,2020,07,Garrett Smithley,Chv,31,4142,157,98.79,54.661,17
4919,2,2020,07,Garrett Smithley,Chv,31,4142,158,105.222,51.320,18
4919,2,2020,07,Garrett Smithley,Chv,31,4142,159,100.122,53.934,18
4919,2,2020,07,Garrett Smithley,Chv,31,4142,160,98.128,55.030,18
4919,2,2020,07,Garrett Smithley,Chv,31,4142,161,33.618,160.628,17
4919,2,2020,07,Garrett Smithley,Chv,31,4142,162,31.885,169.359,17
4919,2,2020,07,Garrett Smithley,Chv,31,4142,163,31.334,172.337,17
4919,2,2020,07,Garrett Smithley,Chv,31,4142,164,31.112,173.566,17
4919,2,2020,07,Garrett Smithley,Chv,31,4142,165,31.304,172.502,17
4919,2,2020,07,Garrett Smithley,Chv,31,4142,166,31.445,171.728,17
4919,2,2020,07,Garrett Smithley,Chv,31,4142,167,31.293,172.563,17
4919,2,2020,07,Garrett Smithley,Chv,31,4142,168,31.292,172.568,17
4919,2,2020,07,Garrett Smithley,Chv,31,4142,169,35.63,151.558,17
4919,2,2020,07,Garrett Smithley,Chv,31,4142,170,73.898,73.074,17
4919,2,2020,07,Garrett Smithley,Chv,31,4142,171,95.968,56.269,17
4919,2,2020,07,Garrett Smithley,Chv,31,4142,172,97.62,55.317,17
4919,2,2020,07,Garrett Smithley,Chv,31,4142,173,91.374,59.098,17
4919,2,2020,07,Garrett Smithley,Chv,31,4142,174,41.664,129.608,17
4919,2,2020,07,Garrett Smithley,Chv,31,4142,175,89.696,60.203,17
4919,2,2020,07,Garrett Smithley,Chv,31,4142,176,96.28,56.086,17
4919,2,2020,07,Garrett Smithley,Chv,31,4142,177,145.845,37.026,20
4919,2,2020,07,Garrett Smithley,Chv,31,4142,178,59.291,91.076,20
4919,2,2020,07,Garrett Smithley,Chv,31,4142,179,95.023,56.828,20
4919,2,2020,07,Garrett Smithley,Chv,31,4142,180,100.39,53.790,20
4919,2,2020,07,Garrett Smithley,Chv,31,4142,181,92.291,58.511,20
4919,2,2020,07,Garrett Smithley,Chv,31,4142,182,44.275,121.965,20
4919,2,2020,07,Garrett Smithley,Chv,31,4142,183,79.726,67.732,20
4919,2,2020,07,Garrett Smithley,Chv,31,4142,184,97.899,55.159,19
4919,2,2020,07,Garrett Smithley,Chv,31,4142,185,91.402,59.080,19
4919,2,2020,07,Garrett Smithley,Chv,31,4142,186,88.413,61.077,20
4919,2,2020,07,Garrett Smithley,Chv,31,4142,187,70.469,76.629,26
4919,2,2020,07,Garrett Smithley,Chv,31,4142,188,202.015,26.731,30
4919,2,2020,07,Garrett Smithley,Chv,31,4142,189,102.083,52.898,30
4919,2,2020,07,Garrett Smithley,Chv,31,4142,190,101.16,53.381,29
4919,2,2020,07,Garrett Smithley,Chv,31,4142,191,87.226,61.908,30
4919,2,2020,07,Garrett Smithley,Chv,31,4142,192,358.737,15.053,31
4919,2,2020,07,Garrett Smithley,Chv,31,4142,193,31.991,168.797,31
4919,2,2020,51,Jeremy Clements,Chv,32,595,0,,,27
4919,2,2020,51,Jeremy Clements,Chv,32,595,1,34.434,156.822,24
4919,2,2020,51,Jeremy Clements,Chv,32,595,2,31.769,169.977,22
4919,2,2020,51,Jeremy Clements,Chv,32,595,3,31.346,172.271,20
4919,2,2020,51,Jeremy Clements,Chv,32,595,4,35.385,152.607,19
4919,2,2020,51,Jeremy Clements,Chv,32,595,5,87.376,61.802,19
4919,2,2020,51,Jeremy Clements,Chv,32,595,6,94.904,56.900,19
4919,2,2020,51,Jeremy Clements,Chv,32,595,7,88.606,60.944,19
4919,2,2020,51,Jeremy Clements,Chv,32,595,8,33.685,160.309,18
4919,2,2020,51,Jeremy Clements,Chv,32,595,9,31.954,168.993,18
4919,2,2020,51,Jeremy Clements,Chv,32,595,10,31.892,169.321,18
4919,2,2020,51,Jeremy Clements,Chv,32,595,11,31.589,170.946,17
4919,2,2020,51,Jeremy Clements,Chv,32,595,12,31.49,171.483,17
4919,2,2020,51,Jeremy Clements,Chv,32,595,13,31.559,171.108,17
4919,2,2020,51,Jeremy Clements,Chv,32,595,14,31.616,170.800,17
4919,2,2020,51,Jeremy Clements,Chv,32,595,15,31.77,169.972,17
4919,2,2020,51,Jeremy Clements,Chv,32,595,16,31.814,169.737,17
4919,2,2020,51,Jeremy Clements,Chv,32,595,17,31.82,169.705,17
4919,2,2020,51,Jeremy Clements,Chv,32,595,18,31.583,170.978,16
4919,2,2020,51,Jeremy Clements,Chv,32,595,19,31.622,170.767,16
4919,2,2020,51,Jeremy Clements,Chv,32,595,20,31.552,171.146,16
4919,2,2020,51,Jeremy Clements,Chv,32,595,21,36.67,147.259,16
4919,2,2020,51,Jeremy Clements,Chv,32,595,22,79.352,68.051,13
4919,2,2020,51,Jeremy Clements,Chv,32,595,23,96.414,56.008,12
4919,2,2020,51,Jeremy Clements,Chv,32,595,24,95.621,56.473,12
4919,2,2020,51,Jeremy Clements,Chv,32,595,25,91.726,58.871,11
4919,2,2020,51,Jeremy Clements,Chv,32,595,26,33.504,161.175,11
4919,2,2020,51,Jeremy Clements,Chv,32,595,27,31.577,171.011,12
4919,2,2020,51,Jeremy Clements,Chv,32,595,28,34.192,157.932,14
4919,2,2020,51,Jeremy Clements,Chv,32,595,29,86.292,62.578,14
4919,2,2020,51,Jeremy Clements,Chv,32,595,30,104.758,51.547,13
4919,2,2020,51,Jeremy Clements,Chv,32,595,31,104.155,51.846,13
4919,2,2020,51,Jeremy Clements,Chv,32,595,32,98.639,54.745,14
4919,2,2020,51,Jeremy Clements,Chv,32,595,33,33.85,159.527,14
4919,2,2020,51,Jeremy Clements,Chv,32,595,34,31.967,168.924,16
4919,2,2020,51,Jeremy Clements,Chv,32,595,35,31.8,169.811,15
4919,2,2020,51,Jeremy Clements,Chv,32,595,36,31.757,170.041,15
4919,2,2020,51,Jeremy Clements,Chv,32,595,37,31.637,170.686,15
4919,2,2020,51,Jeremy Clements,Chv,32,595,38,31.948,169.025,17
4919,2,2020,51,Jeremy Clements,Chv,32,595,39,31.86,169.492,17
4919,2,2020,51,Jeremy Clements,Chv,32,595,40,32.007,168.713,17
4919,2,2020,51,Jeremy Clements,Chv,32,595,41,31.867,169.454,17
4919,2,2020,51,Jeremy Clements,Chv,32,595,42,31.936,169.088,17
4919,2,2020,51,Jeremy Clements,Chv,32,595,43,31.939,169.072,18
4919,2,2020,51,Jeremy Clements,Chv,32,595,44,32.099,168.230,18
4919,2,2020,51,Jeremy Clements,Chv,32,595,45,32.074,168.361,18
4919,2,2020,51,Jeremy Clements,Chv,32,595,46,47.417,113.883,18
4919,2,2020,51,Jeremy Clements,Chv,32,595,47,70.523,76.571,18
4919,2,2020,51,Jeremy Clements,Chv,32,595,48,95.496,56.547,11
4919,2,2020,51,Jeremy Clements,Chv,32,595,49,103.016,52.419,23
4919,2,2020,51,Jeremy Clements,Chv,32,595,50,95.274,56.679,23
4919,2,2020,51,Jeremy Clements,Chv,32,595,51,93.464,57.776,21
4919,2,2020,51,Jeremy Clements,Chv,32,595,52,86.96,62.098,21
4919,2,2020,51,Jeremy Clements,Chv,32,595,53,33.895,159.316,23
4919,2,2020,51,Jeremy Clements,Chv,32,595,54,31.662,170.551,22
4919,2,2020,51,Jeremy Clements,Chv,32,595,55,31.445,171.728,21
4919,2,2020,51,Jeremy Clements,Chv,32,595,56,31.422,171.854,19
4919,2,2020,51,Jeremy Clements,Chv,32,595,57,31.501,171.423,18
4919,2,2020,51,Jeremy Clements,Chv,32,595,58,31.156,173.321,16
4919,2,2020,51,Jeremy Clements,Chv,32,595,59,31.372,172.128,15
4919,2,2020,51,Jeremy Clements,Chv,32,595,60,31.278,172.645,15
4919,2,2020,51,Jeremy Clements,Chv,32,595,61,31.169,173.249,15
4919,2,2020,51,Jeremy Clements,Chv,32,595,62,31.099,173.639,15
4919,2,2020,51,Jeremy Clements,Chv,32,595,63,31.168,173.255,15
4919,2,2020,51,Jeremy Clements,Chv,32,595,64,31.248,172.811,15
4919,2,2020,51,Jeremy Clements,Chv,32,595,65,31.238,172.866,15
4919,2,2020,51,Jeremy Clements,Chv,32,595,66,31.32,172.414,15
4919,2,2020,51,Jeremy Clements,Chv,32,595,67,31.18,173.188,15
4919,2,2020,51,Jeremy Clements,Chv,32,595,68,31.299,172.529,15
4919,2,2020,51,Jeremy Clements,Chv,32,595,69,31.315,172.441,15
4919,2,2020,51,Jeremy Clements,Chv,32,595,70,31.264,172.723,15
4919,2,2020,51,Jeremy Clements,Chv,32,595,71,31.394,172.007,15
4919,2,2020,51,Jeremy Clements,Chv,32,595,72,31.392,172.018,15
4919,2,2020,51,Jeremy Clements,Chv,32,595,73,31.399,171.980,15
4919,2,2020,51,Jeremy Clements,Chv,32,595,74,31.421,171.860,15
4919,2,2020,51,Jeremy Clements,Chv,32,595,75,31.509,171.380,15
4919,2,2020,51,Jeremy Clements,Chv,32,595,76,31.442,171.745,15
4919,2,2020,51,Jeremy Clements,Chv,32,595,77,31.45,171.701,15
4919,2,2020,51,Jeremy Clements,Chv,32,595,78,31.472,171.581,15
4919,2,2020,51,Jeremy Clements,Chv,32,595,79,31.528,171.276,15
4919,2,2020,51,Jeremy Clements,Chv,32,595,80,31.561,171.097,15
4919,2,2020,51,Jeremy Clements,Chv,32,595,81,31.759,170.031,15
4919,2,2020,51,Jeremy Clements,Chv,32,595,82,31.648,170.627,15
4919,2,2020,51,Jeremy Clements,Chv,32,595,83,31.622,170.767,15
4919,2,2020,51,Jeremy Clements,Chv,32,595,84,31.646,170.638,15
4919,2,2020,51,Jeremy Clements,Chv,32,595,85,31.633,170.708,15
4919,2,2020,51,Jeremy Clements,Chv,32,595,86,31.75,170.079,15
4919,2,2020,51,Jeremy Clements,Chv,32,595,87,31.746,170.100,15
4919,2,2020,51,Jeremy Clements,Chv,32,595,88,31.768,169.982,15
4919,2,2020,51,Jeremy Clements,Chv,32,595,89,31.877,169.401,15
4919,2,2020,51,Jeremy Clements,Chv,32,595,90,32.146,167.984,15
4919,2,2020,51,Jeremy Clements,Chv,32,595,91,45.193,119.488,15
4919,2,2020,51,Jeremy Clements,Chv,32,595,92,77.673,69.522,15
4919,2,2020,51,Jeremy Clements,Chv,32,595,93,91.208,59.205,9
4919,2,2020,51,Jeremy Clements,Chv,32,595,94,100.03,53.984,15
4919,2,2020,51,Jeremy Clements,Chv,32,595,95,90.778,59.486,15
4919,2,2020,51,Jeremy Clements,Chv,32,595,96,96.095,56.194,15
4919,2,2020,51,Jeremy Clements,Chv,32,595,97,93.741,57.606,14
4919,2,2020,51,Jeremy Clements,Chv,32,595,98,91.339,59.120,13
4919,2,2020,51,Jeremy Clements,Chv,32,595,99,33.027,163.503,13
4919,2,2020,51,Jeremy Clements,Chv,32,595,100,31.204,173.055,13
4919,2,2020,51,Jeremy Clements,Chv,32,595,101,31.016,174.104,13
4919,2,2020,51,Jeremy Clements,Chv,32,595,102,31.056,173.879,14
4919,2,2020,51,Jeremy Clements,Chv,32,595,103,31.116,173.544,14
4919,2,2020,51,Jeremy Clements,Chv,32,595,104,31.044,173.947,14
4919,2,2020,51,Jeremy Clements,Chv,32,595,105,31.223,172.949,15
4919,2,2020,51,Jeremy Clements,Chv,32,595,106,31.17,173.244,15
4919,2,2020,51,Jeremy Clements,Chv,32,595,107,31.097,173.650,15
4919,2,2020,51,Jeremy Clements,Chv,32,595,108,31.207,173.038,15
4919,2,2020,51,Jeremy Clements,Chv,32,595,109,31.215,172.994,15
4919,2,2020,51,Jeremy Clements,Chv,32,595,110,31.216,172.988,15
4919,2,2020,51,Jeremy Clements,Chv,32,595,111,31.385,172.057,15
4919,2,2020,51,Jeremy Clements,Chv,32,595,112,31.592,170.929,16
4919,2,2020,51,Jeremy Clements,Chv,32,595,113,31.376,172.106,16
4919,2,2020,51,Jeremy Clements,Chv,32,595,114,31.472,171.581,16
4919,2,2020,51,Jeremy Clements,Chv,32,595,115,31.415,171.892,16
4919,2,2020,51,Jeremy Clements,Chv,32,595,116,31.43,171.810,16
4919,2,2020,51,Jeremy Clements,Chv,32,595,117,31.389,172.035,16
4919,2,2020,51,Jeremy Clements,Chv,32,595,118,31.382,172.073,16
4919,2,2020,51,Jeremy Clements,Chv,32,595,119,31.586,170.962,16
4919,2,2020,51,Jeremy Clements,Chv,32,595,120,31.479,171.543,16
4919,2,2020,51,Jeremy Clements,Chv,32,595,121,31.592,170.929,16
4919,2,2020,51,Jeremy Clements,Chv,32,595,122,31.595,170.913,16
4919,2,2020,51,Jeremy Clements,Chv,32,595,123,31.624,170.756,16
4919,2,2020,51,Jeremy Clements,Chv,32,595,124,31.594,170.919,16
4919,2,2020,51,Jeremy Clements,Chv,32,595,125,31.733,170.170,16
4919,2,2020,51,Jeremy Clements,Chv,32,595,126,31.635,170.697,16
4919,2,2020,51,Jeremy Clements,Chv,32,595,127,31.645,170.643,16
4919,2,2020,51,Jeremy Clements,Chv,32,595,128,31.959,168.966,16
4919,2,2020,51,Jeremy Clements,Chv,32,595,129,31.73,170.186,16
4919,2,2020,51,Jeremy Clements,Chv,32,595,130,31.782,169.907,16
4919,2,2020,51,Jeremy Clements,Chv,32,595,131,31.814,169.737,16
4919,2,2020,51,Jeremy Clements,Chv,32,595,132,31.975,168.882,16
4919,2,2020,51,Jeremy Clements,Chv,32,595,133,32.045,168.513,16
4919,2,2020,51,Jeremy Clements,Chv,32,595,134,31.924,169.152,16
4919,2,2020,51,Jeremy Clements,Chv,32,595,135,31.975,168.882,16
4919,2,2020,51,Jeremy Clements,Chv,32,595,136,32.046,168.508,16
4919,2,2020,51,Jeremy Clements,Chv,32,595,137,32.325,167.053,17
4919,2,2020,51,Jeremy Clements,Chv,32,595,138,32.237,167.509,17
4919,2,2020,51,Jeremy Clements,Chv,32,595,139,32.42,166.564,17
4919,2,2020,51,Jeremy Clements,Chv,32,595,140,32.338,166.986,17
4919,2,2020,51,Jeremy Clements,Chv,32,595,141,32.391,166.713,17
4919,2,2020,51,Jeremy Clements,Chv,32,595,142,32.315,167.105,17
4919,2,2020,51,Jeremy Clements,Chv,32,595,143,32.328,167.038,17
4919,2,2020,51,Jeremy Clements,Chv,32,595,144,32.391,166.713,15
4919,2,2020,51,Jeremy Clements,Chv,32,595,145,32.457,166.374,15
4919,2,2020,51,Jeremy Clements,Chv,32,595,146,32.469,166.312,13
4919,2,2020,51,Jeremy Clements,Chv,32,595,147,44.603,121.068,10
4919,2,2020,51,Jeremy Clements,Chv,32,595,148,66.816,80.819,16
4919,2,2020,51,Jeremy Clements,Chv,32,595,149,30.923,174.627,16
4919,2,2020,51,Jeremy Clements,Chv,32,595,150,30.591,176.523,16
4919,2,2020,51,Jeremy Clements,Chv,32,595,151,30.595,176.499,16
4919,2,2020,51,Jeremy Clements,Chv,32,595,152,30.689,175.959,16
4919,2,2020,51,Jeremy Clements,Chv,32,595,153,38.045,141.937,16
4919,2,2020,51,Jeremy Clements,Chv,32,595,154,50.33,107.292,15
4919,2,2020,51,Jeremy Clements,Chv,32,595,155,63.988,84.391,15
4919,2,2020,51,Jeremy Clements,Chv,32,595,156,96.635,55.880,15
4919,2,2020,51,Jeremy Clements,Chv,32,595,157,91.356,59.109,14
4919,2,2020,51,Jeremy Clements,Chv,32,595,158,97.605,55.325,15
4919,2,2020,51,Jeremy Clements,Chv,32,595,159,98.548,54.796,16
4919,2,2020,51,Jeremy Clements,Chv,32,595,160,96.449,55.988,14
4919,2,2020,51,Jeremy Clements,Chv,32,595,161,101.486,53.209,14
4919,2,2020,51,Jeremy Clements,Chv,32,595,162,32.885,164.209,14
4919,2,2020,51,Jeremy Clements,Chv,32,595,163,31.216,172.988,14
4919,2,2020,51,Jeremy Clements,Chv,32,595,164,31.241,172.850,14
4919,2,2020,51,Jeremy Clements,Chv,32,595,165,31.184,173.166,14
4919,2,2020,51,Jeremy Clements,Chv,32,595,166,31.013,174.121,14
4919,2,2020,51,Jeremy Clements,Chv,32,595,167,31.266,172.712,14
4919,2,2020,51,Jeremy Clements,Chv,32,595,168,31.393,172.013,14
4919,2,2020,51,Jeremy Clements,Chv,32,595,169,31.563,171.086,14
4919,2,2020,51,Jeremy Clements,Chv,32,595,170,34.49,156.567,14
4919,2,2020,51,Jeremy Clements,Chv,32,595,171,75.411,71.608,14
4919,2,2020,51,Jeremy Clements,Chv,32,595,172,50.769,106.364,13
4919,2,2020,51,Jeremy Clements,Chv,32,595,173,60.183,89.726,13
4919,2,2020,51,Jeremy Clements,Chv,32,595,174,95.093,56.787,14
4919,2,2020,51,Jeremy Clements,Chv,32,595,175,82.562,65.405,14
4919,2,2020,51,Jeremy Clements,Chv,32,595,176,91.731,58.868,14
4919,2,2020,61,Austin Hill(i),Tyt,33,4133,0,,,26
4919,2,2020,61,Austin Hill(i),Tyt,33,4133,1,34.297,157.448,22
4919,2,2020,61,Austin Hill(i),Tyt,33,4133,2,32.428,166.523,25
4919,2,2020,61,Austin Hill(i),Tyt,33,4133,3,32.576,165.766,25
4919,2,2020,61,Austin Hill(i),Tyt,33,4133,4,37.745,143.065,25
4919,2,2020,61,Austin Hill(i),Tyt,33,4133,5,86.728,62.264,24
4919,2,2020,61,Austin Hill(i),Tyt,33,4133,6,95.314,56.655,24
4919,2,2020,61,Austin Hill(i),Tyt,33,4133,7,85.225,63.362,23
4919,2,2020,61,Austin Hill(i),Tyt,33,4133,8,33.705,160.214,22
4919,2,2020,61,Austin Hill(i),Tyt,33,4133,9,31.97,168.908,21
4919,2,2020,61,Austin Hill(i),Tyt,33,4133,10,31.825,169.678,20
4919,2,2020,61,Austin Hill(i),Tyt,33,4133,11,31.859,169.497,19
4919,2,2020,61,Austin Hill(i),Tyt,33,4133,12,32.006,168.718,19
4919,2,2020,61,Austin Hill(i),Tyt,33,4133,13,32.091,168.271,20
4919,2,2020,61,Austin Hill(i),Tyt,33,4133,14,31.784,169.897,19
4919,2,2020,61,Austin Hill(i),Tyt,33,4133,15,31.599,170.891,19
4919,2,2020,61,Austin Hill(i),Tyt,33,4133,16,31.723,170.223,19
4919,2,2020,61,Austin Hill(i),Tyt,33,4133,17,31.79,169.865,19
4919,2,2020,61,Austin Hill(i),Tyt,33,4133,18,31.946,169.035,19
4919,2,2020,61,Austin Hill(i),Tyt,33,4133,19,31.985,168.829,19
4919,2,2020,61,Austin Hill(i),Tyt,33,4133,20,32.011,168.692,20
4919,2,2020,61,Austin Hill(i),Tyt,33,4133,21,38.05,141.919,19
4919,2,2020,61,Austin Hill(i),Tyt,33,4133,22,79.739,67.721,20
4919,2,2020,61,Austin Hill(i),Tyt,33,4133,23,97.888,55.165,20
4919,2,2020,61,Austin Hill(i),Tyt,33,4133,24,94.011,57.440,20
4919,2,2020,61,Austin Hill(i),Tyt,33,4133,25,88.135,61.270,19
4919,2,2020,61,Austin Hill(i),Tyt,33,4133,26,33.72,160.142,16
4919,2,2020,61,Austin Hill(i),Tyt,33,4133,27,31.716,170.261,15
4919,2,2020,61,Austin Hill(i),Tyt,33,4133,28,33.513,161.132,15
4919,2,2020,61,Austin Hill(i),Tyt,33,4133,29,86.429,62.479,15
4919,2,2020,61,Austin Hill(i),Tyt,33,4133,30,104.748,51.552,15
4919,2,2020,61,Austin Hill(i),Tyt,33,4133,31,103.825,52.011,14
4919,2,2020,61,Austin Hill(i),Tyt,33,4133,32,98.34,54.912,13
4919,2,2020,61,Austin Hill(i),Tyt,33,4133,33,33.837,159.589,13
4919,2,2020,61,Austin Hill(i),Tyt,33,4133,34,31.569,171.054,13
4919,2,2020,61,Austin Hill(i),Tyt,33,4133,35,31.623,170.762,13
4919,2,2020,61,Austin Hill(i),Tyt,33,4133,36,31.591,170.935,13
4919,2,2020,61,Austin Hill(i),Tyt,33,4133,37,31.754,170.057,13
4919,2,2020,61,Austin Hill(i),Tyt,33,4133,38,32.15,167.963,15
4919,2,2020,61,Austin Hill(i),Tyt,33,4133,39,32.2,167.702,16
4919,2,2020,61,Austin Hill(i),Tyt,33,4133,40,31.91,169.226,16
4919,2,2020,61,Austin Hill(i),Tyt,33,4133,41,31.84,169.598,16
4919,2,2020,61,Austin Hill(i),Tyt,33,4133,42,31.784,169.897,16
4919,2,2020,61,Austin Hill(i),Tyt,33,4133,43,31.911,169.221,16
4919,2,2020,61,Austin Hill(i),Tyt,33,4133,44,31.818,169.715,16
4919,2,2020,61,Austin Hill(i),Tyt,33,4133,45,31.984,168.834,16
4919,2,2020,61,Austin Hill(i),Tyt,33,4133,46,46.908,115.119,16
4919,2,2020,61,Austin Hill(i),Tyt,33,4133,47,70.938,76.123,16
4919,2,2020,61,Austin Hill(i),Tyt,33,4133,48,95.651,56.455,9
4919,2,2020,61,Austin Hill(i),Tyt,33,4133,49,97.626,55.313,15
4919,2,2020,61,Austin Hill(i),Tyt,33,4133,50,96.767,55.804,15
4919,2,2020,61,Austin Hill(i),Tyt,33,4133,51,94.495,57.146,15
4919,2,2020,61,Austin Hill(i),Tyt,33,4133,52,90.132,59.912,15
4919,2,2020,61,Austin Hill(i),Tyt,33,4133,53,33.775,159.882,16
4919,2,2020,61,Austin Hill(i),Tyt,33,4133,54,31.552,171.146,16
4919,2,2020,61,Austin Hill(i),Tyt,33,4133,55,31.53,171.265,15
4919,2,2020,61,Austin Hill(i),Tyt,33,4133,56,31.751,170.073,17
4919,2,2020,61,Austin Hill(i),Tyt,33,4133,57,32.228,167.556,19
4919,2,2020,61,Austin Hill(i),Tyt,33,4133,58,31.725,170.213,19
4919,2,2020,61,Austin Hill(i),Tyt,33,4133,59,31.567,171.065,19
4919,2,2020,61,Austin Hill(i),Tyt,33,4133,60,31.659,170.568,19
4919,2,2020,61,Austin Hill(i),Tyt,33,4133,61,31.807,169.774,20
4919,2,2020,61,Austin Hill(i),Tyt,33,4133,62,31.817,169.721,20
4919,2,2020,61,Austin Hill(i),Tyt,33,4133,63,31.855,169.518,20
4919,2,2020,61,Austin Hill(i),Tyt,33,4133,64,31.962,168.951,20
4919,2,2020,61,Austin Hill(i),Tyt,33,4133,65,31.865,169.465,20
4919,2,2020,61,Austin Hill(i),Tyt,33,4133,66,31.835,169.625,20
4919,2,2020,61,Austin Hill(i),Tyt,33,4133,67,31.839,169.603,20
4919,2,2020,61,Austin Hill(i),Tyt,33,4133,68,31.82,169.705,20
4919,2,2020,61,Austin Hill(i),Tyt,33,4133,69,32.37,166.821,21
4919,2,2020,61,Austin Hill(i),Tyt,33,4133,70,32.362,166.862,21
4919,2,2020,61,Austin Hill(i),Tyt,33,4133,71,32.123,168.104,21
4919,2,2020,61,Austin Hill(i),Tyt,33,4133,72,32.029,168.597,21
4919,2,2020,61,Austin Hill(i),Tyt,33,4133,73,31.913,169.210,21
4919,2,2020,61,Austin Hill(i),Tyt,33,4133,74,32.025,168.618,21
4919,2,2020,61,Austin Hill(i),Tyt,33,4133,75,32.09,168.277,21
4919,2,2020,61,Austin Hill(i),Tyt,33,4133,76,32.145,167.989,21
4919,2,2020,61,Austin Hill(i),Tyt,33,4133,77,32.167,167.874,21
4919,2,2020,61,Austin Hill(i),Tyt,33,4133,78,32.236,167.515,21
4919,2,2020,61,Austin Hill(i),Tyt,33,4133,79,32.121,168.114,21
4919,2,2020,61,Austin Hill(i),Tyt,33,4133,80,32.114,168.151,21
4919,2,2020,61,Austin Hill(i),Tyt,33,4133,81,31.945,169.041,21
4919,2,2020,61,Austin Hill(i),Tyt,33,4133,82,32.205,167.676,21
4919,2,2020,61,Austin Hill(i),Tyt,33,4133,83,32.234,167.525,21
4919,2,2020,61,Austin Hill(i),Tyt,33,4133,84,32.217,167.613,21
4919,2,2020,61,Austin Hill(i),Tyt,33,4133,85,32.309,167.136,21
4919,2,2020,61,Austin Hill(i),Tyt,33,4133,86,32.36,166.873,21
4919,2,2020,61,Austin Hill(i),Tyt,33,4133,87,32.503,166.139,21
4919,2,2020,61,Austin Hill(i),Tyt,33,4133,88,32.336,166.997,21
4919,2,2020,61,Austin Hill(i),Tyt,33,4133,89,32.376,166.790,21
4919,2,2020,61,Austin Hill(i),Tyt,33,4133,90,44.497,121.356,21
4919,2,2020,61,Austin Hill(i),Tyt,33,4133,91,80.681,66.930,21
4919,2,2020,61,Austin Hill(i),Tyt,33,4133,92,92.344,58.477,21
4919,2,2020,61,Austin Hill(i),Tyt,33,4133,93,97.437,55.420,20
4919,2,2020,61,Austin Hill(i),Tyt,33,4133,94,103.971,51.938,19
4919,2,2020,61,Austin Hill(i),Tyt,33,4133,95,96.494,55.962,19
4919,2,2020,61,Austin Hill(i),Tyt,33,4133,96,96.484,55.968,26
4919,2,2020,61,Austin Hill(i),Tyt,33,4133,97,87.955,61.395,29
4919,2,2020,61,Austin Hill(i),Tyt,33,4133,98,33.516,161.117,28
4919,2,2020,61,Austin Hill(i),Tyt,33,4133,99,31.939,169.072,28
4919,2,2020,61,Austin Hill(i),Tyt,33,4133,100,31.771,169.966,28
4919,2,2020,61,Austin Hill(i),Tyt,33,4133,101,31.52,171.320,28
4919,2,2020,61,Austin Hill(i),Tyt,33,4133,102,31.541,171.206,26
4919,2,2020,61,Austin Hill(i),Tyt,33,4133,103,31.467,171.608,26
4919,2,2020,61,Austin Hill(i),Tyt,33,4133,104,31.932,169.109,26
4919,2,2020,61,Austin Hill(i),Tyt,33,4133,105,31.799,169.817,26
4919,2,2020,61,Austin Hill(i),Tyt,33,4133,106,31.671,170.503,26
4919,2,2020,61,Austin Hill(i),Tyt,33,4133,107,31.63,170.724,25
4919,2,2020,61,Austin Hill(i),Tyt,33,4133,108,31.642,170.659,25
4919,2,2020,61,Austin Hill(i),Tyt,33,4133,109,31.608,170.843,25
4919,2,2020,61,Austin Hill(i),Tyt,33,4133,110,31.892,169.321,25
4919,2,2020,61,Austin Hill(i),Tyt,33,4133,111,32.038,168.550,24
4919,2,2020,61,Austin Hill(i),Tyt,33,4133,112,31.665,170.535,24
4919,2,2020,61,Austin Hill(i),Tyt,33,4133,113,31.692,170.390,24
4919,2,2020,61,Austin Hill(i),Tyt,33,4133,114,31.807,169.774,24
4919,2,2020,61,Austin Hill(i),Tyt,33,4133,115,31.642,170.659,24
4919,2,2020,61,Austin Hill(i),Tyt,33,4133,116,31.667,170.525,24
4919,2,2020,61,Austin Hill(i),Tyt,33,4133,117,31.648,170.627,24
4919,2,2020,61,Austin Hill(i),Tyt,33,4133,118,31.706,170.315,24
4919,2,2020,61,Austin Hill(i),Tyt,33,4133,119,31.708,170.304,24
4919,2,2020,61,Austin Hill(i),Tyt,33,4133,120,31.654,170.595,24
4919,2,2020,61,Austin Hill(i),Tyt,33,4133,121,31.863,169.476,24
4919,2,2020,61,Austin Hill(i),Tyt,33,4133,122,31.909,169.231,24
4919,2,2020,61,Austin Hill(i),Tyt,33,4133,123,31.98,168.856,24
4919,2,2020,61,Austin Hill(i),Tyt,33,4133,124,32.02,168.645,24
4919,2,2020,61,Austin Hill(i),Tyt,33,4133,125,32.071,168.376,24
4919,2,2020,61,Austin Hill(i),Tyt,33,4133,126,32.126,168.088,24
4919,2,2020,61,Austin Hill(i),Tyt,33,4133,127,32.574,165.776,24
4919,2,2020,61,Austin Hill(i),Tyt,33,4133,128,32.25,167.442,24
4919,2,2020,61,Austin Hill(i),Tyt,33,4133,129,32.314,167.110,24
4919,2,2020,61,Austin Hill(i),Tyt,33,4133,130,32.131,168.062,24
4919,2,2020,61,Austin Hill(i),Tyt,33,4133,131,32.37,166.821,24
4919,2,2020,61,Austin Hill(i),Tyt,33,4133,132,32.413,166.600,24
4919,2,2020,61,Austin Hill(i),Tyt,33,4133,133,32.467,166.323,24
4919,2,2020,61,Austin Hill(i),Tyt,33,4133,134,32.809,164.589,24
4919,2,2020,61,Austin Hill(i),Tyt,33,4133,135,32.379,166.775,24
4919,2,2020,61,Austin Hill(i),Tyt,33,4133,136,32.855,164.359,24
4919,2,2020,61,Austin Hill(i),Tyt,33,4133,137,32.641,165.436,24
4919,2,2020,61,Austin Hill(i),Tyt,33,4133,138,32.96,163.835,24
4919,2,2020,61,Austin Hill(i),Tyt,33,4133,139,32.656,165.360,24
4919,2,2020,61,Austin Hill(i),Tyt,33,4133,140,32.479,166.261,24
4919,2,2020,61,Austin Hill(i),Tyt,33,4133,141,32.514,166.082,24
4919,2,2020,61,Austin Hill(i),Tyt,33,4133,142,32.443,166.446,24
4919,2,2020,61,Austin Hill(i),Tyt,33,4133,143,32.387,166.734,24
4919,2,2020,61,Austin Hill(i),Tyt,33,4133,144,32.494,166.185,23
4919,2,2020,61,Austin Hill(i),Tyt,33,4133,145,32.476,166.277,23
4919,2,2020,61,Austin Hill(i),Tyt,33,4133,146,33.181,162.744,23
4919,2,2020,61,Austin Hill(i),Tyt,33,4133,147,32.624,165.522,21
4919,2,2020,61,Austin Hill(i),Tyt,33,4133,148,32.547,165.914,19
4919,2,2020,61,Austin Hill(i),Tyt,33,4133,149,44.774,120.606,20
4919,2,2020,61,Austin Hill(i),Tyt,33,4133,150,65.572,82.352,22
4919,2,2020,61,Austin Hill(i),Tyt,33,4133,151,32.176,167.827,22
4919,2,2020,61,Austin Hill(i),Tyt,33,4133,152,46.866,115.222,21
4919,2,2020,61,Austin Hill(i),Tyt,33,4133,153,72.784,74.192,21
4919,2,2020,61,Austin Hill(i),Tyt,33,4133,154,96.329,56.058,21
4919,2,2020,61,Austin Hill(i),Tyt,33,4133,155,93.119,57.990,21
4919,2,2020,61,Austin Hill(i),Tyt,33,4133,156,95.728,56.410,21
4919,2,2020,61,Austin Hill(i),Tyt,33,4133,157,91.249,59.179,21
4919,2,2020,61,Austin Hill(i),Tyt,33,4133,158,41.035,131.595,21
4919,2,2020,61,Austin Hill(i),Tyt,33,4133,159,74.965,72.034,21
4919,2,2020,61,Austin Hill(i),Tyt,33,4133,160,97.183,55.565,19
4919,2,2020,61,Austin Hill(i),Tyt,33,4133,161,33.416,161.599,19
4919,2,2020,61,Austin Hill(i),Tyt,33,4133,162,31.878,169.396,19
4919,2,2020,61,Austin Hill(i),Tyt,33,4133,163,31.568,171.059,19
4919,2,2020,61,Austin Hill(i),Tyt,33,4133,164,31.841,169.593,20
4919,2,2020,61,Austin Hill(i),Tyt,33,4133,165,31.873,169.422,19
4919,2,2020,61,Austin Hill(i),Tyt,33,4133,166,32.167,167.874,20
4919,2,2020,61,Austin Hill(i),Tyt,33,4133,167,31.835,169.625,20
4919,2,2020,61,Austin Hill(i),Tyt,33,4133,168,31.902,169.268,19
4919,2,2020,61,Austin Hill(i),Tyt,33,4133,169,34.862,154.896,19
4919,2,2020,61,Austin Hill(i),Tyt,33,4133,170,71.664,75.352,19
4919,2,2020,61,Austin Hill(i),Tyt,33,4133,171,98.187,54.997,21
4919,2,2020,61,Austin Hill(i),Tyt,33,4133,172,100.433,53.767,22
4919,2,2020,61,Austin Hill(i),Tyt,33,4133,173,86.772,62.232,22
4919,2,2020,66,Timmy Hill(i),Tyt,34,3984,0,,,25
4919,2,2020,66,Timmy Hill(i),Tyt,34,3984,1,34.487,156.581,23
4919,2,2020,66,Timmy Hill(i),Tyt,34,3984,2,31.849,169.550,21
4919,2,2020,66,Timmy Hill(i),Tyt,34,3984,3,31.616,170.800,21
4919,2,2020,66,Timmy Hill(i),Tyt,34,3984,4,36.281,148.838,21
4919,2,2020,66,Timmy Hill(i),Tyt,34,3984,5,107.737,50.122,35
4919,2,2020,66,Timmy Hill(i),Tyt,34,3984,6,82.949,65.100,34
4919,2,2020,66,Timmy Hill(i),Tyt,34,3984,7,80.905,66.745,34
4919,2,2020,66,Timmy Hill(i),Tyt,34,3984,8,33.466,161.358,31
4919,2,2020,66,Timmy Hill(i),Tyt,34,3984,9,32.142,168.004,31
4919,2,2020,66,Timmy Hill(i),Tyt,34,3984,10,32.224,167.577,30
4919,2,2020,66,Timmy Hill(i),Tyt,34,3984,11,32.143,167.999,29
4919,2,2020,66,Timmy Hill(i),Tyt,34,3984,12,31.706,170.315,28
4919,2,2020,66,Timmy Hill(i),Tyt,34,3984,13,32.257,167.406,27
4919,2,2020,66,Timmy Hill(i),Tyt,34,3984,14,32.47,166.307,27
4919,2,2020,66,Timmy Hill(i),Tyt,34,3984,15,32.556,165.868,27
4919,2,2020,66,Timmy Hill(i),Tyt,34,3984,16,31.986,168.824,26
4919,2,2020,66,Timmy Hill(i),Tyt,34,3984,17,32.099,168.230,26
4919,2,2020,66,Timmy Hill(i),Tyt,34,3984,18,32.265,167.364,26
4919,2,2020,66,Timmy Hill(i),Tyt,34,3984,19,32.011,168.692,26
4919,2,2020,66,Timmy Hill(i),Tyt,34,3984,20,32.258,167.400,26
4919,2,2020,66,Timmy Hill(i),Tyt,34,3984,21,40.161,134.459,26
4919,2,2020,66,Timmy Hill(i),Tyt,34,3984,22,100.431,53.768,28
4919,2,2020,66,Timmy Hill(i),Tyt,34,3984,23,72.209,74.783,23
4919,2,2020,66,Timmy Hill(i),Tyt,34,3984,24,94.038,57.424,23
4919,2,2020,66,Timmy Hill(i),Tyt,34,3984,25,86.553,62.390,22
4919,2,2020,66,Timmy Hill(i),Tyt,34,3984,26,33.886,159.358,21
4919,2,2020,66,Timmy Hill(i),Tyt,34,3984,27,31.933,169.104,20
4919,2,2020,66,Timmy Hill(i),Tyt,34,3984,28,34.25,157.664,18
4919,2,2020,66,Timmy Hill(i),Tyt,34,3984,29,86.958,62.099,18
4919,2,2020,66,Timmy Hill(i),Tyt,34,3984,30,105.031,51.413,18
4919,2,2020,66,Timmy Hill(i),Tyt,34,3984,31,102.698,52.581,16
4919,2,2020,66,Timmy Hill(i),Tyt,34,3984,32,97.414,55.434,16
4919,2,2020,66,Timmy Hill(i),Tyt,34,3984,33,33.721,160.138,15
4919,2,2020,66,Timmy Hill(i),Tyt,34,3984,34,31.699,170.352,14
4919,2,2020,66,Timmy Hill(i),Tyt,34,3984,35,32.103,168.209,16
4919,2,2020,66,Timmy Hill(i),Tyt,34,3984,36,32.036,168.560,17
4919,2,2020,66,Timmy Hill(i),Tyt,34,3984,37,31.524,171.298,17
4919,2,2020,66,Timmy Hill(i),Tyt,34,3984,38,31.559,171.108,16
4919,2,2020,66,Timmy Hill(i),Tyt,34,3984,39,31.653,170.600,15
4919,2,2020,66,Timmy Hill(i),Tyt,34,3984,40,31.686,170.422,15
4919,2,2020,66,Timmy Hill(i),Tyt,34,3984,41,31.541,171.206,15
4919,2,2020,66,Timmy Hill(i),Tyt,34,3984,42,31.605,170.859,15
4919,2,2020,66,Timmy Hill(i),Tyt,34,3984,43,31.701,170.342,15
4919,2,2020,66,Timmy Hill(i),Tyt,34,3984,44,31.805,169.785,15
4919,2,2020,66,Timmy Hill(i),Tyt,34,3984,45,32.187,167.770,15
4919,2,2020,66,Timmy Hill(i),Tyt,34,3984,46,47.461,113.778,15
4919,2,2020,66,Timmy Hill(i),Tyt,34,3984,47,70.678,76.403,15
4919,2,2020,66,Timmy Hill(i),Tyt,34,3984,48,119.067,45.353,24
4919,2,2020,66,Timmy Hill(i),Tyt,34,3984,49,75.915,71.132,16
4919,2,2020,66,Timmy Hill(i),Tyt,34,3984,50,96.36,56.040,16
4919,2,2020,66,Timmy Hill(i),Tyt,34,3984,51,94.295,57.267,16
4919,2,2020,66,Timmy Hill(i),Tyt,34,3984,52,89.692,60.206,16
4919,2,2020,66,Timmy Hill(i),Tyt,34,3984,53,33.754,159.981,15
4919,2,2020,66,Timmy Hill(i),Tyt,34,3984,54,31.506,171.396,15
4919,2,2020,66,Timmy Hill(i),Tyt,34,3984,55,31.6,170.886,16
4919,2,2020,66,Timmy Hill(i),Tyt,34,3984,56,31.447,171.717,15
4919,2,2020,66,Timmy Hill(i),Tyt,34,3984,57,31.685,170.428,16
4919,2,2020,66,Timmy Hill(i),Tyt,34,3984,58,31.543,171.195,17
4919,2,2020,66,Timmy Hill(i),Tyt,34,3984,59,31.759,170.031,18
4919,2,2020,66,Timmy Hill(i),Tyt,34,3984,60,31.699,170.352,17
4919,2,2020,66,Timmy Hill(i),Tyt,34,3984,61,31.675,170.481,18
4919,2,2020,66,Timmy Hill(i),Tyt,34,3984,62,31.523,171.303,18
4919,2,2020,66,Timmy Hill(i),Tyt,34,3984,63,31.632,170.713,17
4919,2,2020,66,Timmy Hill(i),Tyt,34,3984,64,31.661,170.557,17
4919,2,2020,66,Timmy Hill(i),Tyt,34,3984,65,31.946,169.035,19
4919,2,2020,66,Timmy Hill(i),Tyt,34,3984,66,31.654,170.595,19
4919,2,2020,66,Timmy Hill(i),Tyt,34,3984,67,31.902,169.268,19
4919,2,2020,66,Timmy Hill(i),Tyt,34,3984,68,32.169,167.863,18
4919,2,2020,66,Timmy Hill(i),Tyt,34,3984,69,32.485,166.231,18
4919,2,2020,66,Timmy Hill(i),Tyt,34,3984,70,31.625,170.751,18
4919,2,2020,66,Timmy Hill(i),Tyt,34,3984,71,31.673,170.492,18
4919,2,2020,66,Timmy Hill(i),Tyt,34,3984,72,31.745,170.106,18
4919,2,2020,66,Timmy Hill(i),Tyt,34,3984,73,31.747,170.095,18
4919,2,2020,66,Timmy Hill(i),Tyt,34,3984,74,31.788,169.875,18
4919,2,2020,66,Timmy Hill(i),Tyt,34,3984,75,31.795,169.838,18
4919,2,2020,66,Timmy Hill(i),Tyt,34,3984,76,31.807,169.774,18
4919,2,2020,66,Timmy Hill(i),Tyt,34,3984,77,31.835,169.625,18
4919,2,2020,66,Timmy Hill(i),Tyt,34,3984,78,31.845,169.571,18
4919,2,2020,66,Timmy Hill(i),Tyt,34,3984,79,31.939,169.072,18
4919,2,2020,66,Timmy Hill(i),Tyt,34,3984,80,31.8,169.811,18
4919,2,2020,66,Timmy Hill(i),Tyt,34,3984,81,31.975,168.882,18
4919,2,2020,66,Timmy Hill(i),Tyt,34,3984,82,31.993,168.787,18
4919,2,2020,66,Timmy Hill(i),Tyt,34,3984,83,32.024,168.624,18
4919,2,2020,66,Timmy Hill(i),Tyt,34,3984,84,31.943,169.051,18
4919,2,2020,66,Timmy Hill(i),Tyt,34,3984,85,32.008,168.708,18
4919,2,2020,66,Timmy Hill(i),Tyt,34,3984,86,31.922,169.162,18
4919,2,2020,66,Timmy Hill(i),Tyt,34,3984,87,32.071,168.376,18
4919,2,2020,66,Timmy Hill(i),Tyt,34,3984,88,32.123,168.104,18
4919,2,2020,66,Timmy Hill(i),Tyt,34,3984,89,32.473,166.292,18
4919,2,2020,66,Timmy Hill(i),Tyt,34,3984,90,41.216,131.017,18
4919,2,2020,66,Timmy Hill(i),Tyt,34,3984,91,86.565,62.381,18
4919,2,2020,66,Timmy Hill(i),Tyt,34,3984,92,92.114,58.623,18
4919,2,2020,66,Timmy Hill(i),Tyt,34,3984,93,42.953,125.719,18
4919,2,2020,66,Timmy Hill(i),Tyt,34,3984,94,92.083,58.643,18
4919,2,2020,66,Timmy Hill(i),Tyt,34,3984,95,77.349,69.813,18
4919,2,2020,66,Timmy Hill(i),Tyt,34,3984,96,94.619,57.071,18
4919,2,2020,66,Timmy Hill(i),Tyt,34,3984,97,95.18,56.735,18
4919,2,2020,66,Timmy Hill(i),Tyt,34,3984,98,84.581,63.844,18
4919,2,2020,66,Timmy Hill(i),Tyt,34,3984,99,33.574,160.839,18
4919,2,2020,66,Timmy Hill(i),Tyt,34,3984,100,31.916,169.194,18
4919,2,2020,66,Timmy Hill(i),Tyt,34,3984,101,31.636,170.692,18
4919,2,2020,66,Timmy Hill(i),Tyt,34,3984,102,31.487,171.499,18
4919,2,2020,66,Timmy Hill(i),Tyt,34,3984,103,31.481,171.532,18
4919,2,2020,66,Timmy Hill(i),Tyt,34,3984,104,31.848,169.555,18
4919,2,2020,66,Timmy Hill(i),Tyt,34,3984,105,31.742,170.122,18
4919,2,2020,66,Timmy Hill(i),Tyt,34,3984,106,31.787,169.881,18
4919,2,2020,66,Timmy Hill(i),Tyt,34,3984,107,31.725,170.213,18
4919,2,2020,66,Timmy Hill(i),Tyt,34,3984,108,31.531,171.260,18
4919,2,2020,66,Timmy Hill(i),Tyt,34,3984,109,31.594,170.919,18
4919,2,2020,66,Timmy Hill(i),Tyt,34,3984,110,31.707,170.309,18
4919,2,2020,66,Timmy Hill(i),Tyt,34,3984,111,31.878,169.396,18
4919,2,2020,66,Timmy Hill(i),Tyt,34,3984,112,31.507,171.390,18
4919,2,2020,66,Timmy Hill(i),Tyt,34,3984,113,31.557,171.119,18
4919,2,2020,66,Timmy Hill(i),Tyt,34,3984,114,31.521,171.314,18
4919,2,2020,66,Timmy Hill(i),Tyt,34,3984,115,31.503,171.412,18
4919,2,2020,66,Timmy Hill(i),Tyt,34,3984,116,31.604,170.864,18
4919,2,2020,66,Timmy Hill(i),Tyt,34,3984,117,31.626,170.746,18
4919,2,2020,66,Timmy Hill(i),Tyt,34,3984,118,31.592,170.929,18
4919,2,2020,66,Timmy Hill(i),Tyt,34,3984,119,31.81,169.758,18
4919,2,2020,66,Timmy Hill(i),Tyt,34,3984,120,31.754,170.057,18
4919,2,2020,66,Timmy Hill(i),Tyt,34,3984,121,31.691,170.395,18
4919,2,2020,66,Timmy Hill(i),Tyt,34,3984,122,32.002,168.739,18
4919,2,2020,66,Timmy Hill(i),Tyt,34,3984,123,32.117,168.135,18
4919,2,2020,66,Timmy Hill(i),Tyt,34,3984,124,32.211,167.645,18
4919,2,2020,66,Timmy Hill(i),Tyt,34,3984,125,32.049,168.492,18
4919,2,2020,66,Timmy Hill(i),Tyt,34,3984,126,32.068,168.392,18
4919,2,2020,66,Timmy Hill(i),Tyt,34,3984,127,32.169,167.863,18
4919,2,2020,66,Timmy Hill(i),Tyt,34,3984,128,32.135,168.041,18
4919,2,2020,66,Timmy Hill(i),Tyt,34,3984,129,32.369,166.826,18
4919,2,2020,66,Timmy Hill(i),Tyt,34,3984,130,32.239,167.499,18
4919,2,2020,66,Timmy Hill(i),Tyt,34,3984,131,32.648,165.401,18
4919,2,2020,66,Timmy Hill(i),Tyt,34,3984,132,32.479,166.261,18
4919,2,2020,66,Timmy Hill(i),Tyt,34,3984,133,32.391,166.713,18
4919,2,2020,66,Timmy Hill(i),Tyt,34,3984,134,32.318,167.090,18
4919,2,2020,66,Timmy Hill(i),Tyt,34,3984,135,32.267,167.354,18
4919,2,2020,66,Timmy Hill(i),Tyt,34,3984,136,32.266,167.359,18
4919,2,2020,66,Timmy Hill(i),Tyt,34,3984,137,32.44,166.461,18
4919,2,2020,66,Timmy Hill(i),Tyt,34,3984,138,32.47,166.307,18
4919,2,2020,66,Timmy Hill(i),Tyt,34,3984,139,32.916,164.054,18
4919,2,2020,66,Timmy Hill(i),Tyt,34,3984,140,32.6,165.644,18
4919,2,2020,66,Timmy Hill(i),Tyt,34,3984,141,32.752,164.875,18
4919,2,2020,66,Timmy Hill(i),Tyt,34,3984,142,32.537,165.965,18
4919,2,2020,66,Timmy Hill(i),Tyt,34,3984,143,32.261,167.385,18
4919,2,2020,66,Timmy Hill(i),Tyt,34,3984,144,32.329,167.033,17
4919,2,2020,66,Timmy Hill(i),Tyt,34,3984,145,32.298,167.193,16
4919,2,2020,66,Timmy Hill(i),Tyt,34,3984,146,32.268,167.348,15
4919,2,2020,66,Timmy Hill(i),Tyt,34,3984,147,33.273,162.294,12
4919,2,2020,66,Timmy Hill(i),Tyt,34,3984,148,70.362,76.746,21
4919,2,2020,66,Timmy Hill(i),Tyt,34,3984,149,44.458,121.463,21
4919,2,2020,66,Timmy Hill(i),Tyt,34,3984,150,31.565,171.076,20
4919,2,2020,66,Timmy Hill(i),Tyt,34,3984,151,31.575,171.021,19
4919,2,2020,66,Timmy Hill(i),Tyt,34,3984,152,255.894,21.102,31
4919,2,2020,52,Kody Vanderwal #,Chv,35,4345,0,,,35
4919,2,2020,52,Kody Vanderwal #,Chv,35,4345,1,35.0,154.286,34
4919,2,2020,52,Kody Vanderwal #,Chv,35,4345,2,32.769,164.790,34
4919,2,2020,52,Kody Vanderwal #,Chv,35,4345,3,32.512,166.093,35
4919,2,2020,52,Kody Vanderwal #,Chv,35,4345,4,40.913,131.987,35
4919,2,2020,52,Kody Vanderwal #,Chv,35,4345,5,91.566,58.974,34
4919,2,2020,52,Kody Vanderwal #,Chv,35,4345,6,93.901,57.507,36
4919,2,2020,52,Kody Vanderwal #,Chv,35,4345,7,78.267,68.995,36
4919,2,2020,52,Kody Vanderwal #,Chv,35,4345,8,36.037,149.846,36
4919,2,2020,52,Kody Vanderwal #,Chv,35,4345,9,34.308,157.398,36
4919,2,2020,52,Kody Vanderwal #,Chv,35,4345,10,34.118,158.274,36
4919,2,2020,52,Kody Vanderwal #,Chv,35,4345,11,34.212,157.839,36
4919,2,2020,52,Kody Vanderwal #,Chv,35,4345,12,37.064,145.694,35
4919,2,2020,52,Kody Vanderwal #,Chv,35,4345,13,72.664,74.315,36
4919,2,2020,52,Kody Vanderwal #,Chv,35,4345,14,76.514,70.575,36
4919,2,2020,52,Kody Vanderwal #,Chv,35,4345,15,34.078,158.460,36
4919,2,2020,52,Kody Vanderwal #,Chv,35,4345,16,34.603,156.056,35
4919,2,2020,52,Kody Vanderwal #,Chv,35,4345,17,33.001,163.631,35
4919,2,2020,52,Kody Vanderwal #,Chv,35,4345,18,40.777,132.428,35
4919,2,2020,52,Kody Vanderwal #,Chv,35,4345,19,63.755,84.699,35
4919,2,2020,52,Kody Vanderwal #,Chv,35,4345,20,46.357,116.487,35
4919,2,2020,52,Kody Vanderwal #,Chv,35,4345,21,57.701,93.586,35
4919,2,2020,52,Kody Vanderwal #,Chv,35,4345,22,96.871,55.744,35
4919,2,2020,52,Kody Vanderwal #,Chv,35,4345,23,82.116,65.761,35
4919,2,2020,52,Kody Vanderwal #,Chv,35,4345,24,34.35,157.205,35
4919,2,2020,52,Kody Vanderwal #,Chv,35,4345,25,32.431,166.507,35
4919,2,2020,52,Kody Vanderwal #,Chv,35,4345,26,78.928,68.417,35
4919,2,2020,93,Jeff Green,Chv,36,1282,0,,,20
4919,2,2020,93,Jeff Green,Chv,36,1282,1,34.768,155.315,36
4919,2,2020,93,Jeff Green,Chv,36,1282,2,32.603,165.629,36
4919,2,2020,93,Jeff Green,Chv,36,1282,3,32.667,165.304,36
4919,2,2020,93,Jeff Green,Chv,36,1282,4,41.252,130.903,36
4919,2,2020,93,Jeff Green,Chv,36,1282,5,182.389,29.607,37
4919,2,2020,93,Jeff Green,Chv,36,1282,6,80.81,66.823,37
4919,2,2020,93,Jeff Green,Chv,36,1282,7,34.99,154.330,37
4919,2,2020,93,Jeff Green,Chv,36,1282,8,31.939,169.072,37
4919,2,2020,93,Jeff Green,Chv,36,1282,9,31.88,169.385,37
4919,2,2020,93,Jeff Green,Chv,36,1282,10,32.771,164.780,37
4919,2,2020,93,Jeff Green,Chv,36,1282,11,32.667,165.304,37
4919,2,2020,93,Jeff Green,Chv,36,1282,12,32.078,168.340,36
4919,2,2020,93,Jeff Green,Chv,36,1282,13,32.55,165.899,35
4919,2,2020,93,Jeff Green,Chv,36,1282,14,34.191,157.936,35
4919,2,2020,93,Jeff Green,Chv,36,1282,15,84.823,63.662,35
4919,2,2020,15,Colby Howard,Chv,37,4344,0,,,29
4919,2,2020,15,Colby Howard,Chv,37,4344,1,34.748,155.405,35
4919,2,2020,15,Colby Howard,Chv,37,4344,2,32.709,165.092,35
4919,2,2020,15,Colby Howard,Chv,37,4344,3,32.209,167.655,34
4919,2,2020,15,Colby Howard,Chv,37,4344,4,40.303,133.985,34
4919,2,2020,15,Colby Howard,Chv,37,4344,5,87.89,61.440,33
4919,2,2020,15,Colby Howard,Chv,37,4344,6,94.626,57.067,33
4919,2,2020,15,Colby Howard,Chv,37,4344,7,81.579,66.194,33
4919,2,2020,15,Colby Howard,Chv,37,4344,8,34.163,158.066,35
4919,2,2020,15,Colby Howard,Chv,37,4344,9,32.687,165.203,35
4919,2,2020,15,Colby Howard,Chv,37,4344,10,32.48,166.256,35
4919,2,2020,15,Colby Howard,Chv,37,4344,11,32.591,165.690,35
