race_id,race_level,race_season,driver_number,driver_full_name,manufacturer,finishing_position,NASCAR_driver_id,lap_num,lap_time,lap_speed,lap_running_position
5180,1,2022,22,Joey Logano (P),Frd,1,3859,0,,,5
5180,1,2022,22,Joey Logano (P),Frd,1,3859,1,33.023,163.522,5
5180,1,2022,22,Joey Logano (P),Frd,1,3859,2,29.721,181.690,5
5180,1,2022,22,Joey Logano (P),Frd,1,3859,3,30.007,179.958,5
5180,1,2022,22,Joey Logano (P),Frd,1,3859,4,29.875,180.753,5
5180,1,2022,22,Joey Logano (P),Frd,1,3859,5,29.779,181.336,5
5180,1,2022,22,Joey Logano (P),Frd,1,3859,6,29.868,180.796,5
5180,1,2022,22,Joey Logano (P),Frd,1,3859,7,29.987,180.078,5
5180,1,2022,22,Joey Logano (P),Frd,1,3859,8,30.182,178.915,5
5180,1,2022,22,Joey Logano (P),Frd,1,3859,9,30.116,179.307,5
5180,1,2022,22,Joey Logano (P),Frd,1,3859,10,30.143,179.146,5
5180,1,2022,22,Joey Logano (P),Frd,1,3859,11,30.344,177.959,5
5180,1,2022,22,Joey Logano (P),Frd,1,3859,12,30.318,178.112,5
5180,1,2022,22,Joey Logano (P),Frd,1,3859,13,30.38,177.749,5
5180,1,2022,22,Joey Logano (P),Frd,1,3859,14,30.754,175.587,5
5180,1,2022,22,Joey Logano (P),Frd,1,3859,15,30.609,176.419,5
5180,1,2022,22,Joey Logano (P),Frd,1,3859,16,30.485,177.136,5
5180,1,2022,22,Joey Logano (P),Frd,1,3859,17,30.571,176.638,5
5180,1,2022,22,Joey Logano (P),Frd,1,3859,18,30.585,176.557,5
5180,1,2022,22,Joey Logano (P),Frd,1,3859,19,30.775,175.467,5
5180,1,2022,22,Joey Logano (P),Frd,1,3859,20,30.719,175.787,5
5180,1,2022,22,Joey Logano (P),Frd,1,3859,21,30.791,175.376,5
5180,1,2022,22,Joey Logano (P),Frd,1,3859,22,30.725,175.753,5
5180,1,2022,22,Joey Logano (P),Frd,1,3859,23,30.889,174.820,5
5180,1,2022,22,Joey Logano (P),Frd,1,3859,24,30.804,175.302,5
5180,1,2022,22,Joey Logano (P),Frd,1,3859,25,30.875,174.899,5
5180,1,2022,22,Joey Logano (P),Frd,1,3859,26,30.84,175.097,5
5180,1,2022,22,Joey Logano (P),Frd,1,3859,27,31.054,173.891,5
5180,1,2022,22,Joey Logano (P),Frd,1,3859,28,31.029,174.031,4
5180,1,2022,22,Joey Logano (P),Frd,1,3859,29,31.285,172.607,4
5180,1,2022,22,Joey Logano (P),Frd,1,3859,30,31.117,173.539,4
5180,1,2022,22,Joey Logano (P),Frd,1,3859,31,31.41,171.920,4
5180,1,2022,22,Joey Logano (P),Frd,1,3859,32,31.143,173.394,4
5180,1,2022,22,Joey Logano (P),Frd,1,3859,33,31.265,172.717,4
5180,1,2022,22,Joey Logano (P),Frd,1,3859,34,31.426,171.832,5
5180,1,2022,22,Joey Logano (P),Frd,1,3859,35,32.186,167.775,7
5180,1,2022,22,Joey Logano (P),Frd,1,3859,36,31.189,173.138,6
5180,1,2022,22,Joey Logano (P),Frd,1,3859,37,31.147,173.371,6
5180,1,2022,22,Joey Logano (P),Frd,1,3859,38,43.133,125.194,11
5180,1,2022,22,Joey Logano (P),Frd,1,3859,39,59.594,90.613,20
5180,1,2022,22,Joey Logano (P),Frd,1,3859,40,29.945,180.331,11
5180,1,2022,22,Joey Logano (P),Frd,1,3859,41,29.938,180.373,6
5180,1,2022,22,Joey Logano (P),Frd,1,3859,42,29.876,180.747,3
5180,1,2022,22,Joey Logano (P),Frd,1,3859,43,29.874,180.759,3
5180,1,2022,22,Joey Logano (P),Frd,1,3859,44,30.179,178.932,3
5180,1,2022,22,Joey Logano (P),Frd,1,3859,45,30.225,178.660,3
5180,1,2022,22,Joey Logano (P),Frd,1,3859,46,30.184,178.903,3
5180,1,2022,22,Joey Logano (P),Frd,1,3859,47,30.187,178.885,3
5180,1,2022,22,Joey Logano (P),Frd,1,3859,48,30.738,175.678,3
5180,1,2022,22,Joey Logano (P),Frd,1,3859,49,30.652,176.171,3
5180,1,2022,22,Joey Logano (P),Frd,1,3859,50,30.671,176.062,3
5180,1,2022,22,Joey Logano (P),Frd,1,3859,51,30.56,176.702,3
5180,1,2022,22,Joey Logano (P),Frd,1,3859,52,30.471,177.218,3
5180,1,2022,22,Joey Logano (P),Frd,1,3859,53,30.437,177.416,3
5180,1,2022,22,Joey Logano (P),Frd,1,3859,54,30.579,176.592,3
5180,1,2022,22,Joey Logano (P),Frd,1,3859,55,30.754,175.587,3
5180,1,2022,22,Joey Logano (P),Frd,1,3859,56,30.71,175.838,3
5180,1,2022,22,Joey Logano (P),Frd,1,3859,57,30.686,175.976,3
5180,1,2022,22,Joey Logano (P),Frd,1,3859,58,30.734,175.701,3
5180,1,2022,22,Joey Logano (P),Frd,1,3859,59,30.748,175.621,3
5180,1,2022,22,Joey Logano (P),Frd,1,3859,60,30.974,174.340,3
5180,1,2022,22,Joey Logano (P),Frd,1,3859,61,30.981,174.300,3
5180,1,2022,22,Joey Logano (P),Frd,1,3859,62,31.008,174.149,2
5180,1,2022,22,Joey Logano (P),Frd,1,3859,63,30.876,174.893,2
5180,1,2022,22,Joey Logano (P),Frd,1,3859,64,30.878,174.882,2
5180,1,2022,22,Joey Logano (P),Frd,1,3859,65,30.813,175.251,2
5180,1,2022,22,Joey Logano (P),Frd,1,3859,66,30.919,174.650,2
5180,1,2022,22,Joey Logano (P),Frd,1,3859,67,30.848,175.052,2
5180,1,2022,22,Joey Logano (P),Frd,1,3859,68,30.907,174.718,2
5180,1,2022,22,Joey Logano (P),Frd,1,3859,69,30.994,174.227,2
5180,1,2022,22,Joey Logano (P),Frd,1,3859,70,31.126,173.488,2
5180,1,2022,22,Joey Logano (P),Frd,1,3859,71,31.178,173.199,2
5180,1,2022,22,Joey Logano (P),Frd,1,3859,72,31.053,173.896,2
5180,1,2022,22,Joey Logano (P),Frd,1,3859,73,31.133,173.449,2
5180,1,2022,22,Joey Logano (P),Frd,1,3859,74,31.193,173.116,2
5180,1,2022,22,Joey Logano (P),Frd,1,3859,75,31.347,172.265,2
5180,1,2022,22,Joey Logano (P),Frd,1,3859,76,31.173,173.227,2
5180,1,2022,22,Joey Logano (P),Frd,1,3859,77,31.108,173.589,2
5180,1,2022,22,Joey Logano (P),Frd,1,3859,78,42.095,128.281,2
5180,1,2022,22,Joey Logano (P),Frd,1,3859,79,86.023,62.774,2
5180,1,2022,22,Joey Logano (P),Frd,1,3859,80,100.11,53.941,2
5180,1,2022,22,Joey Logano (P),Frd,1,3859,81,100.224,53.879,2
5180,1,2022,22,Joey Logano (P),Frd,1,3859,82,100.595,53.681,2
5180,1,2022,22,Joey Logano (P),Frd,1,3859,83,100.418,53.775,3
5180,1,2022,22,Joey Logano (P),Frd,1,3859,84,97.882,55.168,3
5180,1,2022,22,Joey Logano (P),Frd,1,3859,85,94.48,57.155,3
5180,1,2022,22,Joey Logano (P),Frd,1,3859,86,32.71,165.087,4
5180,1,2022,22,Joey Logano (P),Frd,1,3859,87,29.793,181.251,4
5180,1,2022,22,Joey Logano (P),Frd,1,3859,88,29.881,180.717,4
5180,1,2022,22,Joey Logano (P),Frd,1,3859,89,29.83,181.026,3
5180,1,2022,22,Joey Logano (P),Frd,1,3859,90,30.025,179.850,3
5180,1,2022,22,Joey Logano (P),Frd,1,3859,91,30.023,179.862,3
5180,1,2022,22,Joey Logano (P),Frd,1,3859,92,30.235,178.601,3
5180,1,2022,22,Joey Logano (P),Frd,1,3859,93,30.182,178.915,3
5180,1,2022,22,Joey Logano (P),Frd,1,3859,94,30.256,178.477,3
5180,1,2022,22,Joey Logano (P),Frd,1,3859,95,50.777,106.347,3
5180,1,2022,22,Joey Logano (P),Frd,1,3859,96,113.506,47.575,3
5180,1,2022,22,Joey Logano (P),Frd,1,3859,97,111.177,48.571,2
5180,1,2022,22,Joey Logano (P),Frd,1,3859,98,103.704,52.071,4
5180,1,2022,22,Joey Logano (P),Frd,1,3859,99,106.564,50.674,4
5180,1,2022,22,Joey Logano (P),Frd,1,3859,100,96.476,55.972,4
5180,1,2022,22,Joey Logano (P),Frd,1,3859,101,97.091,55.618,4
5180,1,2022,22,Joey Logano (P),Frd,1,3859,102,94.305,57.261,3
5180,1,2022,22,Joey Logano (P),Frd,1,3859,103,43.156,125.127,3
5180,1,2022,22,Joey Logano (P),Frd,1,3859,104,91.56,58.978,4
5180,1,2022,22,Joey Logano (P),Frd,1,3859,105,100.333,53.821,4
5180,1,2022,22,Joey Logano (P),Frd,1,3859,106,101.399,53.255,4
5180,1,2022,22,Joey Logano (P),Frd,1,3859,107,95.721,56.414,5
5180,1,2022,22,Joey Logano (P),Frd,1,3859,108,32.633,165.477,6
5180,1,2022,22,Joey Logano (P),Frd,1,3859,109,30.069,179.587,6
5180,1,2022,22,Joey Logano (P),Frd,1,3859,110,29.937,180.379,5
5180,1,2022,22,Joey Logano (P),Frd,1,3859,111,30.077,179.539,5
5180,1,2022,22,Joey Logano (P),Frd,1,3859,112,29.997,180.018,5
5180,1,2022,22,Joey Logano (P),Frd,1,3859,113,30.074,179.557,5
5180,1,2022,22,Joey Logano (P),Frd,1,3859,114,30.258,178.465,4
5180,1,2022,22,Joey Logano (P),Frd,1,3859,115,30.249,178.518,4
5180,1,2022,22,Joey Logano (P),Frd,1,3859,116,30.388,177.702,4
5180,1,2022,22,Joey Logano (P),Frd,1,3859,117,30.444,177.375,4
5180,1,2022,22,Joey Logano (P),Frd,1,3859,118,30.474,177.200,4
5180,1,2022,22,Joey Logano (P),Frd,1,3859,119,30.454,177.317,4
5180,1,2022,22,Joey Logano (P),Frd,1,3859,120,30.422,177.503,4
5180,1,2022,22,Joey Logano (P),Frd,1,3859,121,30.465,177.253,4
5180,1,2022,22,Joey Logano (P),Frd,1,3859,122,30.485,177.136,4
5180,1,2022,22,Joey Logano (P),Frd,1,3859,123,30.549,176.765,4
5180,1,2022,22,Joey Logano (P),Frd,1,3859,124,30.726,175.747,4
5180,1,2022,22,Joey Logano (P),Frd,1,3859,125,30.799,175.330,4
5180,1,2022,22,Joey Logano (P),Frd,1,3859,126,30.922,174.633,4
5180,1,2022,22,Joey Logano (P),Frd,1,3859,127,30.972,174.351,3
5180,1,2022,22,Joey Logano (P),Frd,1,3859,128,30.837,175.114,3
5180,1,2022,22,Joey Logano (P),Frd,1,3859,129,30.869,174.933,3
5180,1,2022,22,Joey Logano (P),Frd,1,3859,130,30.987,174.267,3
5180,1,2022,22,Joey Logano (P),Frd,1,3859,131,31.04,173.969,3
5180,1,2022,22,Joey Logano (P),Frd,1,3859,132,31.189,173.138,3
5180,1,2022,22,Joey Logano (P),Frd,1,3859,133,30.973,174.345,2
5180,1,2022,22,Joey Logano (P),Frd,1,3859,134,31.073,173.784,2
5180,1,2022,22,Joey Logano (P),Frd,1,3859,135,31.029,174.031,2
5180,1,2022,22,Joey Logano (P),Frd,1,3859,136,31.235,172.883,2
5180,1,2022,22,Joey Logano (P),Frd,1,3859,137,31.284,172.612,2
5180,1,2022,22,Joey Logano (P),Frd,1,3859,138,31.137,173.427,2
5180,1,2022,22,Joey Logano (P),Frd,1,3859,139,31.156,173.321,2
5180,1,2022,22,Joey Logano (P),Frd,1,3859,140,31.178,173.199,2
5180,1,2022,22,Joey Logano (P),Frd,1,3859,141,31.285,172.607,2
5180,1,2022,22,Joey Logano (P),Frd,1,3859,142,31.459,171.652,2
5180,1,2022,22,Joey Logano (P),Frd,1,3859,143,31.498,171.439,2
5180,1,2022,22,Joey Logano (P),Frd,1,3859,144,31.625,170.751,2
5180,1,2022,22,Joey Logano (P),Frd,1,3859,145,31.534,171.244,2
5180,1,2022,22,Joey Logano (P),Frd,1,3859,146,31.551,171.151,2
5180,1,2022,22,Joey Logano (P),Frd,1,3859,147,31.571,171.043,2
5180,1,2022,22,Joey Logano (P),Frd,1,3859,148,31.674,170.487,2
5180,1,2022,22,Joey Logano (P),Frd,1,3859,149,31.545,171.184,2
5180,1,2022,22,Joey Logano (P),Frd,1,3859,150,31.74,170.132,2
5180,1,2022,22,Joey Logano (P),Frd,1,3859,151,31.626,170.746,2
5180,1,2022,22,Joey Logano (P),Frd,1,3859,152,31.651,170.611,2
5180,1,2022,22,Joey Logano (P),Frd,1,3859,153,31.643,170.654,2
5180,1,2022,22,Joey Logano (P),Frd,1,3859,154,31.602,170.875,2
5180,1,2022,22,Joey Logano (P),Frd,1,3859,155,31.593,170.924,2
5180,1,2022,22,Joey Logano (P),Frd,1,3859,156,31.761,170.020,2
5180,1,2022,22,Joey Logano (P),Frd,1,3859,157,31.607,170.848,2
5180,1,2022,22,Joey Logano (P),Frd,1,3859,158,31.934,169.099,2
5180,1,2022,22,Joey Logano (P),Frd,1,3859,159,31.763,170.009,2
5180,1,2022,22,Joey Logano (P),Frd,1,3859,160,32.061,168.429,2
5180,1,2022,22,Joey Logano (P),Frd,1,3859,161,32.018,168.655,2
5180,1,2022,22,Joey Logano (P),Frd,1,3859,162,31.98,168.856,2
5180,1,2022,22,Joey Logano (P),Frd,1,3859,163,31.823,169.689,2
5180,1,2022,22,Joey Logano (P),Frd,1,3859,164,31.837,169.614,2
5180,1,2022,22,Joey Logano (P),Frd,1,3859,165,31.96,168.961,2
5180,1,2022,22,Joey Logano (P),Frd,1,3859,166,50.131,107.718,2
5180,1,2022,22,Joey Logano (P),Frd,1,3859,167,94.696,57.025,2
5180,1,2022,22,Joey Logano (P),Frd,1,3859,168,98.394,54.881,1
5180,1,2022,22,Joey Logano (P),Frd,1,3859,169,97.567,55.347,1
5180,1,2022,22,Joey Logano (P),Frd,1,3859,170,98.548,54.796,1
5180,1,2022,22,Joey Logano (P),Frd,1,3859,171,94.122,57.372,1
5180,1,2022,22,Joey Logano (P),Frd,1,3859,172,32.082,168.319,1
5180,1,2022,22,Joey Logano (P),Frd,1,3859,173,29.636,182.211,1
5180,1,2022,22,Joey Logano (P),Frd,1,3859,174,29.778,181.342,1
5180,1,2022,22,Joey Logano (P),Frd,1,3859,175,29.937,180.379,1
5180,1,2022,22,Joey Logano (P),Frd,1,3859,176,30.132,179.211,1
5180,1,2022,22,Joey Logano (P),Frd,1,3859,177,30.167,179.004,1
5180,1,2022,22,Joey Logano (P),Frd,1,3859,178,30.325,178.071,1
5180,1,2022,22,Joey Logano (P),Frd,1,3859,179,30.339,177.989,1
5180,1,2022,22,Joey Logano (P),Frd,1,3859,180,30.29,178.277,1
5180,1,2022,22,Joey Logano (P),Frd,1,3859,181,30.315,178.130,1
5180,1,2022,22,Joey Logano (P),Frd,1,3859,182,30.417,177.532,1
5180,1,2022,22,Joey Logano (P),Frd,1,3859,183,30.6,176.471,1
5180,1,2022,22,Joey Logano (P),Frd,1,3859,184,30.65,176.183,1
5180,1,2022,22,Joey Logano (P),Frd,1,3859,185,30.498,177.061,1
5180,1,2022,22,Joey Logano (P),Frd,1,3859,186,30.411,177.567,1
5180,1,2022,22,Joey Logano (P),Frd,1,3859,187,30.488,177.119,1
5180,1,2022,22,Joey Logano (P),Frd,1,3859,188,30.544,176.794,1
5180,1,2022,22,Joey Logano (P),Frd,1,3859,189,30.703,175.879,1
5180,1,2022,22,Joey Logano (P),Frd,1,3859,190,30.703,175.879,1
5180,1,2022,22,Joey Logano (P),Frd,1,3859,191,30.985,174.278,1
5180,1,2022,22,Joey Logano (P),Frd,1,3859,192,30.758,175.564,1
5180,1,2022,22,Joey Logano (P),Frd,1,3859,193,30.881,174.865,1
5180,1,2022,22,Joey Logano (P),Frd,1,3859,194,31.643,170.654,1
5180,1,2022,22,Joey Logano (P),Frd,1,3859,195,81.344,66.385,1
5180,1,2022,22,Joey Logano (P),Frd,1,3859,196,98.742,54.688,1
5180,1,2022,22,Joey Logano (P),Frd,1,3859,197,104.506,51.672,10
5180,1,2022,22,Joey Logano (P),Frd,1,3859,198,97.403,55.440,8
5180,1,2022,22,Joey Logano (P),Frd,1,3859,199,97.106,55.609,8
5180,1,2022,22,Joey Logano (P),Frd,1,3859,200,32.759,164.840,7
5180,1,2022,22,Joey Logano (P),Frd,1,3859,201,30.566,176.667,8
5180,1,2022,22,Joey Logano (P),Frd,1,3859,202,30.194,178.843,7
5180,1,2022,22,Joey Logano (P),Frd,1,3859,203,30.301,178.212,7
5180,1,2022,22,Joey Logano (P),Frd,1,3859,204,30.203,178.790,6
5180,1,2022,22,Joey Logano (P),Frd,1,3859,205,30.089,179.468,6
5180,1,2022,22,Joey Logano (P),Frd,1,3859,206,30.361,177.860,6
5180,1,2022,22,Joey Logano (P),Frd,1,3859,207,30.522,176.922,5
5180,1,2022,22,Joey Logano (P),Frd,1,3859,208,30.353,177.907,5
5180,1,2022,22,Joey Logano (P),Frd,1,3859,209,30.502,177.038,5
5180,1,2022,22,Joey Logano (P),Frd,1,3859,210,30.465,177.253,5
5180,1,2022,22,Joey Logano (P),Frd,1,3859,211,30.618,176.367,5
5180,1,2022,22,Joey Logano (P),Frd,1,3859,212,30.578,176.598,5
5180,1,2022,22,Joey Logano (P),Frd,1,3859,213,30.9,174.757,5
5180,1,2022,22,Joey Logano (P),Frd,1,3859,214,30.752,175.598,5
5180,1,2022,22,Joey Logano (P),Frd,1,3859,215,30.564,176.678,5
5180,1,2022,22,Joey Logano (P),Frd,1,3859,216,30.805,175.296,4
5180,1,2022,22,Joey Logano (P),Frd,1,3859,217,30.708,175.850,4
5180,1,2022,22,Joey Logano (P),Frd,1,3859,218,30.731,175.718,4
5180,1,2022,22,Joey Logano (P),Frd,1,3859,219,30.857,175.001,4
5180,1,2022,22,Joey Logano (P),Frd,1,3859,220,30.868,174.938,4
5180,1,2022,22,Joey Logano (P),Frd,1,3859,221,30.919,174.650,4
5180,1,2022,22,Joey Logano (P),Frd,1,3859,222,31.045,173.941,4
5180,1,2022,22,Joey Logano (P),Frd,1,3859,223,31.074,173.779,4
5180,1,2022,22,Joey Logano (P),Frd,1,3859,224,31.137,173.427,4
5180,1,2022,22,Joey Logano (P),Frd,1,3859,225,31.137,173.427,4
5180,1,2022,22,Joey Logano (P),Frd,1,3859,226,31.125,173.494,3
5180,1,2022,22,Joey Logano (P),Frd,1,3859,227,31.11,173.578,3
5180,1,2022,22,Joey Logano (P),Frd,1,3859,228,35.457,152.297,2
5180,1,2022,22,Joey Logano (P),Frd,1,3859,229,89.007,60.669,2
5180,1,2022,22,Joey Logano (P),Frd,1,3859,230,106.206,50.845,9
5180,1,2022,22,Joey Logano (P),Frd,1,3859,231,99.232,54.418,9
5180,1,2022,22,Joey Logano (P),Frd,1,3859,232,91.215,59.201,10
5180,1,2022,22,Joey Logano (P),Frd,1,3859,233,32.97,163.785,10
5180,1,2022,22,Joey Logano (P),Frd,1,3859,234,30.293,178.259,10
5180,1,2022,22,Joey Logano (P),Frd,1,3859,235,30.11,179.342,10
5180,1,2022,22,Joey Logano (P),Frd,1,3859,236,30.229,178.636,9
5180,1,2022,22,Joey Logano (P),Frd,1,3859,237,30.343,177.965,9
5180,1,2022,22,Joey Logano (P),Frd,1,3859,238,30.39,177.690,9
5180,1,2022,22,Joey Logano (P),Frd,1,3859,239,30.377,177.766,9
5180,1,2022,22,Joey Logano (P),Frd,1,3859,240,30.758,175.564,9
5180,1,2022,22,Joey Logano (P),Frd,1,3859,241,51.212,105.444,9
5180,1,2022,22,Joey Logano (P),Frd,1,3859,242,88.633,60.925,7
5180,1,2022,22,Joey Logano (P),Frd,1,3859,243,106.696,50.611,13
5180,1,2022,22,Joey Logano (P),Frd,1,3859,244,99.487,54.278,13
5180,1,2022,22,Joey Logano (P),Frd,1,3859,245,88.855,60.773,14
5180,1,2022,22,Joey Logano (P),Frd,1,3859,246,32.986,163.706,8
5180,1,2022,22,Joey Logano (P),Frd,1,3859,247,56.537,95.513,8
5180,1,2022,22,Joey Logano (P),Frd,1,3859,248,85.427,63.212,8
5180,1,2022,22,Joey Logano (P),Frd,1,3859,249,100.96,53.487,8
5180,1,2022,22,Joey Logano (P),Frd,1,3859,250,100.965,53.484,8
5180,1,2022,22,Joey Logano (P),Frd,1,3859,251,92.106,58.628,8
5180,1,2022,22,Joey Logano (P),Frd,1,3859,252,32.387,166.734,5
5180,1,2022,22,Joey Logano (P),Frd,1,3859,253,29.914,180.517,4
5180,1,2022,22,Joey Logano (P),Frd,1,3859,254,30.076,179.545,3
5180,1,2022,22,Joey Logano (P),Frd,1,3859,255,29.904,180.578,3
5180,1,2022,22,Joey Logano (P),Frd,1,3859,256,30.198,178.820,3
5180,1,2022,22,Joey Logano (P),Frd,1,3859,257,30.132,179.211,3
5180,1,2022,22,Joey Logano (P),Frd,1,3859,258,30.225,178.660,2
5180,1,2022,22,Joey Logano (P),Frd,1,3859,259,30.277,178.353,2
5180,1,2022,22,Joey Logano (P),Frd,1,3859,260,30.192,178.855,2
5180,1,2022,22,Joey Logano (P),Frd,1,3859,261,30.387,177.708,2
5180,1,2022,22,Joey Logano (P),Frd,1,3859,262,31.174,173.221,2
5180,1,2022,22,Joey Logano (P),Frd,1,3859,263,30.745,175.638,2
5180,1,2022,22,Joey Logano (P),Frd,1,3859,264,30.957,174.436,2
5180,1,2022,22,Joey Logano (P),Frd,1,3859,265,30.588,176.540,1
5180,1,2022,22,Joey Logano (P),Frd,1,3859,266,30.698,175.907,1
5180,1,2022,22,Joey Logano (P),Frd,1,3859,267,30.829,175.160,1
5180,1,2022,1,Ross Chastain (P),Chv,2,4001,0,,,11
5180,1,2022,1,Ross Chastain (P),Chv,2,4001,1,32.836,164.454,9
5180,1,2022,1,Ross Chastain (P),Chv,2,4001,2,30.353,177.907,11
5180,1,2022,1,Ross Chastain (P),Chv,2,4001,3,30.121,179.277,11
5180,1,2022,1,Ross Chastain (P),Chv,2,4001,4,30.454,177.317,12
5180,1,2022,1,Ross Chastain (P),Chv,2,4001,5,30.747,175.627,13
5180,1,2022,1,Ross Chastain (P),Chv,2,4001,6,30.835,175.126,15
5180,1,2022,1,Ross Chastain (P),Chv,2,4001,7,31.058,173.868,15
5180,1,2022,1,Ross Chastain (P),Chv,2,4001,8,30.747,175.627,16
5180,1,2022,1,Ross Chastain (P),Chv,2,4001,9,30.666,176.091,16
5180,1,2022,1,Ross Chastain (P),Chv,2,4001,10,30.791,175.376,16
5180,1,2022,1,Ross Chastain (P),Chv,2,4001,11,30.593,176.511,15
5180,1,2022,1,Ross Chastain (P),Chv,2,4001,12,30.829,175.160,15
5180,1,2022,1,Ross Chastain (P),Chv,2,4001,13,30.673,176.051,15
5180,1,2022,1,Ross Chastain (P),Chv,2,4001,14,30.885,174.842,15
5180,1,2022,1,Ross Chastain (P),Chv,2,4001,15,30.794,175.359,15
5180,1,2022,1,Ross Chastain (P),Chv,2,4001,16,30.78,175.439,15
5180,1,2022,1,Ross Chastain (P),Chv,2,4001,17,30.695,175.924,15
5180,1,2022,1,Ross Chastain (P),Chv,2,4001,18,30.822,175.200,15
5180,1,2022,1,Ross Chastain (P),Chv,2,4001,19,30.769,175.501,15
5180,1,2022,1,Ross Chastain (P),Chv,2,4001,20,30.894,174.791,15
5180,1,2022,1,Ross Chastain (P),Chv,2,4001,21,31.042,173.958,15
5180,1,2022,1,Ross Chastain (P),Chv,2,4001,22,31.025,174.053,15
5180,1,2022,1,Ross Chastain (P),Chv,2,4001,23,30.96,174.419,14
5180,1,2022,1,Ross Chastain (P),Chv,2,4001,24,31.0,174.194,14
5180,1,2022,1,Ross Chastain (P),Chv,2,4001,25,31.032,174.014,14
5180,1,2022,1,Ross Chastain (P),Chv,2,4001,26,31.108,173.589,15
5180,1,2022,1,Ross Chastain (P),Chv,2,4001,27,30.95,174.475,15
5180,1,2022,1,Ross Chastain (P),Chv,2,4001,28,31.307,172.485,15
5180,1,2022,1,Ross Chastain (P),Chv,2,4001,29,31.259,172.750,15
5180,1,2022,1,Ross Chastain (P),Chv,2,4001,30,31.267,172.706,15
5180,1,2022,1,Ross Chastain (P),Chv,2,4001,31,31.334,172.337,15
5180,1,2022,1,Ross Chastain (P),Chv,2,4001,32,30.974,174.340,15
5180,1,2022,1,Ross Chastain (P),Chv,2,4001,33,31.111,173.572,15
5180,1,2022,1,Ross Chastain (P),Chv,2,4001,34,31.215,172.994,15
5180,1,2022,1,Ross Chastain (P),Chv,2,4001,35,31.276,172.656,15
5180,1,2022,1,Ross Chastain (P),Chv,2,4001,36,31.26,172.745,14
5180,1,2022,1,Ross Chastain (P),Chv,2,4001,37,31.61,170.832,12
5180,1,2022,1,Ross Chastain (P),Chv,2,4001,38,31.438,171.767,5
5180,1,2022,1,Ross Chastain (P),Chv,2,4001,39,42.464,127.167,9
5180,1,2022,1,Ross Chastain (P),Chv,2,4001,40,58.488,92.327,23
5180,1,2022,1,Ross Chastain (P),Chv,2,4001,41,29.81,181.147,16
5180,1,2022,1,Ross Chastain (P),Chv,2,4001,42,29.682,181.928,14
5180,1,2022,1,Ross Chastain (P),Chv,2,4001,43,29.99,180.060,13
5180,1,2022,1,Ross Chastain (P),Chv,2,4001,44,30.151,179.099,13
5180,1,2022,1,Ross Chastain (P),Chv,2,4001,45,30.049,179.706,12
5180,1,2022,1,Ross Chastain (P),Chv,2,4001,46,29.974,180.156,12
5180,1,2022,1,Ross Chastain (P),Chv,2,4001,47,29.977,180.138,12
5180,1,2022,1,Ross Chastain (P),Chv,2,4001,48,30.338,177.995,12
5180,1,2022,1,Ross Chastain (P),Chv,2,4001,49,30.45,177.340,12
5180,1,2022,1,Ross Chastain (P),Chv,2,4001,50,30.432,177.445,12
5180,1,2022,1,Ross Chastain (P),Chv,2,4001,51,30.484,177.142,12
5180,1,2022,1,Ross Chastain (P),Chv,2,4001,52,30.556,176.725,12
5180,1,2022,1,Ross Chastain (P),Chv,2,4001,53,30.643,176.223,12
5180,1,2022,1,Ross Chastain (P),Chv,2,4001,54,30.783,175.421,12
5180,1,2022,1,Ross Chastain (P),Chv,2,4001,55,30.829,175.160,12
5180,1,2022,1,Ross Chastain (P),Chv,2,4001,56,30.474,177.200,12
5180,1,2022,1,Ross Chastain (P),Chv,2,4001,57,30.64,176.240,12
5180,1,2022,1,Ross Chastain (P),Chv,2,4001,58,30.724,175.758,12
5180,1,2022,1,Ross Chastain (P),Chv,2,4001,59,30.987,174.267,12
5180,1,2022,1,Ross Chastain (P),Chv,2,4001,60,30.883,174.853,12
5180,1,2022,1,Ross Chastain (P),Chv,2,4001,61,31.119,173.527,12
5180,1,2022,1,Ross Chastain (P),Chv,2,4001,62,31.07,173.801,12
5180,1,2022,1,Ross Chastain (P),Chv,2,4001,63,31.025,174.053,12
5180,1,2022,1,Ross Chastain (P),Chv,2,4001,64,31.134,173.444,12
5180,1,2022,1,Ross Chastain (P),Chv,2,4001,65,31.181,173.182,12
5180,1,2022,1,Ross Chastain (P),Chv,2,4001,66,31.091,173.684,12
5180,1,2022,1,Ross Chastain (P),Chv,2,4001,67,30.813,175.251,12
5180,1,2022,1,Ross Chastain (P),Chv,2,4001,68,31.099,173.639,12
5180,1,2022,1,Ross Chastain (P),Chv,2,4001,69,31.398,171.985,12
5180,1,2022,1,Ross Chastain (P),Chv,2,4001,70,31.225,172.938,12
5180,1,2022,1,Ross Chastain (P),Chv,2,4001,71,31.23,172.911,12
5180,1,2022,1,Ross Chastain (P),Chv,2,4001,72,31.288,172.590,12
5180,1,2022,1,Ross Chastain (P),Chv,2,4001,73,31.401,171.969,12
5180,1,2022,1,Ross Chastain (P),Chv,2,4001,74,31.376,172.106,12
5180,1,2022,1,Ross Chastain (P),Chv,2,4001,75,31.224,172.944,12
5180,1,2022,1,Ross Chastain (P),Chv,2,4001,76,31.42,171.865,12
5180,1,2022,1,Ross Chastain (P),Chv,2,4001,77,33.979,158.922,11
5180,1,2022,1,Ross Chastain (P),Chv,2,4001,78,44.511,121.318,11
5180,1,2022,1,Ross Chastain (P),Chv,2,4001,79,79.077,68.288,11
5180,1,2022,1,Ross Chastain (P),Chv,2,4001,80,100.023,53.988,11
5180,1,2022,1,Ross Chastain (P),Chv,2,4001,81,100.686,53.632,11
5180,1,2022,1,Ross Chastain (P),Chv,2,4001,82,93.987,57.455,7
5180,1,2022,1,Ross Chastain (P),Chv,2,4001,83,99.862,54.075,6
5180,1,2022,1,Ross Chastain (P),Chv,2,4001,84,97.995,55.105,5
5180,1,2022,1,Ross Chastain (P),Chv,2,4001,85,92.743,58.225,6
5180,1,2022,1,Ross Chastain (P),Chv,2,4001,86,32.013,168.681,2
5180,1,2022,1,Ross Chastain (P),Chv,2,4001,87,29.618,182.322,2
5180,1,2022,1,Ross Chastain (P),Chv,2,4001,88,29.654,182.100,2
5180,1,2022,1,Ross Chastain (P),Chv,2,4001,89,30.02,179.880,2
5180,1,2022,1,Ross Chastain (P),Chv,2,4001,90,29.991,180.054,2
5180,1,2022,1,Ross Chastain (P),Chv,2,4001,91,30.129,179.229,2
5180,1,2022,1,Ross Chastain (P),Chv,2,4001,92,30.097,179.420,2
5180,1,2022,1,Ross Chastain (P),Chv,2,4001,93,30.158,179.057,2
5180,1,2022,1,Ross Chastain (P),Chv,2,4001,94,30.354,177.901,2
5180,1,2022,1,Ross Chastain (P),Chv,2,4001,95,50.434,107.071,2
5180,1,2022,1,Ross Chastain (P),Chv,2,4001,96,113.581,47.543,2
5180,1,2022,1,Ross Chastain (P),Chv,2,4001,97,111.908,48.254,1
5180,1,2022,1,Ross Chastain (P),Chv,2,4001,98,103.575,52.136,3
5180,1,2022,1,Ross Chastain (P),Chv,2,4001,99,105.805,51.037,3
5180,1,2022,1,Ross Chastain (P),Chv,2,4001,100,97.072,55.629,3
5180,1,2022,1,Ross Chastain (P),Chv,2,4001,101,96.666,55.862,3
5180,1,2022,1,Ross Chastain (P),Chv,2,4001,102,95.366,56.624,4
5180,1,2022,1,Ross Chastain (P),Chv,2,4001,103,43.163,125.107,4
5180,1,2022,1,Ross Chastain (P),Chv,2,4001,104,90.863,59.430,3
5180,1,2022,1,Ross Chastain (P),Chv,2,4001,105,100.525,53.718,3
5180,1,2022,1,Ross Chastain (P),Chv,2,4001,106,100.723,53.612,3
5180,1,2022,1,Ross Chastain (P),Chv,2,4001,107,96.74,55.820,3
5180,1,2022,1,Ross Chastain (P),Chv,2,4001,108,31.962,168.951,1
5180,1,2022,1,Ross Chastain (P),Chv,2,4001,109,29.585,182.525,1
5180,1,2022,1,Ross Chastain (P),Chv,2,4001,110,29.64,182.186,1
5180,1,2022,1,Ross Chastain (P),Chv,2,4001,111,29.789,181.275,1
5180,1,2022,1,Ross Chastain (P),Chv,2,4001,112,29.901,180.596,1
5180,1,2022,1,Ross Chastain (P),Chv,2,4001,113,30.002,179.988,1
5180,1,2022,1,Ross Chastain (P),Chv,2,4001,114,30.194,178.843,1
5180,1,2022,1,Ross Chastain (P),Chv,2,4001,115,30.355,177.895,1
5180,1,2022,1,Ross Chastain (P),Chv,2,4001,116,30.281,178.330,1
5180,1,2022,1,Ross Chastain (P),Chv,2,4001,117,30.341,177.977,1
5180,1,2022,1,Ross Chastain (P),Chv,2,4001,118,30.408,177.585,1
5180,1,2022,1,Ross Chastain (P),Chv,2,4001,119,30.492,177.096,1
5180,1,2022,1,Ross Chastain (P),Chv,2,4001,120,30.612,176.401,1
5180,1,2022,1,Ross Chastain (P),Chv,2,4001,121,30.535,176.846,1
5180,1,2022,1,Ross Chastain (P),Chv,2,4001,122,30.719,175.787,1
5180,1,2022,1,Ross Chastain (P),Chv,2,4001,123,30.754,175.587,1
5180,1,2022,1,Ross Chastain (P),Chv,2,4001,124,30.819,175.217,1
5180,1,2022,1,Ross Chastain (P),Chv,2,4001,125,31.012,174.126,1
5180,1,2022,1,Ross Chastain (P),Chv,2,4001,126,30.995,174.222,1
5180,1,2022,1,Ross Chastain (P),Chv,2,4001,127,30.945,174.503,1
5180,1,2022,1,Ross Chastain (P),Chv,2,4001,128,30.843,175.080,1
5180,1,2022,1,Ross Chastain (P),Chv,2,4001,129,31.196,173.099,2
5180,1,2022,1,Ross Chastain (P),Chv,2,4001,130,31.126,173.488,2
5180,1,2022,1,Ross Chastain (P),Chv,2,4001,131,31.321,172.408,2
5180,1,2022,1,Ross Chastain (P),Chv,2,4001,132,31.374,172.117,2
5180,1,2022,1,Ross Chastain (P),Chv,2,4001,133,31.43,171.810,3
5180,1,2022,1,Ross Chastain (P),Chv,2,4001,134,31.266,172.712,3
5180,1,2022,1,Ross Chastain (P),Chv,2,4001,135,31.402,171.964,3
5180,1,2022,1,Ross Chastain (P),Chv,2,4001,136,31.336,172.326,3
5180,1,2022,1,Ross Chastain (P),Chv,2,4001,137,31.295,172.552,3
5180,1,2022,1,Ross Chastain (P),Chv,2,4001,138,31.28,172.634,3
5180,1,2022,1,Ross Chastain (P),Chv,2,4001,139,31.466,171.614,3
5180,1,2022,1,Ross Chastain (P),Chv,2,4001,140,31.379,172.090,3
5180,1,2022,1,Ross Chastain (P),Chv,2,4001,141,31.488,171.494,3
5180,1,2022,1,Ross Chastain (P),Chv,2,4001,142,31.555,171.130,3
5180,1,2022,1,Ross Chastain (P),Chv,2,4001,143,31.81,169.758,3
5180,1,2022,1,Ross Chastain (P),Chv,2,4001,144,31.63,170.724,3
5180,1,2022,1,Ross Chastain (P),Chv,2,4001,145,31.639,170.675,3
5180,1,2022,1,Ross Chastain (P),Chv,2,4001,146,31.951,169.009,3
5180,1,2022,1,Ross Chastain (P),Chv,2,4001,147,31.721,170.234,3
5180,1,2022,1,Ross Chastain (P),Chv,2,4001,148,31.683,170.438,3
5180,1,2022,1,Ross Chastain (P),Chv,2,4001,149,31.685,170.428,3
5180,1,2022,1,Ross Chastain (P),Chv,2,4001,150,31.763,170.009,3
5180,1,2022,1,Ross Chastain (P),Chv,2,4001,151,31.992,168.792,4
5180,1,2022,1,Ross Chastain (P),Chv,2,4001,152,31.681,170.449,4
5180,1,2022,1,Ross Chastain (P),Chv,2,4001,153,31.716,170.261,4
5180,1,2022,1,Ross Chastain (P),Chv,2,4001,154,31.682,170.444,4
5180,1,2022,1,Ross Chastain (P),Chv,2,4001,155,31.439,171.761,4
5180,1,2022,1,Ross Chastain (P),Chv,2,4001,156,31.668,170.519,4
5180,1,2022,1,Ross Chastain (P),Chv,2,4001,157,31.599,170.891,4
5180,1,2022,1,Ross Chastain (P),Chv,2,4001,158,31.649,170.622,4
5180,1,2022,1,Ross Chastain (P),Chv,2,4001,159,31.783,169.902,4
5180,1,2022,1,Ross Chastain (P),Chv,2,4001,160,31.71,170.293,4
5180,1,2022,1,Ross Chastain (P),Chv,2,4001,161,31.852,169.534,4
5180,1,2022,1,Ross Chastain (P),Chv,2,4001,162,31.704,170.326,4
5180,1,2022,1,Ross Chastain (P),Chv,2,4001,163,31.935,169.093,4
5180,1,2022,1,Ross Chastain (P),Chv,2,4001,164,31.672,170.498,4
5180,1,2022,1,Ross Chastain (P),Chv,2,4001,165,31.908,169.237,4
5180,1,2022,1,Ross Chastain (P),Chv,2,4001,166,50.224,107.518,4
5180,1,2022,1,Ross Chastain (P),Chv,2,4001,167,94.011,57.440,4
5180,1,2022,1,Ross Chastain (P),Chv,2,4001,168,97.367,55.460,2
5180,1,2022,1,Ross Chastain (P),Chv,2,4001,169,99.281,54.391,4
5180,1,2022,1,Ross Chastain (P),Chv,2,4001,170,98.024,55.089,4
5180,1,2022,1,Ross Chastain (P),Chv,2,4001,171,92.544,58.351,4
5180,1,2022,1,Ross Chastain (P),Chv,2,4001,172,32.345,166.950,3
5180,1,2022,1,Ross Chastain (P),Chv,2,4001,173,29.995,180.030,3
5180,1,2022,1,Ross Chastain (P),Chv,2,4001,174,29.822,181.074,3
5180,1,2022,1,Ross Chastain (P),Chv,2,4001,175,29.922,180.469,3
5180,1,2022,1,Ross Chastain (P),Chv,2,4001,176,29.935,180.391,3
5180,1,2022,1,Ross Chastain (P),Chv,2,4001,177,30.554,176.736,3
5180,1,2022,1,Ross Chastain (P),Chv,2,4001,178,30.344,177.959,3
5180,1,2022,1,Ross Chastain (P),Chv,2,4001,179,30.322,178.089,3
5180,1,2022,1,Ross Chastain (P),Chv,2,4001,180,30.497,177.067,3
5180,1,2022,1,Ross Chastain (P),Chv,2,4001,181,30.442,177.387,3
5180,1,2022,1,Ross Chastain (P),Chv,2,4001,182,30.492,177.096,3
5180,1,2022,1,Ross Chastain (P),Chv,2,4001,183,30.553,176.742,3
5180,1,2022,1,Ross Chastain (P),Chv,2,4001,184,30.612,176.401,3
5180,1,2022,1,Ross Chastain (P),Chv,2,4001,185,30.76,175.553,3
5180,1,2022,1,Ross Chastain (P),Chv,2,4001,186,30.711,175.833,3
5180,1,2022,1,Ross Chastain (P),Chv,2,4001,187,30.857,175.001,3
5180,1,2022,1,Ross Chastain (P),Chv,2,4001,188,30.739,175.673,3
5180,1,2022,1,Ross Chastain (P),Chv,2,4001,189,30.7,175.896,3
5180,1,2022,1,Ross Chastain (P),Chv,2,4001,190,30.856,175.006,3
5180,1,2022,1,Ross Chastain (P),Chv,2,4001,191,30.821,175.205,3
5180,1,2022,1,Ross Chastain (P),Chv,2,4001,192,31.0,174.194,3
5180,1,2022,1,Ross Chastain (P),Chv,2,4001,193,30.98,174.306,3
5180,1,2022,1,Ross Chastain (P),Chv,2,4001,194,32.696,165.158,3
5180,1,2022,1,Ross Chastain (P),Chv,2,4001,195,78.79,68.537,3
5180,1,2022,1,Ross Chastain (P),Chv,2,4001,196,98.004,55.100,2
5180,1,2022,1,Ross Chastain (P),Chv,2,4001,197,98.661,54.733,1
5180,1,2022,1,Ross Chastain (P),Chv,2,4001,198,98.019,55.091,1
5180,1,2022,1,Ross Chastain (P),Chv,2,4001,199,101.351,53.280,1
5180,1,2022,1,Ross Chastain (P),Chv,2,4001,200,32.193,167.738,1
5180,1,2022,1,Ross Chastain (P),Chv,2,4001,201,29.609,182.377,1
5180,1,2022,1,Ross Chastain (P),Chv,2,4001,202,29.532,182.852,1
5180,1,2022,1,Ross Chastain (P),Chv,2,4001,203,29.676,181.965,1
5180,1,2022,1,Ross Chastain (P),Chv,2,4001,204,29.972,180.168,1
5180,1,2022,1,Ross Chastain (P),Chv,2,4001,205,30.096,179.426,1
5180,1,2022,1,Ross Chastain (P),Chv,2,4001,206,30.228,178.642,1
5180,1,2022,1,Ross Chastain (P),Chv,2,4001,207,30.325,178.071,1
5180,1,2022,1,Ross Chastain (P),Chv,2,4001,208,30.462,177.270,1
5180,1,2022,1,Ross Chastain (P),Chv,2,4001,209,30.564,176.678,1
5180,1,2022,1,Ross Chastain (P),Chv,2,4001,210,30.491,177.101,1
5180,1,2022,1,Ross Chastain (P),Chv,2,4001,211,30.578,176.598,1
5180,1,2022,1,Ross Chastain (P),Chv,2,4001,212,30.658,176.137,1
5180,1,2022,1,Ross Chastain (P),Chv,2,4001,213,30.754,175.587,1
5180,1,2022,1,Ross Chastain (P),Chv,2,4001,214,30.753,175.593,1
5180,1,2022,1,Ross Chastain (P),Chv,2,4001,215,30.804,175.302,1
5180,1,2022,1,Ross Chastain (P),Chv,2,4001,216,30.83,175.154,1
5180,1,2022,1,Ross Chastain (P),Chv,2,4001,217,30.993,174.233,1
5180,1,2022,1,Ross Chastain (P),Chv,2,4001,218,31.058,173.868,1
5180,1,2022,1,Ross Chastain (P),Chv,2,4001,219,31.22,172.966,1
5180,1,2022,1,Ross Chastain (P),Chv,2,4001,220,31.113,173.561,1
5180,1,2022,1,Ross Chastain (P),Chv,2,4001,221,31.243,172.839,1
5180,1,2022,1,Ross Chastain (P),Chv,2,4001,222,31.006,174.160,1
5180,1,2022,1,Ross Chastain (P),Chv,2,4001,223,31.108,173.589,1
5180,1,2022,1,Ross Chastain (P),Chv,2,4001,224,31.27,172.689,1
5180,1,2022,1,Ross Chastain (P),Chv,2,4001,225,31.223,172.949,1
5180,1,2022,1,Ross Chastain (P),Chv,2,4001,226,31.308,172.480,1
5180,1,2022,1,Ross Chastain (P),Chv,2,4001,227,31.311,172.463,1
5180,1,2022,1,Ross Chastain (P),Chv,2,4001,228,35.648,151.481,1
5180,1,2022,1,Ross Chastain (P),Chv,2,4001,229,89.901,60.066,1
5180,1,2022,1,Ross Chastain (P),Chv,2,4001,230,101.309,53.302,2
5180,1,2022,1,Ross Chastain (P),Chv,2,4001,231,98.76,54.678,2
5180,1,2022,1,Ross Chastain (P),Chv,2,4001,232,96.377,56.030,2
5180,1,2022,1,Ross Chastain (P),Chv,2,4001,233,32.716,165.057,3
5180,1,2022,1,Ross Chastain (P),Chv,2,4001,234,29.851,180.898,3
5180,1,2022,1,Ross Chastain (P),Chv,2,4001,235,30.132,179.211,3
5180,1,2022,1,Ross Chastain (P),Chv,2,4001,236,30.323,178.083,4
5180,1,2022,1,Ross Chastain (P),Chv,2,4001,237,30.436,177.421,5
5180,1,2022,1,Ross Chastain (P),Chv,2,4001,238,30.175,178.956,5
5180,1,2022,1,Ross Chastain (P),Chv,2,4001,239,30.205,178.778,5
5180,1,2022,1,Ross Chastain (P),Chv,2,4001,240,30.583,176.569,4
5180,1,2022,1,Ross Chastain (P),Chv,2,4001,241,50.804,106.291,4
5180,1,2022,1,Ross Chastain (P),Chv,2,4001,242,89.14,60.579,4
5180,1,2022,1,Ross Chastain (P),Chv,2,4001,243,99.901,54.054,4
5180,1,2022,1,Ross Chastain (P),Chv,2,4001,244,100.27,53.855,4
5180,1,2022,1,Ross Chastain (P),Chv,2,4001,245,95.662,56.449,3
5180,1,2022,1,Ross Chastain (P),Chv,2,4001,246,32.976,163.755,3
5180,1,2022,1,Ross Chastain (P),Chv,2,4001,247,53.615,100.718,3
5180,1,2022,1,Ross Chastain (P),Chv,2,4001,248,85.716,62.999,3
5180,1,2022,1,Ross Chastain (P),Chv,2,4001,249,100.681,53.635,3
5180,1,2022,1,Ross Chastain (P),Chv,2,4001,250,100.676,53.637,3
5180,1,2022,1,Ross Chastain (P),Chv,2,4001,251,95.667,56.446,4
5180,1,2022,1,Ross Chastain (P),Chv,2,4001,252,32.184,167.785,1
5180,1,2022,1,Ross Chastain (P),Chv,2,4001,253,29.688,181.892,1
5180,1,2022,1,Ross Chastain (P),Chv,2,4001,254,29.823,181.068,1
5180,1,2022,1,Ross Chastain (P),Chv,2,4001,255,29.909,180.548,1
5180,1,2022,1,Ross Chastain (P),Chv,2,4001,256,30.034,179.796,1
5180,1,2022,1,Ross Chastain (P),Chv,2,4001,257,30.122,179.271,1
5180,1,2022,1,Ross Chastain (P),Chv,2,4001,258,30.355,177.895,1
5180,1,2022,1,Ross Chastain (P),Chv,2,4001,259,30.48,177.165,1
5180,1,2022,1,Ross Chastain (P),Chv,2,4001,260,30.504,177.026,1
5180,1,2022,1,Ross Chastain (P),Chv,2,4001,261,30.706,175.861,1
5180,1,2022,1,Ross Chastain (P),Chv,2,4001,262,30.995,174.222,1
5180,1,2022,1,Ross Chastain (P),Chv,2,4001,263,30.978,174.317,1
5180,1,2022,1,Ross Chastain (P),Chv,2,4001,264,31.021,174.076,1
5180,1,2022,1,Ross Chastain (P),Chv,2,4001,265,30.888,174.825,2
5180,1,2022,1,Ross Chastain (P),Chv,2,4001,266,30.973,174.345,2
5180,1,2022,1,Ross Chastain (P),Chv,2,4001,267,31.097,173.650,2
5180,1,2022,18,Kyle Busch,Tyt,3,454,0,,,18
5180,1,2022,18,Kyle Busch,Tyt,3,454,1,32.855,164.359,16
5180,1,2022,18,Kyle Busch,Tyt,3,454,2,30.477,177.183,15
5180,1,2022,18,Kyle Busch,Tyt,3,454,3,30.36,177.866,16
5180,1,2022,18,Kyle Busch,Tyt,3,454,4,30.274,178.371,16
5180,1,2022,18,Kyle Busch,Tyt,3,454,5,30.25,178.512,15
5180,1,2022,18,Kyle Busch,Tyt,3,454,6,30.532,176.864,13
5180,1,2022,18,Kyle Busch,Tyt,3,454,7,30.402,177.620,13
5180,1,2022,18,Kyle Busch,Tyt,3,454,8,30.372,177.795,13
5180,1,2022,18,Kyle Busch,Tyt,3,454,9,30.469,177.229,13
5180,1,2022,18,Kyle Busch,Tyt,3,454,10,30.383,177.731,12
5180,1,2022,18,Kyle Busch,Tyt,3,454,11,30.744,175.644,11
5180,1,2022,18,Kyle Busch,Tyt,3,454,12,30.439,177.404,10
5180,1,2022,18,Kyle Busch,Tyt,3,454,13,30.428,177.468,10
5180,1,2022,18,Kyle Busch,Tyt,3,454,14,30.265,178.424,10
5180,1,2022,18,Kyle Busch,Tyt,3,454,15,30.454,177.317,10
5180,1,2022,18,Kyle Busch,Tyt,3,454,16,30.324,178.077,10
5180,1,2022,18,Kyle Busch,Tyt,3,454,17,30.431,177.451,10
5180,1,2022,18,Kyle Busch,Tyt,3,454,18,30.49,177.107,10
5180,1,2022,18,Kyle Busch,Tyt,3,454,19,30.642,176.229,10
5180,1,2022,18,Kyle Busch,Tyt,3,454,20,30.679,176.016,10
5180,1,2022,18,Kyle Busch,Tyt,3,454,21,30.684,175.987,10
5180,1,2022,18,Kyle Busch,Tyt,3,454,22,30.658,176.137,10
5180,1,2022,18,Kyle Busch,Tyt,3,454,23,30.784,175.416,10
5180,1,2022,18,Kyle Busch,Tyt,3,454,24,31.04,173.969,10
5180,1,2022,18,Kyle Busch,Tyt,3,454,25,30.836,175.120,10
5180,1,2022,18,Kyle Busch,Tyt,3,454,26,30.892,174.803,10
5180,1,2022,18,Kyle Busch,Tyt,3,454,27,30.816,175.234,9
5180,1,2022,18,Kyle Busch,Tyt,3,454,28,30.888,174.825,9
5180,1,2022,18,Kyle Busch,Tyt,3,454,29,30.878,174.882,9
5180,1,2022,18,Kyle Busch,Tyt,3,454,30,31.072,173.790,9
5180,1,2022,18,Kyle Busch,Tyt,3,454,31,31.179,173.193,9
5180,1,2022,18,Kyle Busch,Tyt,3,454,32,31.167,173.260,9
5180,1,2022,18,Kyle Busch,Tyt,3,454,33,31.093,173.673,9
5180,1,2022,18,Kyle Busch,Tyt,3,454,34,31.274,172.667,9
5180,1,2022,18,Kyle Busch,Tyt,3,454,35,31.282,172.623,9
5180,1,2022,18,Kyle Busch,Tyt,3,454,36,31.245,172.828,7
5180,1,2022,18,Kyle Busch,Tyt,3,454,37,42.795,126.183,20
5180,1,2022,18,Kyle Busch,Tyt,3,454,38,59.338,91.004,29
5180,1,2022,18,Kyle Busch,Tyt,3,454,39,30.47,177.223,21
5180,1,2022,18,Kyle Busch,Tyt,3,454,40,30.115,179.313,13
5180,1,2022,18,Kyle Busch,Tyt,3,454,41,29.903,180.584,7
5180,1,2022,18,Kyle Busch,Tyt,3,454,42,29.822,181.074,4
5180,1,2022,18,Kyle Busch,Tyt,3,454,43,30.112,179.330,4
5180,1,2022,18,Kyle Busch,Tyt,3,454,44,30.156,179.069,4
5180,1,2022,18,Kyle Busch,Tyt,3,454,45,30.077,179.539,4
5180,1,2022,18,Kyle Busch,Tyt,3,454,46,30.176,178.950,4
5180,1,2022,18,Kyle Busch,Tyt,3,454,47,30.156,179.069,4
5180,1,2022,18,Kyle Busch,Tyt,3,454,48,30.56,176.702,4
5180,1,2022,18,Kyle Busch,Tyt,3,454,49,30.578,176.598,4
5180,1,2022,18,Kyle Busch,Tyt,3,454,50,30.764,175.530,4
5180,1,2022,18,Kyle Busch,Tyt,3,454,51,30.497,177.067,4
5180,1,2022,18,Kyle Busch,Tyt,3,454,52,30.482,177.154,4
5180,1,2022,18,Kyle Busch,Tyt,3,454,53,30.577,176.603,4
5180,1,2022,18,Kyle Busch,Tyt,3,454,54,30.709,175.844,4
5180,1,2022,18,Kyle Busch,Tyt,3,454,55,30.808,175.279,4
5180,1,2022,18,Kyle Busch,Tyt,3,454,56,30.759,175.558,5
5180,1,2022,18,Kyle Busch,Tyt,3,454,57,31.195,173.105,5
5180,1,2022,18,Kyle Busch,Tyt,3,454,58,30.933,174.571,5
5180,1,2022,18,Kyle Busch,Tyt,3,454,59,31.301,172.518,6
5180,1,2022,18,Kyle Busch,Tyt,3,454,60,31.03,174.025,6
5180,1,2022,18,Kyle Busch,Tyt,3,454,61,30.897,174.774,6
5180,1,2022,18,Kyle Busch,Tyt,3,454,62,30.713,175.821,6
5180,1,2022,18,Kyle Busch,Tyt,3,454,63,30.925,174.616,5
5180,1,2022,18,Kyle Busch,Tyt,3,454,64,30.903,174.740,5
5180,1,2022,18,Kyle Busch,Tyt,3,454,65,31.157,173.316,5
5180,1,2022,18,Kyle Busch,Tyt,3,454,66,31.109,173.583,5
5180,1,2022,18,Kyle Busch,Tyt,3,454,67,31.042,173.958,5
5180,1,2022,18,Kyle Busch,Tyt,3,454,68,31.326,172.381,6
5180,1,2022,18,Kyle Busch,Tyt,3,454,69,31.294,172.557,6
5180,1,2022,18,Kyle Busch,Tyt,3,454,70,31.202,173.066,6
5180,1,2022,18,Kyle Busch,Tyt,3,454,71,31.155,173.327,6
5180,1,2022,18,Kyle Busch,Tyt,3,454,72,31.096,173.656,6
5180,1,2022,18,Kyle Busch,Tyt,3,454,73,31.171,173.238,6
5180,1,2022,18,Kyle Busch,Tyt,3,454,74,31.065,173.829,6
5180,1,2022,18,Kyle Busch,Tyt,3,454,75,31.3,172.524,6
5180,1,2022,18,Kyle Busch,Tyt,3,454,76,31.449,171.707,6
5180,1,2022,18,Kyle Busch,Tyt,3,454,77,53.73,100.503,18
5180,1,2022,18,Kyle Busch,Tyt,3,454,78,125.994,42.859,33
5180,1,2022,18,Kyle Busch,Tyt,3,454,79,95.871,56.326,33
5180,1,2022,18,Kyle Busch,Tyt,3,454,80,119.845,45.058,33
5180,1,2022,18,Kyle Busch,Tyt,3,454,81,68.559,78.764,33
5180,1,2022,18,Kyle Busch,Tyt,3,454,82,122.926,43.929,33
5180,1,2022,18,Kyle Busch,Tyt,3,454,83,95.962,56.272,33
5180,1,2022,18,Kyle Busch,Tyt,3,454,84,69.436,77.769,33
5180,1,2022,18,Kyle Busch,Tyt,3,454,85,32.223,167.582,33
5180,1,2022,18,Kyle Busch,Tyt,3,454,86,30.797,175.342,33
5180,1,2022,18,Kyle Busch,Tyt,3,454,87,30.76,175.553,32
5180,1,2022,18,Kyle Busch,Tyt,3,454,88,31.122,173.511,32
5180,1,2022,18,Kyle Busch,Tyt,3,454,89,30.81,175.268,31
5180,1,2022,18,Kyle Busch,Tyt,3,454,90,30.894,174.791,31
5180,1,2022,18,Kyle Busch,Tyt,3,454,91,31.006,174.160,31
5180,1,2022,18,Kyle Busch,Tyt,3,454,92,30.898,174.769,30
5180,1,2022,18,Kyle Busch,Tyt,3,454,93,34.812,155.119,30
5180,1,2022,18,Kyle Busch,Tyt,3,454,94,62.657,86.184,30
5180,1,2022,18,Kyle Busch,Tyt,3,454,95,113.769,47.465,27
5180,1,2022,18,Kyle Busch,Tyt,3,454,96,88.343,61.125,27
5180,1,2022,18,Kyle Busch,Tyt,3,454,97,96.001,56.249,27
5180,1,2022,18,Kyle Busch,Tyt,3,454,98,104.379,51.735,27
5180,1,2022,18,Kyle Busch,Tyt,3,454,99,98.077,55.059,27
5180,1,2022,18,Kyle Busch,Tyt,3,454,100,69.602,77.584,27
5180,1,2022,18,Kyle Busch,Tyt,3,454,101,58.255,92.696,27
5180,1,2022,18,Kyle Busch,Tyt,3,454,102,71.316,75.719,27
5180,1,2022,18,Kyle Busch,Tyt,3,454,103,49.915,108.184,25
5180,1,2022,18,Kyle Busch,Tyt,3,454,104,91.007,59.336,22
5180,1,2022,18,Kyle Busch,Tyt,3,454,105,105.503,51.183,23
5180,1,2022,18,Kyle Busch,Tyt,3,454,106,104.336,51.756,23
5180,1,2022,18,Kyle Busch,Tyt,3,454,107,81.504,66.254,23
5180,1,2022,18,Kyle Busch,Tyt,3,454,108,32.08,168.329,23
5180,1,2022,18,Kyle Busch,Tyt,3,454,109,30.394,177.667,22
5180,1,2022,18,Kyle Busch,Tyt,3,454,110,30.563,176.684,20
5180,1,2022,18,Kyle Busch,Tyt,3,454,111,30.408,177.585,19
5180,1,2022,18,Kyle Busch,Tyt,3,454,112,30.518,176.945,19
5180,1,2022,18,Kyle Busch,Tyt,3,454,113,30.732,175.713,18
5180,1,2022,18,Kyle Busch,Tyt,3,454,114,30.774,175.473,17
5180,1,2022,18,Kyle Busch,Tyt,3,454,115,30.65,176.183,17
5180,1,2022,18,Kyle Busch,Tyt,3,454,116,30.486,177.130,16
5180,1,2022,18,Kyle Busch,Tyt,3,454,117,30.69,175.953,15
5180,1,2022,18,Kyle Busch,Tyt,3,454,118,30.614,176.390,15
5180,1,2022,18,Kyle Busch,Tyt,3,454,119,30.691,175.947,15
5180,1,2022,18,Kyle Busch,Tyt,3,454,120,30.841,175.092,15
5180,1,2022,18,Kyle Busch,Tyt,3,454,121,30.833,175.137,15
5180,1,2022,18,Kyle Busch,Tyt,3,454,122,31.045,173.941,15
5180,1,2022,18,Kyle Busch,Tyt,3,454,123,30.878,174.882,14
5180,1,2022,18,Kyle Busch,Tyt,3,454,124,30.949,174.481,14
5180,1,2022,18,Kyle Busch,Tyt,3,454,125,30.936,174.554,14
5180,1,2022,18,Kyle Busch,Tyt,3,454,126,30.964,174.396,14
5180,1,2022,18,Kyle Busch,Tyt,3,454,127,30.962,174.407,14
5180,1,2022,18,Kyle Busch,Tyt,3,454,128,31.024,174.059,13
5180,1,2022,18,Kyle Busch,Tyt,3,454,129,31.106,173.600,12
5180,1,2022,18,Kyle Busch,Tyt,3,454,130,31.178,173.199,12
5180,1,2022,18,Kyle Busch,Tyt,3,454,131,31.219,172.972,12
5180,1,2022,18,Kyle Busch,Tyt,3,454,132,31.126,173.488,12
5180,1,2022,18,Kyle Busch,Tyt,3,454,133,31.2,173.077,13
5180,1,2022,18,Kyle Busch,Tyt,3,454,134,31.244,172.833,13
5180,1,2022,18,Kyle Busch,Tyt,3,454,135,31.348,172.260,13
5180,1,2022,18,Kyle Busch,Tyt,3,454,136,31.41,171.920,13
5180,1,2022,18,Kyle Busch,Tyt,3,454,137,31.302,172.513,13
5180,1,2022,18,Kyle Busch,Tyt,3,454,138,31.405,171.947,12
5180,1,2022,18,Kyle Busch,Tyt,3,454,139,31.308,172.480,11
5180,1,2022,18,Kyle Busch,Tyt,3,454,140,31.386,172.051,11
5180,1,2022,18,Kyle Busch,Tyt,3,454,141,31.402,171.964,11
5180,1,2022,18,Kyle Busch,Tyt,3,454,142,31.272,172.678,11
5180,1,2022,18,Kyle Busch,Tyt,3,454,143,31.339,172.309,11
5180,1,2022,18,Kyle Busch,Tyt,3,454,144,31.435,171.783,11
5180,1,2022,18,Kyle Busch,Tyt,3,454,145,31.315,172.441,11
5180,1,2022,18,Kyle Busch,Tyt,3,454,146,31.417,171.881,11
5180,1,2022,18,Kyle Busch,Tyt,3,454,147,31.371,172.133,11
5180,1,2022,18,Kyle Busch,Tyt,3,454,148,31.422,171.854,11
5180,1,2022,18,Kyle Busch,Tyt,3,454,149,31.717,170.256,11
5180,1,2022,18,Kyle Busch,Tyt,3,454,150,31.715,170.266,11
5180,1,2022,18,Kyle Busch,Tyt,3,454,151,31.565,171.076,11
5180,1,2022,18,Kyle Busch,Tyt,3,454,152,31.453,171.685,11
5180,1,2022,18,Kyle Busch,Tyt,3,454,153,31.486,171.505,11
5180,1,2022,18,Kyle Busch,Tyt,3,454,154,31.594,170.919,11
5180,1,2022,18,Kyle Busch,Tyt,3,454,155,31.752,170.068,11
5180,1,2022,18,Kyle Busch,Tyt,3,454,156,31.777,169.934,11
5180,1,2022,18,Kyle Busch,Tyt,3,454,157,31.654,170.595,10
5180,1,2022,18,Kyle Busch,Tyt,3,454,158,31.869,169.444,10
5180,1,2022,18,Kyle Busch,Tyt,3,454,159,31.814,169.737,10
5180,1,2022,18,Kyle Busch,Tyt,3,454,160,31.836,169.619,10
5180,1,2022,18,Kyle Busch,Tyt,3,454,161,31.991,168.797,10
5180,1,2022,18,Kyle Busch,Tyt,3,454,162,31.964,168.940,10
5180,1,2022,18,Kyle Busch,Tyt,3,454,163,32.11,168.172,10
5180,1,2022,18,Kyle Busch,Tyt,3,454,164,32.061,168.429,10
5180,1,2022,18,Kyle Busch,Tyt,3,454,165,32.195,167.728,10
5180,1,2022,18,Kyle Busch,Tyt,3,454,166,48.68,110.929,10
5180,1,2022,18,Kyle Busch,Tyt,3,454,167,92.462,58.402,10
5180,1,2022,18,Kyle Busch,Tyt,3,454,168,95.243,56.697,6
5180,1,2022,18,Kyle Busch,Tyt,3,454,169,101.238,53.340,10
5180,1,2022,18,Kyle Busch,Tyt,3,454,170,98.302,54.933,9
5180,1,2022,18,Kyle Busch,Tyt,3,454,171,88.882,60.755,9
5180,1,2022,18,Kyle Busch,Tyt,3,454,172,32.738,164.946,10
5180,1,2022,18,Kyle Busch,Tyt,3,454,173,30.336,178.006,11
5180,1,2022,18,Kyle Busch,Tyt,3,454,174,30.468,177.235,11
5180,1,2022,18,Kyle Busch,Tyt,3,454,175,30.315,178.130,11
5180,1,2022,18,Kyle Busch,Tyt,3,454,176,30.834,175.131,10
5180,1,2022,18,Kyle Busch,Tyt,3,454,177,30.301,178.212,9
5180,1,2022,18,Kyle Busch,Tyt,3,454,178,30.4,177.632,9
5180,1,2022,18,Kyle Busch,Tyt,3,454,179,30.487,177.125,9
5180,1,2022,18,Kyle Busch,Tyt,3,454,180,30.609,176.419,8
5180,1,2022,18,Kyle Busch,Tyt,3,454,181,30.654,176.160,8
5180,1,2022,18,Kyle Busch,Tyt,3,454,182,30.692,175.942,8
5180,1,2022,18,Kyle Busch,Tyt,3,454,183,30.634,176.275,8
5180,1,2022,18,Kyle Busch,Tyt,3,454,184,30.741,175.661,8
5180,1,2022,18,Kyle Busch,Tyt,3,454,185,30.842,175.086,8
5180,1,2022,18,Kyle Busch,Tyt,3,454,186,30.852,175.029,8
5180,1,2022,18,Kyle Busch,Tyt,3,454,187,31.044,173.947,9
5180,1,2022,18,Kyle Busch,Tyt,3,454,188,30.999,174.199,9
5180,1,2022,18,Kyle Busch,Tyt,3,454,189,31.114,173.555,10
5180,1,2022,18,Kyle Busch,Tyt,3,454,190,31.006,174.160,10
5180,1,2022,18,Kyle Busch,Tyt,3,454,191,30.971,174.357,10
5180,1,2022,18,Kyle Busch,Tyt,3,454,192,30.914,174.678,10
5180,1,2022,18,Kyle Busch,Tyt,3,454,193,30.97,174.362,10
5180,1,2022,18,Kyle Busch,Tyt,3,454,194,34.46,156.703,10
5180,1,2022,18,Kyle Busch,Tyt,3,454,195,76.123,70.938,10
5180,1,2022,18,Kyle Busch,Tyt,3,454,196,96.092,56.196,7
5180,1,2022,18,Kyle Busch,Tyt,3,454,197,100.524,53.719,8
5180,1,2022,18,Kyle Busch,Tyt,3,454,198,97.305,55.496,6
5180,1,2022,18,Kyle Busch,Tyt,3,454,199,98.375,54.892,6
5180,1,2022,18,Kyle Busch,Tyt,3,454,200,32.721,165.032,6
5180,1,2022,18,Kyle Busch,Tyt,3,454,201,30.329,178.047,5
5180,1,2022,18,Kyle Busch,Tyt,3,454,202,30.148,179.116,5
5180,1,2022,18,Kyle Busch,Tyt,3,454,203,30.156,179.069,4
5180,1,2022,18,Kyle Busch,Tyt,3,454,204,30.186,178.891,4
5180,1,2022,18,Kyle Busch,Tyt,3,454,205,30.311,178.153,4
5180,1,2022,18,Kyle Busch,Tyt,3,454,206,30.187,178.885,3
5180,1,2022,18,Kyle Busch,Tyt,3,454,207,30.321,178.094,3
5180,1,2022,18,Kyle Busch,Tyt,3,454,208,30.536,176.840,4
5180,1,2022,18,Kyle Busch,Tyt,3,454,209,30.566,176.667,4
5180,1,2022,18,Kyle Busch,Tyt,3,454,210,30.472,177.212,4
5180,1,2022,18,Kyle Busch,Tyt,3,454,211,30.669,176.074,4
5180,1,2022,18,Kyle Busch,Tyt,3,454,212,30.796,175.347,4
5180,1,2022,18,Kyle Busch,Tyt,3,454,213,30.773,175.479,4
5180,1,2022,18,Kyle Busch,Tyt,3,454,214,30.733,175.707,4
5180,1,2022,18,Kyle Busch,Tyt,3,454,215,30.783,175.421,4
5180,1,2022,18,Kyle Busch,Tyt,3,454,216,31.091,173.684,5
5180,1,2022,18,Kyle Busch,Tyt,3,454,217,30.896,174.780,5
5180,1,2022,18,Kyle Busch,Tyt,3,454,218,30.855,175.012,5
5180,1,2022,18,Kyle Busch,Tyt,3,454,219,30.857,175.001,5
5180,1,2022,18,Kyle Busch,Tyt,3,454,220,30.944,174.509,5
5180,1,2022,18,Kyle Busch,Tyt,3,454,221,30.952,174.464,5
5180,1,2022,18,Kyle Busch,Tyt,3,454,222,31.139,173.416,5
5180,1,2022,18,Kyle Busch,Tyt,3,454,223,31.176,173.210,5
5180,1,2022,18,Kyle Busch,Tyt,3,454,224,31.186,173.155,5
5180,1,2022,18,Kyle Busch,Tyt,3,454,225,31.185,173.160,5
5180,1,2022,18,Kyle Busch,Tyt,3,454,226,31.19,173.132,5
5180,1,2022,18,Kyle Busch,Tyt,3,454,227,31.18,173.188,5
5180,1,2022,18,Kyle Busch,Tyt,3,454,228,35.465,152.263,4
5180,1,2022,18,Kyle Busch,Tyt,3,454,229,88.52,61.003,3
5180,1,2022,18,Kyle Busch,Tyt,3,454,230,113.621,47.526,22
5180,1,2022,18,Kyle Busch,Tyt,3,454,231,107.85,50.070,26
5180,1,2022,18,Kyle Busch,Tyt,3,454,232,76.401,70.680,26
5180,1,2022,18,Kyle Busch,Tyt,3,454,233,32.285,167.260,25
5180,1,2022,18,Kyle Busch,Tyt,3,454,234,30.776,175.461,24
5180,1,2022,18,Kyle Busch,Tyt,3,454,235,30.857,175.001,23
5180,1,2022,18,Kyle Busch,Tyt,3,454,236,30.623,176.338,21
5180,1,2022,18,Kyle Busch,Tyt,3,454,237,30.458,177.293,19
5180,1,2022,18,Kyle Busch,Tyt,3,454,238,30.423,177.497,17
5180,1,2022,18,Kyle Busch,Tyt,3,454,239,30.464,177.258,17
5180,1,2022,18,Kyle Busch,Tyt,3,454,240,31.291,172.574,16
5180,1,2022,18,Kyle Busch,Tyt,3,454,241,51.85,104.147,16
5180,1,2022,18,Kyle Busch,Tyt,3,454,242,86.754,62.245,11
5180,1,2022,18,Kyle Busch,Tyt,3,454,243,107.342,50.306,18
5180,1,2022,18,Kyle Busch,Tyt,3,454,244,100.636,53.659,18
5180,1,2022,18,Kyle Busch,Tyt,3,454,245,85.049,63.493,17
5180,1,2022,18,Kyle Busch,Tyt,3,454,246,33.574,160.839,17
5180,1,2022,18,Kyle Busch,Tyt,3,454,247,57.804,93.419,14
5180,1,2022,18,Kyle Busch,Tyt,3,454,248,86.239,62.617,15
5180,1,2022,18,Kyle Busch,Tyt,3,454,249,101.145,53.389,14
5180,1,2022,18,Kyle Busch,Tyt,3,454,250,102.714,52.573,14
5180,1,2022,18,Kyle Busch,Tyt,3,454,251,87.689,61.581,13
5180,1,2022,18,Kyle Busch,Tyt,3,454,252,32.321,167.074,7
5180,1,2022,18,Kyle Busch,Tyt,3,454,253,30.391,177.684,8
5180,1,2022,18,Kyle Busch,Tyt,3,454,254,29.942,180.349,7
5180,1,2022,18,Kyle Busch,Tyt,3,454,255,30.408,177.585,6
5180,1,2022,18,Kyle Busch,Tyt,3,454,256,30.156,179.069,4
5180,1,2022,18,Kyle Busch,Tyt,3,454,257,30.025,179.850,4
5180,1,2022,18,Kyle Busch,Tyt,3,454,258,30.26,178.453,4
5180,1,2022,18,Kyle Busch,Tyt,3,454,259,30.371,177.801,4
5180,1,2022,18,Kyle Busch,Tyt,3,454,260,30.403,177.614,4
5180,1,2022,18,Kyle Busch,Tyt,3,454,261,30.507,177.009,4
5180,1,2022,18,Kyle Busch,Tyt,3,454,262,30.615,176.384,4
5180,1,2022,18,Kyle Busch,Tyt,3,454,263,30.566,176.667,4
5180,1,2022,18,Kyle Busch,Tyt,3,454,264,30.771,175.490,3
5180,1,2022,18,Kyle Busch,Tyt,3,454,265,30.791,175.376,3
5180,1,2022,18,Kyle Busch,Tyt,3,454,266,30.81,175.268,3
5180,1,2022,18,Kyle Busch,Tyt,3,454,267,31.047,173.930,3
5180,1,2022,14,Chase Briscoe (P),Frd,4,4228,0,,,16
5180,1,2022,14,Chase Briscoe (P),Frd,4,4228,1,33.213,162.587,19
5180,1,2022,14,Chase Briscoe (P),Frd,4,4228,2,30.625,176.327,20
5180,1,2022,14,Chase Briscoe (P),Frd,4,4228,3,30.573,176.626,20
5180,1,2022,14,Chase Briscoe (P),Frd,4,4228,4,30.891,174.808,21
5180,1,2022,14,Chase Briscoe (P),Frd,4,4228,5,31.097,173.650,24
5180,1,2022,14,Chase Briscoe (P),Frd,4,4228,6,30.578,176.598,24
5180,1,2022,14,Chase Briscoe (P),Frd,4,4228,7,30.724,175.758,23
5180,1,2022,14,Chase Briscoe (P),Frd,4,4228,8,31.012,174.126,24
5180,1,2022,14,Chase Briscoe (P),Frd,4,4228,9,30.894,174.791,24
5180,1,2022,14,Chase Briscoe (P),Frd,4,4228,10,31.069,173.807,24
5180,1,2022,14,Chase Briscoe (P),Frd,4,4228,11,30.819,175.217,24
5180,1,2022,14,Chase Briscoe (P),Frd,4,4228,12,31.094,173.667,25
5180,1,2022,14,Chase Briscoe (P),Frd,4,4228,13,31.121,173.516,25
5180,1,2022,14,Chase Briscoe (P),Frd,4,4228,14,31.158,173.310,25
5180,1,2022,14,Chase Briscoe (P),Frd,4,4228,15,31.138,173.422,25
5180,1,2022,14,Chase Briscoe (P),Frd,4,4228,16,31.28,172.634,25
5180,1,2022,14,Chase Briscoe (P),Frd,4,4228,17,31.566,171.070,26
5180,1,2022,14,Chase Briscoe (P),Frd,4,4228,18,31.673,170.492,27
5180,1,2022,14,Chase Briscoe (P),Frd,4,4228,19,31.392,172.018,27
5180,1,2022,14,Chase Briscoe (P),Frd,4,4228,20,31.274,172.667,27
5180,1,2022,14,Chase Briscoe (P),Frd,4,4228,21,31.275,172.662,27
5180,1,2022,14,Chase Briscoe (P),Frd,4,4228,22,31.047,173.930,27
5180,1,2022,14,Chase Briscoe (P),Frd,4,4228,23,31.288,172.590,27
5180,1,2022,14,Chase Briscoe (P),Frd,4,4228,24,31.324,172.392,27
5180,1,2022,14,Chase Briscoe (P),Frd,4,4228,25,31.366,172.161,27
5180,1,2022,14,Chase Briscoe (P),Frd,4,4228,26,31.598,170.897,28
5180,1,2022,14,Chase Briscoe (P),Frd,4,4228,27,31.66,170.562,28
5180,1,2022,14,Chase Briscoe (P),Frd,4,4228,28,31.297,172.540,28
5180,1,2022,14,Chase Briscoe (P),Frd,4,4228,29,31.411,171.914,28
5180,1,2022,14,Chase Briscoe (P),Frd,4,4228,30,31.81,169.758,28
5180,1,2022,14,Chase Briscoe (P),Frd,4,4228,31,31.552,171.146,28
5180,1,2022,14,Chase Briscoe (P),Frd,4,4228,32,31.535,171.238,28
5180,1,2022,14,Chase Briscoe (P),Frd,4,4228,33,31.534,171.244,28
5180,1,2022,14,Chase Briscoe (P),Frd,4,4228,34,31.446,171.723,27
5180,1,2022,14,Chase Briscoe (P),Frd,4,4228,35,31.544,171.189,27
5180,1,2022,14,Chase Briscoe (P),Frd,4,4228,36,31.505,171.401,26
5180,1,2022,14,Chase Briscoe (P),Frd,4,4228,37,31.595,170.913,26
5180,1,2022,14,Chase Briscoe (P),Frd,4,4228,38,31.698,170.358,18
5180,1,2022,14,Chase Briscoe (P),Frd,4,4228,39,43.196,125.012,13
5180,1,2022,14,Chase Briscoe (P),Frd,4,4228,40,60.149,89.777,31
5180,1,2022,14,Chase Briscoe (P),Frd,4,4228,41,30.707,175.856,30
5180,1,2022,14,Chase Briscoe (P),Frd,4,4228,42,30.503,177.032,28
5180,1,2022,14,Chase Briscoe (P),Frd,4,4228,43,30.458,177.293,26
5180,1,2022,14,Chase Briscoe (P),Frd,4,4228,44,30.116,179.307,26
5180,1,2022,14,Chase Briscoe (P),Frd,4,4228,45,30.282,178.324,26
5180,1,2022,14,Chase Briscoe (P),Frd,4,4228,46,30.612,176.401,27
5180,1,2022,14,Chase Briscoe (P),Frd,4,4228,47,30.588,176.540,27
5180,1,2022,14,Chase Briscoe (P),Frd,4,4228,48,30.608,176.424,27
5180,1,2022,14,Chase Briscoe (P),Frd,4,4228,49,30.687,175.970,27
5180,1,2022,14,Chase Briscoe (P),Frd,4,4228,50,30.602,176.459,27
5180,1,2022,14,Chase Briscoe (P),Frd,4,4228,51,30.699,175.901,27
5180,1,2022,14,Chase Briscoe (P),Frd,4,4228,52,30.934,174.565,27
5180,1,2022,14,Chase Briscoe (P),Frd,4,4228,53,30.923,174.627,27
5180,1,2022,14,Chase Briscoe (P),Frd,4,4228,54,31.211,173.016,27
5180,1,2022,14,Chase Briscoe (P),Frd,4,4228,55,31.029,174.031,27
5180,1,2022,14,Chase Briscoe (P),Frd,4,4228,56,31.007,174.154,26
5180,1,2022,14,Chase Briscoe (P),Frd,4,4228,57,30.951,174.469,26
5180,1,2022,14,Chase Briscoe (P),Frd,4,4228,58,30.769,175.501,26
5180,1,2022,14,Chase Briscoe (P),Frd,4,4228,59,30.705,175.867,26
5180,1,2022,14,Chase Briscoe (P),Frd,4,4228,60,30.854,175.018,26
5180,1,2022,14,Chase Briscoe (P),Frd,4,4228,61,30.94,174.531,26
5180,1,2022,14,Chase Briscoe (P),Frd,4,4228,62,31.159,173.305,26
5180,1,2022,14,Chase Briscoe (P),Frd,4,4228,63,31.12,173.522,26
5180,1,2022,14,Chase Briscoe (P),Frd,4,4228,64,31.195,173.105,26
5180,1,2022,14,Chase Briscoe (P),Frd,4,4228,65,31.083,173.728,26
5180,1,2022,14,Chase Briscoe (P),Frd,4,4228,66,31.073,173.784,26
5180,1,2022,14,Chase Briscoe (P),Frd,4,4228,67,31.111,173.572,26
5180,1,2022,14,Chase Briscoe (P),Frd,4,4228,68,31.284,172.612,26
5180,1,2022,14,Chase Briscoe (P),Frd,4,4228,69,31.622,170.767,26
5180,1,2022,14,Chase Briscoe (P),Frd,4,4228,70,32.213,167.634,26
5180,1,2022,14,Chase Briscoe (P),Frd,4,4228,71,31.709,170.299,26
5180,1,2022,14,Chase Briscoe (P),Frd,4,4228,72,31.631,170.719,26
5180,1,2022,14,Chase Briscoe (P),Frd,4,4228,73,31.888,169.343,26
5180,1,2022,14,Chase Briscoe (P),Frd,4,4228,74,31.491,171.478,26
5180,1,2022,14,Chase Briscoe (P),Frd,4,4228,75,31.395,172.002,26
5180,1,2022,14,Chase Briscoe (P),Frd,4,4228,76,32.393,166.703,26
5180,1,2022,14,Chase Briscoe (P),Frd,4,4228,77,42.512,127.023,26
5180,1,2022,14,Chase Briscoe (P),Frd,4,4228,78,84.305,64.053,25
5180,1,2022,14,Chase Briscoe (P),Frd,4,4228,79,99.79,54.114,25
5180,1,2022,14,Chase Briscoe (P),Frd,4,4228,80,100.613,53.671,25
5180,1,2022,14,Chase Briscoe (P),Frd,4,4228,81,91.885,58.769,25
5180,1,2022,14,Chase Briscoe (P),Frd,4,4228,82,39.041,138.316,25
5180,1,2022,14,Chase Briscoe (P),Frd,4,4228,83,68.247,79.124,5
5180,1,2022,14,Chase Briscoe (P),Frd,4,4228,84,120.048,44.982,25
5180,1,2022,14,Chase Briscoe (P),Frd,4,4228,85,73.057,73.915,25
5180,1,2022,14,Chase Briscoe (P),Frd,4,4228,86,32.391,166.713,25
5180,1,2022,14,Chase Briscoe (P),Frd,4,4228,87,30.978,174.317,25
5180,1,2022,14,Chase Briscoe (P),Frd,4,4228,88,30.702,175.884,25
5180,1,2022,14,Chase Briscoe (P),Frd,4,4228,89,31.13,173.466,25
5180,1,2022,14,Chase Briscoe (P),Frd,4,4228,90,30.888,174.825,25
5180,1,2022,14,Chase Briscoe (P),Frd,4,4228,91,30.946,174.498,25
5180,1,2022,14,Chase Briscoe (P),Frd,4,4228,92,31.009,174.143,25
5180,1,2022,14,Chase Briscoe (P),Frd,4,4228,93,30.764,175.530,25
5180,1,2022,14,Chase Briscoe (P),Frd,4,4228,94,34.025,158.707,25
5180,1,2022,14,Chase Briscoe (P),Frd,4,4228,95,59.159,91.279,22
5180,1,2022,14,Chase Briscoe (P),Frd,4,4228,96,114.46,47.178,22
5180,1,2022,14,Chase Briscoe (P),Frd,4,4228,97,95.785,56.376,10
5180,1,2022,14,Chase Briscoe (P),Frd,4,4228,98,111.335,48.502,21
5180,1,2022,14,Chase Briscoe (P),Frd,4,4228,99,105.136,51.362,21
5180,1,2022,14,Chase Briscoe (P),Frd,4,4228,100,95.045,56.815,21
5180,1,2022,14,Chase Briscoe (P),Frd,4,4228,101,102.648,52.607,21
5180,1,2022,14,Chase Briscoe (P),Frd,4,4228,102,79.382,68.025,21
5180,1,2022,14,Chase Briscoe (P),Frd,4,4228,103,48.063,112.353,20
5180,1,2022,14,Chase Briscoe (P),Frd,4,4228,104,91.563,58.976,18
5180,1,2022,14,Chase Briscoe (P),Frd,4,4228,105,110.08,49.055,28
5180,1,2022,14,Chase Briscoe (P),Frd,4,4228,106,105.552,51.160,27
5180,1,2022,14,Chase Briscoe (P),Frd,4,4228,107,77.913,69.308,27
5180,1,2022,14,Chase Briscoe (P),Frd,4,4228,108,32.139,168.020,27
5180,1,2022,14,Chase Briscoe (P),Frd,4,4228,109,30.284,178.312,24
5180,1,2022,14,Chase Briscoe (P),Frd,4,4228,110,30.697,175.913,24
5180,1,2022,14,Chase Briscoe (P),Frd,4,4228,111,30.591,176.523,24
5180,1,2022,14,Chase Briscoe (P),Frd,4,4228,112,30.676,176.033,23
5180,1,2022,14,Chase Briscoe (P),Frd,4,4228,113,30.812,175.256,23
5180,1,2022,14,Chase Briscoe (P),Frd,4,4228,114,31.014,174.115,23
5180,1,2022,14,Chase Briscoe (P),Frd,4,4228,115,31.368,172.150,24
5180,1,2022,14,Chase Briscoe (P),Frd,4,4228,116,31.315,172.441,24
5180,1,2022,14,Chase Briscoe (P),Frd,4,4228,117,30.804,175.302,23
5180,1,2022,14,Chase Briscoe (P),Frd,4,4228,118,30.921,174.639,23
5180,1,2022,14,Chase Briscoe (P),Frd,4,4228,119,30.986,174.272,23
5180,1,2022,14,Chase Briscoe (P),Frd,4,4228,120,31.131,173.461,22
5180,1,2022,14,Chase Briscoe (P),Frd,4,4228,121,30.917,174.661,22
5180,1,2022,14,Chase Briscoe (P),Frd,4,4228,122,30.922,174.633,22
5180,1,2022,14,Chase Briscoe (P),Frd,4,4228,123,31.104,173.611,22
5180,1,2022,14,Chase Briscoe (P),Frd,4,4228,124,31.262,172.734,22
5180,1,2022,14,Chase Briscoe (P),Frd,4,4228,125,31.261,172.739,22
5180,1,2022,14,Chase Briscoe (P),Frd,4,4228,126,31.153,173.338,22
5180,1,2022,14,Chase Briscoe (P),Frd,4,4228,127,31.204,173.055,21
5180,1,2022,14,Chase Briscoe (P),Frd,4,4228,128,31.319,172.419,21
5180,1,2022,14,Chase Briscoe (P),Frd,4,4228,129,31.244,172.833,21
5180,1,2022,14,Chase Briscoe (P),Frd,4,4228,130,31.355,172.221,21
5180,1,2022,14,Chase Briscoe (P),Frd,4,4228,131,31.47,171.592,21
5180,1,2022,14,Chase Briscoe (P),Frd,4,4228,132,31.439,171.761,21
5180,1,2022,14,Chase Briscoe (P),Frd,4,4228,133,31.34,172.304,21
5180,1,2022,14,Chase Briscoe (P),Frd,4,4228,134,31.419,171.871,21
5180,1,2022,14,Chase Briscoe (P),Frd,4,4228,135,31.392,172.018,21
5180,1,2022,14,Chase Briscoe (P),Frd,4,4228,136,31.315,172.441,21
5180,1,2022,14,Chase Briscoe (P),Frd,4,4228,137,31.301,172.518,21
5180,1,2022,14,Chase Briscoe (P),Frd,4,4228,138,31.518,171.331,21
5180,1,2022,14,Chase Briscoe (P),Frd,4,4228,139,31.613,170.816,21
5180,1,2022,14,Chase Briscoe (P),Frd,4,4228,140,31.571,171.043,21
5180,1,2022,14,Chase Briscoe (P),Frd,4,4228,141,31.616,170.800,20
5180,1,2022,14,Chase Briscoe (P),Frd,4,4228,142,31.659,170.568,20
5180,1,2022,14,Chase Briscoe (P),Frd,4,4228,143,31.71,170.293,20
5180,1,2022,14,Chase Briscoe (P),Frd,4,4228,144,31.735,170.159,19
5180,1,2022,14,Chase Briscoe (P),Frd,4,4228,145,31.741,170.127,19
5180,1,2022,14,Chase Briscoe (P),Frd,4,4228,146,31.749,170.084,19
5180,1,2022,14,Chase Briscoe (P),Frd,4,4228,147,31.984,168.834,19
5180,1,2022,14,Chase Briscoe (P),Frd,4,4228,148,31.751,170.073,19
5180,1,2022,14,Chase Briscoe (P),Frd,4,4228,149,31.476,171.559,19
5180,1,2022,14,Chase Briscoe (P),Frd,4,4228,150,31.605,170.859,19
5180,1,2022,14,Chase Briscoe (P),Frd,4,4228,151,31.636,170.692,19
5180,1,2022,14,Chase Briscoe (P),Frd,4,4228,152,31.884,169.364,19
5180,1,2022,14,Chase Briscoe (P),Frd,4,4228,153,31.736,170.154,19
5180,1,2022,14,Chase Briscoe (P),Frd,4,4228,154,31.797,169.827,19
5180,1,2022,14,Chase Briscoe (P),Frd,4,4228,155,31.857,169.507,19
5180,1,2022,14,Chase Briscoe (P),Frd,4,4228,156,31.763,170.009,19
5180,1,2022,14,Chase Briscoe (P),Frd,4,4228,157,31.726,170.207,19
5180,1,2022,14,Chase Briscoe (P),Frd,4,4228,158,31.784,169.897,19
5180,1,2022,14,Chase Briscoe (P),Frd,4,4228,159,31.725,170.213,19
5180,1,2022,14,Chase Briscoe (P),Frd,4,4228,160,31.694,170.379,19
5180,1,2022,14,Chase Briscoe (P),Frd,4,4228,161,31.868,169.449,19
5180,1,2022,14,Chase Briscoe (P),Frd,4,4228,162,31.924,169.152,19
5180,1,2022,14,Chase Briscoe (P),Frd,4,4228,163,31.912,169.215,19
5180,1,2022,14,Chase Briscoe (P),Frd,4,4228,164,32.039,168.545,19
5180,1,2022,14,Chase Briscoe (P),Frd,4,4228,165,34.602,156.060,19
5180,1,2022,14,Chase Briscoe (P),Frd,4,4228,166,45.114,119.697,19
5180,1,2022,14,Chase Briscoe (P),Frd,4,4228,167,90.692,59.542,19
5180,1,2022,14,Chase Briscoe (P),Frd,4,4228,168,90.848,59.440,11
5180,1,2022,14,Chase Briscoe (P),Frd,4,4228,169,101.284,53.315,14
5180,1,2022,14,Chase Briscoe (P),Frd,4,4228,170,99.283,54.390,13
5180,1,2022,14,Chase Briscoe (P),Frd,4,4228,171,85.37,63.254,13
5180,1,2022,14,Chase Briscoe (P),Frd,4,4228,172,32.534,165.980,11
5180,1,2022,14,Chase Briscoe (P),Frd,4,4228,173,30.279,178.341,10
5180,1,2022,14,Chase Briscoe (P),Frd,4,4228,174,30.422,177.503,10
5180,1,2022,14,Chase Briscoe (P),Frd,4,4228,175,30.293,178.259,9
5180,1,2022,14,Chase Briscoe (P),Frd,4,4228,176,30.991,174.244,11
5180,1,2022,14,Chase Briscoe (P),Frd,4,4228,177,30.545,176.788,11
5180,1,2022,14,Chase Briscoe (P),Frd,4,4228,178,30.562,176.690,11
5180,1,2022,14,Chase Briscoe (P),Frd,4,4228,179,30.555,176.730,11
5180,1,2022,14,Chase Briscoe (P),Frd,4,4228,180,30.695,175.924,11
5180,1,2022,14,Chase Briscoe (P),Frd,4,4228,181,30.937,174.548,12
5180,1,2022,14,Chase Briscoe (P),Frd,4,4228,182,30.724,175.758,12
5180,1,2022,14,Chase Briscoe (P),Frd,4,4228,183,30.833,175.137,12
5180,1,2022,14,Chase Briscoe (P),Frd,4,4228,184,30.781,175.433,12
5180,1,2022,14,Chase Briscoe (P),Frd,4,4228,185,30.776,175.461,12
5180,1,2022,14,Chase Briscoe (P),Frd,4,4228,186,31.054,173.891,12
5180,1,2022,14,Chase Briscoe (P),Frd,4,4228,187,30.934,174.565,12
5180,1,2022,14,Chase Briscoe (P),Frd,4,4228,188,30.87,174.927,12
5180,1,2022,14,Chase Briscoe (P),Frd,4,4228,189,30.858,174.995,12
5180,1,2022,14,Chase Briscoe (P),Frd,4,4228,190,30.935,174.560,12
5180,1,2022,14,Chase Briscoe (P),Frd,4,4228,191,30.835,175.126,12
5180,1,2022,14,Chase Briscoe (P),Frd,4,4228,192,31.241,172.850,12
5180,1,2022,14,Chase Briscoe (P),Frd,4,4228,193,31.107,173.594,12
5180,1,2022,14,Chase Briscoe (P),Frd,4,4228,194,34.937,154.564,12
5180,1,2022,14,Chase Briscoe (P),Frd,4,4228,195,76.096,70.963,12
5180,1,2022,14,Chase Briscoe (P),Frd,4,4228,196,95.117,56.772,8
5180,1,2022,14,Chase Briscoe (P),Frd,4,4228,197,100.292,53.843,9
5180,1,2022,14,Chase Briscoe (P),Frd,4,4228,198,98.864,54.620,9
5180,1,2022,14,Chase Briscoe (P),Frd,4,4228,199,96.602,55.899,7
5180,1,2022,14,Chase Briscoe (P),Frd,4,4228,200,32.851,164.379,9
5180,1,2022,14,Chase Briscoe (P),Frd,4,4228,201,30.752,175.598,11
5180,1,2022,14,Chase Briscoe (P),Frd,4,4228,202,30.498,177.061,10
5180,1,2022,14,Chase Briscoe (P),Frd,4,4228,203,30.128,179.235,10
5180,1,2022,14,Chase Briscoe (P),Frd,4,4228,204,30.318,178.112,9
5180,1,2022,14,Chase Briscoe (P),Frd,4,4228,205,30.397,177.649,9
5180,1,2022,14,Chase Briscoe (P),Frd,4,4228,206,30.596,176.494,9
5180,1,2022,14,Chase Briscoe (P),Frd,4,4228,207,30.386,177.713,9
5180,1,2022,14,Chase Briscoe (P),Frd,4,4228,208,30.578,176.598,9
5180,1,2022,14,Chase Briscoe (P),Frd,4,4228,209,30.581,176.580,9
5180,1,2022,14,Chase Briscoe (P),Frd,4,4228,210,31.1,173.633,9
5180,1,2022,14,Chase Briscoe (P),Frd,4,4228,211,30.675,176.039,9
5180,1,2022,14,Chase Briscoe (P),Frd,4,4228,212,30.672,176.056,9
5180,1,2022,14,Chase Briscoe (P),Frd,4,4228,213,31.028,174.036,9
5180,1,2022,14,Chase Briscoe (P),Frd,4,4228,214,30.902,174.746,9
5180,1,2022,14,Chase Briscoe (P),Frd,4,4228,215,30.883,174.853,9
5180,1,2022,14,Chase Briscoe (P),Frd,4,4228,216,30.924,174.622,9
5180,1,2022,14,Chase Briscoe (P),Frd,4,4228,217,30.895,174.786,8
5180,1,2022,14,Chase Briscoe (P),Frd,4,4228,218,31.003,174.177,8
5180,1,2022,14,Chase Briscoe (P),Frd,4,4228,219,30.988,174.261,8
5180,1,2022,14,Chase Briscoe (P),Frd,4,4228,220,30.998,174.205,8
5180,1,2022,14,Chase Briscoe (P),Frd,4,4228,221,31.131,173.461,8
5180,1,2022,14,Chase Briscoe (P),Frd,4,4228,222,31.243,172.839,8
5180,1,2022,14,Chase Briscoe (P),Frd,4,4228,223,30.99,174.250,8
5180,1,2022,14,Chase Briscoe (P),Frd,4,4228,224,31.193,173.116,8
5180,1,2022,14,Chase Briscoe (P),Frd,4,4228,225,31.339,172.309,8
5180,1,2022,14,Chase Briscoe (P),Frd,4,4228,226,31.206,173.044,8
5180,1,2022,14,Chase Briscoe (P),Frd,4,4228,227,31.163,173.282,8
5180,1,2022,14,Chase Briscoe (P),Frd,4,4228,228,38.242,141.206,7
5180,1,2022,14,Chase Briscoe (P),Frd,4,4228,229,83.686,64.527,6
5180,1,2022,14,Chase Briscoe (P),Frd,4,4228,230,102.219,52.828,6
5180,1,2022,14,Chase Briscoe (P),Frd,4,4228,231,98.961,54.567,6
5180,1,2022,14,Chase Briscoe (P),Frd,4,4228,232,93.581,57.704,5
5180,1,2022,14,Chase Briscoe (P),Frd,4,4228,233,32.337,166.991,2
5180,1,2022,14,Chase Briscoe (P),Frd,4,4228,234,29.961,180.234,2
5180,1,2022,14,Chase Briscoe (P),Frd,4,4228,235,29.883,180.705,2
5180,1,2022,14,Chase Briscoe (P),Frd,4,4228,236,29.971,180.174,2
5180,1,2022,14,Chase Briscoe (P),Frd,4,4228,237,30.189,178.873,2
5180,1,2022,14,Chase Briscoe (P),Frd,4,4228,238,30.151,179.099,2
5180,1,2022,14,Chase Briscoe (P),Frd,4,4228,239,30.098,179.414,2
5180,1,2022,14,Chase Briscoe (P),Frd,4,4228,240,30.113,179.325,2
5180,1,2022,14,Chase Briscoe (P),Frd,4,4228,241,50.577,106.768,2
5180,1,2022,14,Chase Briscoe (P),Frd,4,4228,242,89.458,60.364,2
5180,1,2022,14,Chase Briscoe (P),Frd,4,4228,243,100.393,53.789,2
5180,1,2022,14,Chase Briscoe (P),Frd,4,4228,244,100.09,53.951,2
5180,1,2022,14,Chase Briscoe (P),Frd,4,4228,245,96.701,55.842,2
5180,1,2022,14,Chase Briscoe (P),Frd,4,4228,246,32.72,165.037,1
5180,1,2022,14,Chase Briscoe (P),Frd,4,4228,247,51.445,104.966,1
5180,1,2022,14,Chase Briscoe (P),Frd,4,4228,248,86.844,62.180,1
5180,1,2022,14,Chase Briscoe (P),Frd,4,4228,249,100.494,53.735,1
5180,1,2022,14,Chase Briscoe (P),Frd,4,4228,250,100.838,53.551,1
5180,1,2022,14,Chase Briscoe (P),Frd,4,4228,251,96.938,55.706,1
5180,1,2022,14,Chase Briscoe (P),Frd,4,4228,252,32.564,165.827,3
5180,1,2022,14,Chase Briscoe (P),Frd,4,4228,253,30.091,179.456,3
5180,1,2022,14,Chase Briscoe (P),Frd,4,4228,254,30.01,179.940,2
5180,1,2022,14,Chase Briscoe (P),Frd,4,4228,255,29.948,180.313,2
5180,1,2022,14,Chase Briscoe (P),Frd,4,4228,256,30.046,179.724,2
5180,1,2022,14,Chase Briscoe (P),Frd,4,4228,257,30.262,178.442,2
5180,1,2022,14,Chase Briscoe (P),Frd,4,4228,258,30.555,176.730,3
5180,1,2022,14,Chase Briscoe (P),Frd,4,4228,259,30.594,176.505,3
5180,1,2022,14,Chase Briscoe (P),Frd,4,4228,260,30.582,176.574,3
5180,1,2022,14,Chase Briscoe (P),Frd,4,4228,261,30.655,176.154,3
5180,1,2022,14,Chase Briscoe (P),Frd,4,4228,262,30.66,176.125,3
5180,1,2022,14,Chase Briscoe (P),Frd,4,4228,263,30.602,176.459,3
5180,1,2022,14,Chase Briscoe (P),Frd,4,4228,264,31.129,173.472,4
5180,1,2022,14,Chase Briscoe (P),Frd,4,4228,265,31.12,173.522,4
5180,1,2022,14,Chase Briscoe (P),Frd,4,4228,266,30.978,174.317,4
5180,1,2022,14,Chase Briscoe (P),Frd,4,4228,267,31.38,172.084,4
5180,1,2022,11,Denny Hamlin (P),Tyt,5,1361,0,,,31
5180,1,2022,11,Denny Hamlin (P),Tyt,5,1361,1,32.809,164.589,30
5180,1,2022,11,Denny Hamlin (P),Tyt,5,1361,2,30.844,175.075,31
5180,1,2022,11,Denny Hamlin (P),Tyt,5,1361,3,30.533,176.858,30
5180,1,2022,11,Denny Hamlin (P),Tyt,5,1361,4,30.447,177.357,28
5180,1,2022,11,Denny Hamlin (P),Tyt,5,1361,5,30.78,175.439,27
5180,1,2022,11,Denny Hamlin (P),Tyt,5,1361,6,30.642,176.229,26
5180,1,2022,11,Denny Hamlin (P),Tyt,5,1361,7,30.693,175.936,25
5180,1,2022,11,Denny Hamlin (P),Tyt,5,1361,8,30.698,175.907,25
5180,1,2022,11,Denny Hamlin (P),Tyt,5,1361,9,31.056,173.879,25
5180,1,2022,11,Denny Hamlin (P),Tyt,5,1361,10,30.963,174.402,25
5180,1,2022,11,Denny Hamlin (P),Tyt,5,1361,11,30.887,174.831,25
5180,1,2022,11,Denny Hamlin (P),Tyt,5,1361,12,30.683,175.993,24
5180,1,2022,11,Denny Hamlin (P),Tyt,5,1361,13,30.626,176.321,24
5180,1,2022,11,Denny Hamlin (P),Tyt,5,1361,14,31.097,173.650,24
5180,1,2022,11,Denny Hamlin (P),Tyt,5,1361,15,31.003,174.177,23
5180,1,2022,11,Denny Hamlin (P),Tyt,5,1361,16,30.724,175.758,23
5180,1,2022,11,Denny Hamlin (P),Tyt,5,1361,17,30.965,174.390,23
5180,1,2022,11,Denny Hamlin (P),Tyt,5,1361,18,30.697,175.913,23
5180,1,2022,11,Denny Hamlin (P),Tyt,5,1361,19,31.106,173.600,23
5180,1,2022,11,Denny Hamlin (P),Tyt,5,1361,20,31.187,173.149,23
5180,1,2022,11,Denny Hamlin (P),Tyt,5,1361,21,31.338,172.315,23
5180,1,2022,11,Denny Hamlin (P),Tyt,5,1361,22,30.992,174.239,22
5180,1,2022,11,Denny Hamlin (P),Tyt,5,1361,23,30.919,174.650,22
5180,1,2022,11,Denny Hamlin (P),Tyt,5,1361,24,30.874,174.904,22
5180,1,2022,11,Denny Hamlin (P),Tyt,5,1361,25,31.078,173.756,22
5180,1,2022,11,Denny Hamlin (P),Tyt,5,1361,26,30.845,175.069,22
5180,1,2022,11,Denny Hamlin (P),Tyt,5,1361,27,30.887,174.831,22
5180,1,2022,11,Denny Hamlin (P),Tyt,5,1361,28,31.156,173.321,22
5180,1,2022,11,Denny Hamlin (P),Tyt,5,1361,29,30.94,174.531,21
5180,1,2022,11,Denny Hamlin (P),Tyt,5,1361,30,31.204,173.055,19
5180,1,2022,11,Denny Hamlin (P),Tyt,5,1361,31,30.996,174.216,19
5180,1,2022,11,Denny Hamlin (P),Tyt,5,1361,32,30.89,174.814,19
5180,1,2022,11,Denny Hamlin (P),Tyt,5,1361,33,30.982,174.295,19
5180,1,2022,11,Denny Hamlin (P),Tyt,5,1361,34,30.941,174.526,18
5180,1,2022,11,Denny Hamlin (P),Tyt,5,1361,35,31.086,173.712,18
5180,1,2022,11,Denny Hamlin (P),Tyt,5,1361,36,31.383,172.068,17
5180,1,2022,11,Denny Hamlin (P),Tyt,5,1361,37,31.475,171.565,15
5180,1,2022,11,Denny Hamlin (P),Tyt,5,1361,38,31.567,171.065,8
5180,1,2022,11,Denny Hamlin (P),Tyt,5,1361,39,57.289,94.259,16
5180,1,2022,11,Denny Hamlin (P),Tyt,5,1361,40,45.891,117.670,24
5180,1,2022,11,Denny Hamlin (P),Tyt,5,1361,41,30.682,175.999,19
5180,1,2022,11,Denny Hamlin (P),Tyt,5,1361,42,30.221,178.684,18
5180,1,2022,11,Denny Hamlin (P),Tyt,5,1361,43,30.166,179.009,16
5180,1,2022,11,Denny Hamlin (P),Tyt,5,1361,44,30.177,178.944,16
5180,1,2022,11,Denny Hamlin (P),Tyt,5,1361,45,30.125,179.253,16
5180,1,2022,11,Denny Hamlin (P),Tyt,5,1361,46,30.349,177.930,16
5180,1,2022,11,Denny Hamlin (P),Tyt,5,1361,47,30.308,178.171,16
5180,1,2022,11,Denny Hamlin (P),Tyt,5,1361,48,30.584,176.563,16
5180,1,2022,11,Denny Hamlin (P),Tyt,5,1361,49,30.447,177.357,16
5180,1,2022,11,Denny Hamlin (P),Tyt,5,1361,50,30.597,176.488,16
5180,1,2022,11,Denny Hamlin (P),Tyt,5,1361,51,30.598,176.482,16
5180,1,2022,11,Denny Hamlin (P),Tyt,5,1361,52,30.621,176.350,15
5180,1,2022,11,Denny Hamlin (P),Tyt,5,1361,53,30.825,175.182,15
5180,1,2022,11,Denny Hamlin (P),Tyt,5,1361,54,30.675,176.039,15
5180,1,2022,11,Denny Hamlin (P),Tyt,5,1361,55,30.865,174.955,15
5180,1,2022,11,Denny Hamlin (P),Tyt,5,1361,56,30.92,174.644,15
5180,1,2022,11,Denny Hamlin (P),Tyt,5,1361,57,30.96,174.419,15
5180,1,2022,11,Denny Hamlin (P),Tyt,5,1361,58,30.924,174.622,15
5180,1,2022,11,Denny Hamlin (P),Tyt,5,1361,59,31.323,172.397,16
5180,1,2022,11,Denny Hamlin (P),Tyt,5,1361,60,31.108,173.589,16
5180,1,2022,11,Denny Hamlin (P),Tyt,5,1361,61,30.752,175.598,16
5180,1,2022,11,Denny Hamlin (P),Tyt,5,1361,62,30.693,175.936,16
5180,1,2022,11,Denny Hamlin (P),Tyt,5,1361,63,30.859,174.989,16
5180,1,2022,11,Denny Hamlin (P),Tyt,5,1361,64,30.89,174.814,16
5180,1,2022,11,Denny Hamlin (P),Tyt,5,1361,65,30.938,174.543,16
5180,1,2022,11,Denny Hamlin (P),Tyt,5,1361,66,31.085,173.717,16
5180,1,2022,11,Denny Hamlin (P),Tyt,5,1361,67,30.91,174.701,16
5180,1,2022,11,Denny Hamlin (P),Tyt,5,1361,68,30.987,174.267,16
5180,1,2022,11,Denny Hamlin (P),Tyt,5,1361,69,30.806,175.291,16
5180,1,2022,11,Denny Hamlin (P),Tyt,5,1361,70,31.45,171.701,16
5180,1,2022,11,Denny Hamlin (P),Tyt,5,1361,71,31.473,171.576,16
5180,1,2022,11,Denny Hamlin (P),Tyt,5,1361,72,30.977,174.323,16
5180,1,2022,11,Denny Hamlin (P),Tyt,5,1361,73,31.329,172.364,16
5180,1,2022,11,Denny Hamlin (P),Tyt,5,1361,74,31.309,172.474,16
5180,1,2022,11,Denny Hamlin (P),Tyt,5,1361,75,31.259,172.750,16
5180,1,2022,11,Denny Hamlin (P),Tyt,5,1361,76,31.233,172.894,16
5180,1,2022,11,Denny Hamlin (P),Tyt,5,1361,77,34.485,156.590,15
5180,1,2022,11,Denny Hamlin (P),Tyt,5,1361,78,43.978,122.789,15
5180,1,2022,11,Denny Hamlin (P),Tyt,5,1361,79,76.179,70.886,15
5180,1,2022,11,Denny Hamlin (P),Tyt,5,1361,80,100.216,53.884,15
5180,1,2022,11,Denny Hamlin (P),Tyt,5,1361,81,99.698,54.164,15
5180,1,2022,11,Denny Hamlin (P),Tyt,5,1361,82,107.03,50.453,18
5180,1,2022,11,Denny Hamlin (P),Tyt,5,1361,83,89.631,60.247,14
5180,1,2022,11,Denny Hamlin (P),Tyt,5,1361,84,98.159,55.013,13
5180,1,2022,11,Denny Hamlin (P),Tyt,5,1361,85,87.272,61.876,13
5180,1,2022,11,Denny Hamlin (P),Tyt,5,1361,86,32.562,165.837,13
5180,1,2022,11,Denny Hamlin (P),Tyt,5,1361,87,30.535,176.846,13
5180,1,2022,11,Denny Hamlin (P),Tyt,5,1361,88,30.31,178.159,14
5180,1,2022,11,Denny Hamlin (P),Tyt,5,1361,89,30.405,177.602,14
5180,1,2022,11,Denny Hamlin (P),Tyt,5,1361,90,30.621,176.350,14
5180,1,2022,11,Denny Hamlin (P),Tyt,5,1361,91,30.615,176.384,14
5180,1,2022,11,Denny Hamlin (P),Tyt,5,1361,92,30.569,176.650,14
5180,1,2022,11,Denny Hamlin (P),Tyt,5,1361,93,30.586,176.551,13
5180,1,2022,11,Denny Hamlin (P),Tyt,5,1361,94,31.995,168.776,13
5180,1,2022,11,Denny Hamlin (P),Tyt,5,1361,95,51.704,104.441,10
5180,1,2022,11,Denny Hamlin (P),Tyt,5,1361,96,113.868,47.423,10
5180,1,2022,11,Denny Hamlin (P),Tyt,5,1361,97,114.347,47.225,12
5180,1,2022,11,Denny Hamlin (P),Tyt,5,1361,98,91.692,58.893,1
5180,1,2022,11,Denny Hamlin (P),Tyt,5,1361,99,104.478,51.686,1
5180,1,2022,11,Denny Hamlin (P),Tyt,5,1361,100,96.817,55.775,1
5180,1,2022,11,Denny Hamlin (P),Tyt,5,1361,101,97.358,55.465,1
5180,1,2022,11,Denny Hamlin (P),Tyt,5,1361,102,97.227,55.540,1
5180,1,2022,11,Denny Hamlin (P),Tyt,5,1361,103,42.714,126.422,2
5180,1,2022,11,Denny Hamlin (P),Tyt,5,1361,104,90.777,59.486,2
5180,1,2022,11,Denny Hamlin (P),Tyt,5,1361,105,100.465,53.750,2
5180,1,2022,11,Denny Hamlin (P),Tyt,5,1361,106,100.504,53.729,2
5180,1,2022,11,Denny Hamlin (P),Tyt,5,1361,107,97.635,55.308,2
5180,1,2022,11,Denny Hamlin (P),Tyt,5,1361,108,32.771,164.780,4
5180,1,2022,11,Denny Hamlin (P),Tyt,5,1361,109,29.778,181.342,4
5180,1,2022,11,Denny Hamlin (P),Tyt,5,1361,110,29.953,180.282,4
5180,1,2022,11,Denny Hamlin (P),Tyt,5,1361,111,30.12,179.283,4
5180,1,2022,11,Denny Hamlin (P),Tyt,5,1361,112,30.067,179.599,4
5180,1,2022,11,Denny Hamlin (P),Tyt,5,1361,113,30.211,178.743,4
5180,1,2022,11,Denny Hamlin (P),Tyt,5,1361,114,30.528,176.887,5
5180,1,2022,11,Denny Hamlin (P),Tyt,5,1361,115,30.594,176.505,5
5180,1,2022,11,Denny Hamlin (P),Tyt,5,1361,116,30.529,176.881,5
5180,1,2022,11,Denny Hamlin (P),Tyt,5,1361,117,30.601,176.465,5
5180,1,2022,11,Denny Hamlin (P),Tyt,5,1361,118,30.537,176.835,5
5180,1,2022,11,Denny Hamlin (P),Tyt,5,1361,119,30.612,176.401,5
5180,1,2022,11,Denny Hamlin (P),Tyt,5,1361,120,30.743,175.650,5
5180,1,2022,11,Denny Hamlin (P),Tyt,5,1361,121,30.634,176.275,5
5180,1,2022,11,Denny Hamlin (P),Tyt,5,1361,122,30.905,174.729,5
5180,1,2022,11,Denny Hamlin (P),Tyt,5,1361,123,31.104,173.611,6
5180,1,2022,11,Denny Hamlin (P),Tyt,5,1361,124,31.157,173.316,6
5180,1,2022,11,Denny Hamlin (P),Tyt,5,1361,125,30.936,174.554,6
5180,1,2022,11,Denny Hamlin (P),Tyt,5,1361,126,31.035,173.997,7
5180,1,2022,11,Denny Hamlin (P),Tyt,5,1361,127,31.124,173.500,7
5180,1,2022,11,Denny Hamlin (P),Tyt,5,1361,128,31.127,173.483,7
5180,1,2022,11,Denny Hamlin (P),Tyt,5,1361,129,31.179,173.193,7
5180,1,2022,11,Denny Hamlin (P),Tyt,5,1361,130,31.16,173.299,7
5180,1,2022,11,Denny Hamlin (P),Tyt,5,1361,131,31.112,173.566,7
5180,1,2022,11,Denny Hamlin (P),Tyt,5,1361,132,31.106,173.600,7
5180,1,2022,11,Denny Hamlin (P),Tyt,5,1361,133,31.131,173.461,7
5180,1,2022,11,Denny Hamlin (P),Tyt,5,1361,134,31.21,173.021,7
5180,1,2022,11,Denny Hamlin (P),Tyt,5,1361,135,31.316,172.436,7
5180,1,2022,11,Denny Hamlin (P),Tyt,5,1361,136,31.272,172.678,7
5180,1,2022,11,Denny Hamlin (P),Tyt,5,1361,137,31.246,172.822,7
5180,1,2022,11,Denny Hamlin (P),Tyt,5,1361,138,31.298,172.535,7
5180,1,2022,11,Denny Hamlin (P),Tyt,5,1361,139,31.257,172.761,7
5180,1,2022,11,Denny Hamlin (P),Tyt,5,1361,140,31.237,172.872,6
5180,1,2022,11,Denny Hamlin (P),Tyt,5,1361,141,31.311,172.463,6
5180,1,2022,11,Denny Hamlin (P),Tyt,5,1361,142,31.212,173.010,6
5180,1,2022,11,Denny Hamlin (P),Tyt,5,1361,143,31.347,172.265,6
5180,1,2022,11,Denny Hamlin (P),Tyt,5,1361,144,31.402,171.964,6
5180,1,2022,11,Denny Hamlin (P),Tyt,5,1361,145,31.375,172.112,6
5180,1,2022,11,Denny Hamlin (P),Tyt,5,1361,146,31.667,170.525,6
5180,1,2022,11,Denny Hamlin (P),Tyt,5,1361,147,31.359,172.199,6
5180,1,2022,11,Denny Hamlin (P),Tyt,5,1361,148,31.679,170.460,5
5180,1,2022,11,Denny Hamlin (P),Tyt,5,1361,149,31.446,171.723,5
5180,1,2022,11,Denny Hamlin (P),Tyt,5,1361,150,31.484,171.516,5
5180,1,2022,11,Denny Hamlin (P),Tyt,5,1361,151,31.503,171.412,5
5180,1,2022,11,Denny Hamlin (P),Tyt,5,1361,152,31.609,170.837,5
5180,1,2022,11,Denny Hamlin (P),Tyt,5,1361,153,31.725,170.213,5
5180,1,2022,11,Denny Hamlin (P),Tyt,5,1361,154,31.729,170.191,5
5180,1,2022,11,Denny Hamlin (P),Tyt,5,1361,155,31.561,171.097,5
5180,1,2022,11,Denny Hamlin (P),Tyt,5,1361,156,31.558,171.114,5
5180,1,2022,11,Denny Hamlin (P),Tyt,5,1361,157,31.618,170.789,5
5180,1,2022,11,Denny Hamlin (P),Tyt,5,1361,158,31.634,170.702,5
5180,1,2022,11,Denny Hamlin (P),Tyt,5,1361,159,31.702,170.336,5
5180,1,2022,11,Denny Hamlin (P),Tyt,5,1361,160,31.807,169.774,5
5180,1,2022,11,Denny Hamlin (P),Tyt,5,1361,161,31.907,169.242,5
5180,1,2022,11,Denny Hamlin (P),Tyt,5,1361,162,31.941,169.062,5
5180,1,2022,11,Denny Hamlin (P),Tyt,5,1361,163,31.773,169.956,5
5180,1,2022,11,Denny Hamlin (P),Tyt,5,1361,164,31.706,170.315,5
5180,1,2022,11,Denny Hamlin (P),Tyt,5,1361,165,31.72,170.240,5
5180,1,2022,11,Denny Hamlin (P),Tyt,5,1361,166,50.435,107.069,5
5180,1,2022,11,Denny Hamlin (P),Tyt,5,1361,167,94.333,57.244,5
5180,1,2022,11,Denny Hamlin (P),Tyt,5,1361,168,110.476,48.879,15
5180,1,2022,11,Denny Hamlin (P),Tyt,5,1361,169,83.514,64.660,2
5180,1,2022,11,Denny Hamlin (P),Tyt,5,1361,170,98.617,54.757,2
5180,1,2022,11,Denny Hamlin (P),Tyt,5,1361,171,93.669,57.650,2
5180,1,2022,11,Denny Hamlin (P),Tyt,5,1361,172,32.468,166.318,4
5180,1,2022,11,Denny Hamlin (P),Tyt,5,1361,173,30.148,179.116,4
5180,1,2022,11,Denny Hamlin (P),Tyt,5,1361,174,30.047,179.718,4
5180,1,2022,11,Denny Hamlin (P),Tyt,5,1361,175,30.031,179.814,4
5180,1,2022,11,Denny Hamlin (P),Tyt,5,1361,176,30.16,179.045,4
5180,1,2022,11,Denny Hamlin (P),Tyt,5,1361,177,30.527,176.893,5
5180,1,2022,11,Denny Hamlin (P),Tyt,5,1361,178,30.536,176.840,5
5180,1,2022,11,Denny Hamlin (P),Tyt,5,1361,179,30.595,176.499,5
5180,1,2022,11,Denny Hamlin (P),Tyt,5,1361,180,30.407,177.591,5
5180,1,2022,11,Denny Hamlin (P),Tyt,5,1361,181,30.558,176.713,5
5180,1,2022,11,Denny Hamlin (P),Tyt,5,1361,182,30.563,176.684,5
5180,1,2022,11,Denny Hamlin (P),Tyt,5,1361,183,30.648,176.194,5
5180,1,2022,11,Denny Hamlin (P),Tyt,5,1361,184,30.713,175.821,5
5180,1,2022,11,Denny Hamlin (P),Tyt,5,1361,185,30.816,175.234,5
5180,1,2022,11,Denny Hamlin (P),Tyt,5,1361,186,30.677,176.028,5
5180,1,2022,11,Denny Hamlin (P),Tyt,5,1361,187,30.884,174.848,5
5180,1,2022,11,Denny Hamlin (P),Tyt,5,1361,188,30.909,174.706,5
5180,1,2022,11,Denny Hamlin (P),Tyt,5,1361,189,30.866,174.950,5
5180,1,2022,11,Denny Hamlin (P),Tyt,5,1361,190,30.959,174.424,5
5180,1,2022,11,Denny Hamlin (P),Tyt,5,1361,191,31.131,173.461,5
5180,1,2022,11,Denny Hamlin (P),Tyt,5,1361,192,31.054,173.891,5
5180,1,2022,11,Denny Hamlin (P),Tyt,5,1361,193,30.968,174.374,5
5180,1,2022,11,Denny Hamlin (P),Tyt,5,1361,194,32.746,164.906,5
5180,1,2022,11,Denny Hamlin (P),Tyt,5,1361,195,77.714,69.486,5
5180,1,2022,11,Denny Hamlin (P),Tyt,5,1361,196,111.794,48.303,18
5180,1,2022,11,Denny Hamlin (P),Tyt,5,1361,197,85.362,63.260,5
5180,1,2022,11,Denny Hamlin (P),Tyt,5,1361,198,97.751,55.242,4
5180,1,2022,11,Denny Hamlin (P),Tyt,5,1361,199,99.987,54.007,3
5180,1,2022,11,Denny Hamlin (P),Tyt,5,1361,200,32.758,164.845,5
5180,1,2022,11,Denny Hamlin (P),Tyt,5,1361,201,30.291,178.271,3
5180,1,2022,11,Denny Hamlin (P),Tyt,5,1361,202,30.031,179.814,3
5180,1,2022,11,Denny Hamlin (P),Tyt,5,1361,203,30.256,178.477,3
5180,1,2022,11,Denny Hamlin (P),Tyt,5,1361,204,30.288,178.288,3
5180,1,2022,11,Denny Hamlin (P),Tyt,5,1361,205,30.311,178.153,3
5180,1,2022,11,Denny Hamlin (P),Tyt,5,1361,206,30.504,177.026,4
5180,1,2022,11,Denny Hamlin (P),Tyt,5,1361,207,31.034,174.003,6
5180,1,2022,11,Denny Hamlin (P),Tyt,5,1361,208,30.6,176.471,6
5180,1,2022,11,Denny Hamlin (P),Tyt,5,1361,209,30.894,174.791,7
5180,1,2022,11,Denny Hamlin (P),Tyt,5,1361,210,30.637,176.257,7
5180,1,2022,11,Denny Hamlin (P),Tyt,5,1361,211,30.56,176.702,7
5180,1,2022,11,Denny Hamlin (P),Tyt,5,1361,212,30.64,176.240,7
5180,1,2022,11,Denny Hamlin (P),Tyt,5,1361,213,30.761,175.547,7
5180,1,2022,11,Denny Hamlin (P),Tyt,5,1361,214,30.839,175.103,7
5180,1,2022,11,Denny Hamlin (P),Tyt,5,1361,215,30.834,175.131,7
5180,1,2022,11,Denny Hamlin (P),Tyt,5,1361,216,30.738,175.678,7
5180,1,2022,11,Denny Hamlin (P),Tyt,5,1361,217,30.894,174.791,7
5180,1,2022,11,Denny Hamlin (P),Tyt,5,1361,218,30.738,175.678,7
5180,1,2022,11,Denny Hamlin (P),Tyt,5,1361,219,30.806,175.291,7
5180,1,2022,11,Denny Hamlin (P),Tyt,5,1361,220,30.918,174.656,7
5180,1,2022,11,Denny Hamlin (P),Tyt,5,1361,221,30.94,174.531,7
5180,1,2022,11,Denny Hamlin (P),Tyt,5,1361,222,31.126,173.488,6
5180,1,2022,11,Denny Hamlin (P),Tyt,5,1361,223,31.199,173.082,6
5180,1,2022,11,Denny Hamlin (P),Tyt,5,1361,224,31.117,173.539,6
5180,1,2022,11,Denny Hamlin (P),Tyt,5,1361,225,31.16,173.299,6
5180,1,2022,11,Denny Hamlin (P),Tyt,5,1361,226,31.084,173.723,6
5180,1,2022,11,Denny Hamlin (P),Tyt,5,1361,227,31.116,173.544,6
5180,1,2022,11,Denny Hamlin (P),Tyt,5,1361,228,36.092,149.618,5
5180,1,2022,11,Denny Hamlin (P),Tyt,5,1361,229,104.348,51.750,20
5180,1,2022,11,Denny Hamlin (P),Tyt,5,1361,230,90.039,59.974,11
5180,1,2022,11,Denny Hamlin (P),Tyt,5,1361,231,99.589,54.223,11
5180,1,2022,11,Denny Hamlin (P),Tyt,5,1361,232,89.657,60.230,11
5180,1,2022,11,Denny Hamlin (P),Tyt,5,1361,233,33.067,163.305,13
5180,1,2022,11,Denny Hamlin (P),Tyt,5,1361,234,30.423,177.497,13
5180,1,2022,11,Denny Hamlin (P),Tyt,5,1361,235,30.116,179.307,12
5180,1,2022,11,Denny Hamlin (P),Tyt,5,1361,236,30.264,178.430,12
5180,1,2022,11,Denny Hamlin (P),Tyt,5,1361,237,30.489,177.113,11
5180,1,2022,11,Denny Hamlin (P),Tyt,5,1361,238,30.354,177.901,11
5180,1,2022,11,Denny Hamlin (P),Tyt,5,1361,239,30.598,176.482,11
5180,1,2022,11,Denny Hamlin (P),Tyt,5,1361,240,30.396,177.655,10
5180,1,2022,11,Denny Hamlin (P),Tyt,5,1361,241,51.442,104.973,10
5180,1,2022,11,Denny Hamlin (P),Tyt,5,1361,242,89.885,60.077,10
5180,1,2022,11,Denny Hamlin (P),Tyt,5,1361,243,100.037,53.980,9
5180,1,2022,11,Denny Hamlin (P),Tyt,5,1361,244,100.391,53.790,9
5180,1,2022,11,Denny Hamlin (P),Tyt,5,1361,245,92.456,58.406,9
5180,1,2022,11,Denny Hamlin (P),Tyt,5,1361,246,33.543,160.987,10
5180,1,2022,11,Denny Hamlin (P),Tyt,5,1361,247,57.521,93.879,10
5180,1,2022,11,Denny Hamlin (P),Tyt,5,1361,248,85.332,63.282,11
5180,1,2022,11,Denny Hamlin (P),Tyt,5,1361,249,100.919,53.508,10
5180,1,2022,11,Denny Hamlin (P),Tyt,5,1361,250,101.355,53.278,10
5180,1,2022,11,Denny Hamlin (P),Tyt,5,1361,251,90.777,59.486,10
5180,1,2022,11,Denny Hamlin (P),Tyt,5,1361,252,32.478,166.266,6
5180,1,2022,11,Denny Hamlin (P),Tyt,5,1361,253,30.04,179.760,6
5180,1,2022,11,Denny Hamlin (P),Tyt,5,1361,254,30.168,178.998,6
5180,1,2022,11,Denny Hamlin (P),Tyt,5,1361,255,30.697,175.913,7
5180,1,2022,11,Denny Hamlin (P),Tyt,5,1361,256,30.678,176.022,6
5180,1,2022,11,Denny Hamlin (P),Tyt,5,1361,257,30.423,177.497,5
5180,1,2022,11,Denny Hamlin (P),Tyt,5,1361,258,30.606,176.436,6
5180,1,2022,11,Denny Hamlin (P),Tyt,5,1361,259,30.447,177.357,5
5180,1,2022,11,Denny Hamlin (P),Tyt,5,1361,260,30.699,175.901,5
5180,1,2022,11,Denny Hamlin (P),Tyt,5,1361,261,30.627,176.315,5
5180,1,2022,11,Denny Hamlin (P),Tyt,5,1361,262,30.71,175.838,5
5180,1,2022,11,Denny Hamlin (P),Tyt,5,1361,263,30.619,176.361,5
5180,1,2022,11,Denny Hamlin (P),Tyt,5,1361,264,30.755,175.581,5
5180,1,2022,11,Denny Hamlin (P),Tyt,5,1361,265,30.965,174.390,5
5180,1,2022,11,Denny Hamlin (P),Tyt,5,1361,266,30.976,174.329,5
5180,1,2022,11,Denny Hamlin (P),Tyt,5,1361,267,31.084,173.723,5
5180,1,2022,8,Tyler Reddick,Chv,6,4065,0,,,1
5180,1,2022,8,Tyler Reddick,Chv,6,4065,1,32.889,164.189,2
5180,1,2022,8,Tyler Reddick,Chv,6,4065,2,29.605,182.402,2
5180,1,2022,8,Tyler Reddick,Chv,6,4065,3,29.524,182.902,1
5180,1,2022,8,Tyler Reddick,Chv,6,4065,4,29.557,182.698,1
5180,1,2022,8,Tyler Reddick,Chv,6,4065,5,29.665,182.033,1
5180,1,2022,8,Tyler Reddick,Chv,6,4065,6,29.811,181.141,1
5180,1,2022,8,Tyler Reddick,Chv,6,4065,7,29.884,180.699,1
5180,1,2022,8,Tyler Reddick,Chv,6,4065,8,29.871,180.777,1
5180,1,2022,8,Tyler Reddick,Chv,6,4065,9,29.876,180.747,1
5180,1,2022,8,Tyler Reddick,Chv,6,4065,10,30.029,179.826,1
5180,1,2022,8,Tyler Reddick,Chv,6,4065,11,30.22,178.690,1
5180,1,2022,8,Tyler Reddick,Chv,6,4065,12,30.289,178.283,1
5180,1,2022,8,Tyler Reddick,Chv,6,4065,13,30.305,178.188,1
5180,1,2022,8,Tyler Reddick,Chv,6,4065,14,30.398,177.643,1
5180,1,2022,8,Tyler Reddick,Chv,6,4065,15,30.331,178.036,1
5180,1,2022,8,Tyler Reddick,Chv,6,4065,16,30.457,177.299,1
5180,1,2022,8,Tyler Reddick,Chv,6,4065,17,30.496,177.072,1
5180,1,2022,8,Tyler Reddick,Chv,6,4065,18,30.522,176.922,1
5180,1,2022,8,Tyler Reddick,Chv,6,4065,19,30.609,176.419,1
5180,1,2022,8,Tyler Reddick,Chv,6,4065,20,30.891,174.808,1
5180,1,2022,8,Tyler Reddick,Chv,6,4065,21,30.928,174.599,1
5180,1,2022,8,Tyler Reddick,Chv,6,4065,22,31.006,174.160,1
5180,1,2022,8,Tyler Reddick,Chv,6,4065,23,30.942,174.520,1
5180,1,2022,8,Tyler Reddick,Chv,6,4065,24,31.003,174.177,1
5180,1,2022,8,Tyler Reddick,Chv,6,4065,25,30.928,174.599,1
5180,1,2022,8,Tyler Reddick,Chv,6,4065,26,30.952,174.464,1
5180,1,2022,8,Tyler Reddick,Chv,6,4065,27,30.977,174.323,1
5180,1,2022,8,Tyler Reddick,Chv,6,4065,28,31.263,172.728,1
5180,1,2022,8,Tyler Reddick,Chv,6,4065,29,31.301,172.518,1
5180,1,2022,8,Tyler Reddick,Chv,6,4065,30,31.272,172.678,1
5180,1,2022,8,Tyler Reddick,Chv,6,4065,31,31.557,171.119,1
5180,1,2022,8,Tyler Reddick,Chv,6,4065,32,31.161,173.294,1
5180,1,2022,8,Tyler Reddick,Chv,6,4065,33,31.214,172.999,1
5180,1,2022,8,Tyler Reddick,Chv,6,4065,34,31.467,171.608,2
5180,1,2022,8,Tyler Reddick,Chv,6,4065,35,32.002,168.739,3
5180,1,2022,8,Tyler Reddick,Chv,6,4065,36,31.808,169.769,3
5180,1,2022,8,Tyler Reddick,Chv,6,4065,37,32.134,168.046,4
5180,1,2022,8,Tyler Reddick,Chv,6,4065,38,43.559,123.970,9
5180,1,2022,8,Tyler Reddick,Chv,6,4065,39,60.547,89.187,22
5180,1,2022,8,Tyler Reddick,Chv,6,4065,40,30.065,179.611,15
5180,1,2022,8,Tyler Reddick,Chv,6,4065,41,30.038,179.772,8
5180,1,2022,8,Tyler Reddick,Chv,6,4065,42,29.825,181.056,5
5180,1,2022,8,Tyler Reddick,Chv,6,4065,43,29.833,181.008,5
5180,1,2022,8,Tyler Reddick,Chv,6,4065,44,30.205,178.778,5
5180,1,2022,8,Tyler Reddick,Chv,6,4065,45,30.171,178.980,5
5180,1,2022,8,Tyler Reddick,Chv,6,4065,46,30.162,179.033,5
5180,1,2022,8,Tyler Reddick,Chv,6,4065,47,30.303,178.200,5
5180,1,2022,8,Tyler Reddick,Chv,6,4065,48,30.802,175.313,6
5180,1,2022,8,Tyler Reddick,Chv,6,4065,49,30.735,175.695,6
5180,1,2022,8,Tyler Reddick,Chv,6,4065,50,30.851,175.035,6
5180,1,2022,8,Tyler Reddick,Chv,6,4065,51,30.801,175.319,7
5180,1,2022,8,Tyler Reddick,Chv,6,4065,52,31.005,174.165,7
5180,1,2022,8,Tyler Reddick,Chv,6,4065,53,30.811,175.262,7
5180,1,2022,8,Tyler Reddick,Chv,6,4065,54,30.83,175.154,7
5180,1,2022,8,Tyler Reddick,Chv,6,4065,55,30.771,175.490,7
5180,1,2022,8,Tyler Reddick,Chv,6,4065,56,30.742,175.655,7
5180,1,2022,8,Tyler Reddick,Chv,6,4065,57,30.676,176.033,7
5180,1,2022,8,Tyler Reddick,Chv,6,4065,58,30.918,174.656,8
5180,1,2022,8,Tyler Reddick,Chv,6,4065,59,31.225,172.938,8
5180,1,2022,8,Tyler Reddick,Chv,6,4065,60,31.275,172.662,8
5180,1,2022,8,Tyler Reddick,Chv,6,4065,61,31.144,173.388,8
5180,1,2022,8,Tyler Reddick,Chv,6,4065,62,31.169,173.249,8
5180,1,2022,8,Tyler Reddick,Chv,6,4065,63,31.185,173.160,8
5180,1,2022,8,Tyler Reddick,Chv,6,4065,64,31.082,173.734,8
5180,1,2022,8,Tyler Reddick,Chv,6,4065,65,31.222,172.955,8
5180,1,2022,8,Tyler Reddick,Chv,6,4065,66,31.242,172.844,8
5180,1,2022,8,Tyler Reddick,Chv,6,4065,67,31.453,171.685,8
5180,1,2022,8,Tyler Reddick,Chv,6,4065,68,31.252,172.789,8
5180,1,2022,8,Tyler Reddick,Chv,6,4065,69,31.345,172.276,8
5180,1,2022,8,Tyler Reddick,Chv,6,4065,70,31.295,172.552,8
5180,1,2022,8,Tyler Reddick,Chv,6,4065,71,31.665,170.535,9
5180,1,2022,8,Tyler Reddick,Chv,6,4065,72,31.348,172.260,9
5180,1,2022,8,Tyler Reddick,Chv,6,4065,73,31.263,172.728,9
5180,1,2022,8,Tyler Reddick,Chv,6,4065,74,31.315,172.441,9
5180,1,2022,8,Tyler Reddick,Chv,6,4065,75,31.424,171.843,9
5180,1,2022,8,Tyler Reddick,Chv,6,4065,76,31.643,170.654,9
5180,1,2022,8,Tyler Reddick,Chv,6,4065,77,34.192,157.932,9
5180,1,2022,8,Tyler Reddick,Chv,6,4065,78,41.717,129.444,9
5180,1,2022,8,Tyler Reddick,Chv,6,4065,79,81.769,66.040,9
5180,1,2022,8,Tyler Reddick,Chv,6,4065,80,99.596,54.219,9
5180,1,2022,8,Tyler Reddick,Chv,6,4065,81,100.723,53.612,9
5180,1,2022,8,Tyler Reddick,Chv,6,4065,82,95.7,56.426,5
5180,1,2022,8,Tyler Reddick,Chv,6,4065,83,106.932,50.499,15
5180,1,2022,8,Tyler Reddick,Chv,6,4065,84,98.066,55.065,14
5180,1,2022,8,Tyler Reddick,Chv,6,4065,85,86.669,62.306,14
5180,1,2022,8,Tyler Reddick,Chv,6,4065,86,32.598,165.654,15
5180,1,2022,8,Tyler Reddick,Chv,6,4065,87,30.553,176.742,14
5180,1,2022,8,Tyler Reddick,Chv,6,4065,88,30.191,178.861,13
5180,1,2022,8,Tyler Reddick,Chv,6,4065,89,30.207,178.767,13
5180,1,2022,8,Tyler Reddick,Chv,6,4065,90,30.432,177.445,12
5180,1,2022,8,Tyler Reddick,Chv,6,4065,91,30.448,177.352,12
5180,1,2022,8,Tyler Reddick,Chv,6,4065,92,30.3,178.218,11
5180,1,2022,8,Tyler Reddick,Chv,6,4065,93,30.561,176.696,11
5180,1,2022,8,Tyler Reddick,Chv,6,4065,94,31.953,168.998,11
5180,1,2022,8,Tyler Reddick,Chv,6,4065,95,49.666,108.726,8
5180,1,2022,8,Tyler Reddick,Chv,6,4065,96,115.209,46.871,8
5180,1,2022,8,Tyler Reddick,Chv,6,4065,97,107.076,50.431,5
5180,1,2022,8,Tyler Reddick,Chv,6,4065,98,104.572,51.639,8
5180,1,2022,8,Tyler Reddick,Chv,6,4065,99,106.657,50.630,8
5180,1,2022,8,Tyler Reddick,Chv,6,4065,100,95.671,56.443,8
5180,1,2022,8,Tyler Reddick,Chv,6,4065,101,98.372,54.894,8
5180,1,2022,8,Tyler Reddick,Chv,6,4065,102,91.926,58.743,9
5180,1,2022,8,Tyler Reddick,Chv,6,4065,103,44.951,120.131,9
5180,1,2022,8,Tyler Reddick,Chv,6,4065,104,91.836,58.800,9
5180,1,2022,8,Tyler Reddick,Chv,6,4065,105,100.237,53.872,9
5180,1,2022,8,Tyler Reddick,Chv,6,4065,106,102.153,52.862,9
5180,1,2022,8,Tyler Reddick,Chv,6,4065,107,92.657,58.279,8
5180,1,2022,8,Tyler Reddick,Chv,6,4065,108,32.416,166.584,7
5180,1,2022,8,Tyler Reddick,Chv,6,4065,109,29.985,180.090,5
5180,1,2022,8,Tyler Reddick,Chv,6,4065,110,30.13,179.223,6
5180,1,2022,8,Tyler Reddick,Chv,6,4065,111,30.377,177.766,6
5180,1,2022,8,Tyler Reddick,Chv,6,4065,112,30.312,178.147,7
5180,1,2022,8,Tyler Reddick,Chv,6,4065,113,30.324,178.077,7
5180,1,2022,8,Tyler Reddick,Chv,6,4065,114,30.242,178.560,7
5180,1,2022,8,Tyler Reddick,Chv,6,4065,115,30.317,178.118,7
5180,1,2022,8,Tyler Reddick,Chv,6,4065,116,30.581,176.580,7
5180,1,2022,8,Tyler Reddick,Chv,6,4065,117,30.605,176.442,7
5180,1,2022,8,Tyler Reddick,Chv,6,4065,118,30.503,177.032,7
5180,1,2022,8,Tyler Reddick,Chv,6,4065,119,30.629,176.304,7
5180,1,2022,8,Tyler Reddick,Chv,6,4065,120,30.966,174.385,7
5180,1,2022,8,Tyler Reddick,Chv,6,4065,121,30.812,175.256,7
5180,1,2022,8,Tyler Reddick,Chv,6,4065,122,30.641,176.234,7
5180,1,2022,8,Tyler Reddick,Chv,6,4065,123,30.809,175.273,7
5180,1,2022,8,Tyler Reddick,Chv,6,4065,124,30.85,175.041,7
5180,1,2022,8,Tyler Reddick,Chv,6,4065,125,30.993,174.233,7
5180,1,2022,8,Tyler Reddick,Chv,6,4065,126,30.857,175.001,6
5180,1,2022,8,Tyler Reddick,Chv,6,4065,127,31.077,173.762,6
5180,1,2022,8,Tyler Reddick,Chv,6,4065,128,30.972,174.351,6
5180,1,2022,8,Tyler Reddick,Chv,6,4065,129,31.025,174.053,6
5180,1,2022,8,Tyler Reddick,Chv,6,4065,130,31.084,173.723,6
5180,1,2022,8,Tyler Reddick,Chv,6,4065,131,31.073,173.784,6
5180,1,2022,8,Tyler Reddick,Chv,6,4065,132,31.113,173.561,6
5180,1,2022,8,Tyler Reddick,Chv,6,4065,133,31.237,172.872,6
5180,1,2022,8,Tyler Reddick,Chv,6,4065,134,31.324,172.392,6
5180,1,2022,8,Tyler Reddick,Chv,6,4065,135,31.339,172.309,6
5180,1,2022,8,Tyler Reddick,Chv,6,4065,136,31.301,172.518,6
5180,1,2022,8,Tyler Reddick,Chv,6,4065,137,31.233,172.894,6
5180,1,2022,8,Tyler Reddick,Chv,6,4065,138,31.347,172.265,6
5180,1,2022,8,Tyler Reddick,Chv,6,4065,139,31.288,172.590,6
5180,1,2022,8,Tyler Reddick,Chv,6,4065,140,31.507,171.390,7
5180,1,2022,8,Tyler Reddick,Chv,6,4065,141,31.633,170.708,7
5180,1,2022,8,Tyler Reddick,Chv,6,4065,142,31.445,171.728,7
5180,1,2022,8,Tyler Reddick,Chv,6,4065,143,31.378,172.095,7
5180,1,2022,8,Tyler Reddick,Chv,6,4065,144,31.438,171.767,7
5180,1,2022,8,Tyler Reddick,Chv,6,4065,145,31.571,171.043,7
5180,1,2022,8,Tyler Reddick,Chv,6,4065,146,31.656,170.584,7
5180,1,2022,8,Tyler Reddick,Chv,6,4065,147,31.663,170.546,7
5180,1,2022,8,Tyler Reddick,Chv,6,4065,148,31.679,170.460,7
5180,1,2022,8,Tyler Reddick,Chv,6,4065,149,31.792,169.854,8
5180,1,2022,8,Tyler Reddick,Chv,6,4065,150,31.892,169.321,8
5180,1,2022,8,Tyler Reddick,Chv,6,4065,151,31.984,168.834,9
5180,1,2022,8,Tyler Reddick,Chv,6,4065,152,31.78,169.918,10
5180,1,2022,8,Tyler Reddick,Chv,6,4065,153,32.093,168.261,10
5180,1,2022,8,Tyler Reddick,Chv,6,4065,154,32.076,168.350,10
5180,1,2022,8,Tyler Reddick,Chv,6,4065,155,32.187,167.770,10
5180,1,2022,8,Tyler Reddick,Chv,6,4065,156,32.079,168.334,10
5180,1,2022,8,Tyler Reddick,Chv,6,4065,157,32.271,167.333,11
5180,1,2022,8,Tyler Reddick,Chv,6,4065,158,32.145,167.989,11
5180,1,2022,8,Tyler Reddick,Chv,6,4065,159,32.24,167.494,11
5180,1,2022,8,Tyler Reddick,Chv,6,4065,160,32.184,167.785,11
5180,1,2022,8,Tyler Reddick,Chv,6,4065,161,32.13,168.067,11
5180,1,2022,8,Tyler Reddick,Chv,6,4065,162,31.934,169.099,11
5180,1,2022,8,Tyler Reddick,Chv,6,4065,163,31.954,168.993,11
5180,1,2022,8,Tyler Reddick,Chv,6,4065,164,32.461,166.353,11
5180,1,2022,8,Tyler Reddick,Chv,6,4065,165,32.473,166.292,11
5180,1,2022,8,Tyler Reddick,Chv,6,4065,166,47.715,113.172,11
5180,1,2022,8,Tyler Reddick,Chv,6,4065,167,92.256,58.533,11
5180,1,2022,8,Tyler Reddick,Chv,6,4065,168,94.839,56.939,7
5180,1,2022,8,Tyler Reddick,Chv,6,4065,169,103.139,52.357,13
5180,1,2022,8,Tyler Reddick,Chv,6,4065,170,99.113,54.483,12
5180,1,2022,8,Tyler Reddick,Chv,6,4065,171,86.005,62.787,11
5180,1,2022,8,Tyler Reddick,Chv,6,4065,172,32.699,165.143,12
5180,1,2022,8,Tyler Reddick,Chv,6,4065,173,30.478,177.177,14
5180,1,2022,8,Tyler Reddick,Chv,6,4065,174,30.718,175.793,16
5180,1,2022,8,Tyler Reddick,Chv,6,4065,175,30.439,177.404,16
5180,1,2022,8,Tyler Reddick,Chv,6,4065,176,30.902,174.746,16
5180,1,2022,8,Tyler Reddick,Chv,6,4065,177,30.66,176.125,16
5180,1,2022,8,Tyler Reddick,Chv,6,4065,178,30.4,177.632,14
5180,1,2022,8,Tyler Reddick,Chv,6,4065,179,30.382,177.737,14
5180,1,2022,8,Tyler Reddick,Chv,6,4065,180,30.361,177.860,12
5180,1,2022,8,Tyler Reddick,Chv,6,4065,181,30.796,175.347,11
5180,1,2022,8,Tyler Reddick,Chv,6,4065,182,30.405,177.602,11
5180,1,2022,8,Tyler Reddick,Chv,6,4065,183,30.545,176.788,10
5180,1,2022,8,Tyler Reddick,Chv,6,4065,184,30.529,176.881,9
5180,1,2022,8,Tyler Reddick,Chv,6,4065,185,30.742,175.655,9
5180,1,2022,8,Tyler Reddick,Chv,6,4065,186,30.796,175.347,9
5180,1,2022,8,Tyler Reddick,Chv,6,4065,187,30.55,176.759,8
5180,1,2022,8,Tyler Reddick,Chv,6,4065,188,30.706,175.861,8
5180,1,2022,8,Tyler Reddick,Chv,6,4065,189,30.826,175.177,8
5180,1,2022,8,Tyler Reddick,Chv,6,4065,190,30.966,174.385,7
5180,1,2022,8,Tyler Reddick,Chv,6,4065,191,30.85,175.041,7
5180,1,2022,8,Tyler Reddick,Chv,6,4065,192,30.759,175.558,7
5180,1,2022,8,Tyler Reddick,Chv,6,4065,193,30.914,174.678,7
5180,1,2022,8,Tyler Reddick,Chv,6,4065,194,32.743,164.921,6
5180,1,2022,8,Tyler Reddick,Chv,6,4065,195,77.492,69.685,7
5180,1,2022,8,Tyler Reddick,Chv,6,4065,196,96.982,55.680,4
5180,1,2022,8,Tyler Reddick,Chv,6,4065,197,100.389,53.791,7
5180,1,2022,8,Tyler Reddick,Chv,6,4065,198,98.525,54.808,7
5180,1,2022,8,Tyler Reddick,Chv,6,4065,199,99.712,54.156,27
5180,1,2022,8,Tyler Reddick,Chv,6,4065,200,32.355,166.898,24
5180,1,2022,8,Tyler Reddick,Chv,6,4065,201,30.516,176.956,20
5180,1,2022,8,Tyler Reddick,Chv,6,4065,202,30.529,176.881,18
5180,1,2022,8,Tyler Reddick,Chv,6,4065,203,30.762,175.541,16
5180,1,2022,8,Tyler Reddick,Chv,6,4065,204,30.364,177.842,16
5180,1,2022,8,Tyler Reddick,Chv,6,4065,205,30.61,176.413,16
5180,1,2022,8,Tyler Reddick,Chv,6,4065,206,30.294,178.253,14
5180,1,2022,8,Tyler Reddick,Chv,6,4065,207,30.545,176.788,12
5180,1,2022,8,Tyler Reddick,Chv,6,4065,208,30.561,176.696,12
5180,1,2022,8,Tyler Reddick,Chv,6,4065,209,30.437,177.416,12
5180,1,2022,8,Tyler Reddick,Chv,6,4065,210,30.565,176.673,12
5180,1,2022,8,Tyler Reddick,Chv,6,4065,211,30.733,175.707,12
5180,1,2022,8,Tyler Reddick,Chv,6,4065,212,30.623,176.338,12
5180,1,2022,8,Tyler Reddick,Chv,6,4065,213,30.599,176.476,11
5180,1,2022,8,Tyler Reddick,Chv,6,4065,214,31.008,174.149,11
5180,1,2022,8,Tyler Reddick,Chv,6,4065,215,30.829,175.160,11
5180,1,2022,8,Tyler Reddick,Chv,6,4065,216,31.104,173.611,11
5180,1,2022,8,Tyler Reddick,Chv,6,4065,217,30.933,174.571,11
5180,1,2022,8,Tyler Reddick,Chv,6,4065,218,31.039,173.975,11
5180,1,2022,8,Tyler Reddick,Chv,6,4065,219,31.001,174.188,10
5180,1,2022,8,Tyler Reddick,Chv,6,4065,220,30.94,174.531,10
5180,1,2022,8,Tyler Reddick,Chv,6,4065,221,31.016,174.104,10
5180,1,2022,8,Tyler Reddick,Chv,6,4065,222,31.038,173.980,10
5180,1,2022,8,Tyler Reddick,Chv,6,4065,223,30.871,174.921,9
5180,1,2022,8,Tyler Reddick,Chv,6,4065,224,31.249,172.806,9
5180,1,2022,8,Tyler Reddick,Chv,6,4065,225,31.401,171.969,9
5180,1,2022,8,Tyler Reddick,Chv,6,4065,226,31.089,173.695,9
5180,1,2022,8,Tyler Reddick,Chv,6,4065,227,31.104,173.611,9
5180,1,2022,8,Tyler Reddick,Chv,6,4065,228,38.812,139.132,8
5180,1,2022,8,Tyler Reddick,Chv,6,4065,229,82.716,65.284,5
5180,1,2022,8,Tyler Reddick,Chv,6,4065,230,103.078,52.388,7
5180,1,2022,8,Tyler Reddick,Chv,6,4065,231,98.956,54.570,7
5180,1,2022,8,Tyler Reddick,Chv,6,4065,232,93.054,58.031,7
5180,1,2022,8,Tyler Reddick,Chv,6,4065,233,32.912,164.074,8
5180,1,2022,8,Tyler Reddick,Chv,6,4065,234,30.043,179.742,6
5180,1,2022,8,Tyler Reddick,Chv,6,4065,235,29.929,180.427,6
5180,1,2022,8,Tyler Reddick,Chv,6,4065,236,29.95,180.301,5
5180,1,2022,8,Tyler Reddick,Chv,6,4065,237,30.127,179.241,4
5180,1,2022,8,Tyler Reddick,Chv,6,4065,238,29.991,180.054,4
5180,1,2022,8,Tyler Reddick,Chv,6,4065,239,30.143,179.146,4
5180,1,2022,8,Tyler Reddick,Chv,6,4065,240,30.361,177.860,3
5180,1,2022,8,Tyler Reddick,Chv,6,4065,241,50.322,107.309,3
5180,1,2022,8,Tyler Reddick,Chv,6,4065,242,89.404,60.400,3
5180,1,2022,8,Tyler Reddick,Chv,6,4065,243,100.322,53.827,3
5180,1,2022,8,Tyler Reddick,Chv,6,4065,244,100.058,53.969,3
5180,1,2022,8,Tyler Reddick,Chv,6,4065,245,96.384,56.026,4
5180,1,2022,8,Tyler Reddick,Chv,6,4065,246,33.327,162.031,6
5180,1,2022,8,Tyler Reddick,Chv,6,4065,247,55.012,98.160,6
5180,1,2022,8,Tyler Reddick,Chv,6,4065,248,85.85,62.900,6
5180,1,2022,8,Tyler Reddick,Chv,6,4065,249,100.773,53.586,6
5180,1,2022,8,Tyler Reddick,Chv,6,4065,250,100.653,53.650,6
5180,1,2022,8,Tyler Reddick,Chv,6,4065,251,93.81,57.563,6
5180,1,2022,8,Tyler Reddick,Chv,6,4065,252,32.999,163.641,10
5180,1,2022,8,Tyler Reddick,Chv,6,4065,253,30.521,176.927,11
5180,1,2022,8,Tyler Reddick,Chv,6,4065,254,30.275,178.365,10
5180,1,2022,8,Tyler Reddick,Chv,6,4065,255,30.303,178.200,10
5180,1,2022,8,Tyler Reddick,Chv,6,4065,256,30.661,176.120,9
5180,1,2022,8,Tyler Reddick,Chv,6,4065,257,30.615,176.384,9
5180,1,2022,8,Tyler Reddick,Chv,6,4065,258,30.474,177.200,8
5180,1,2022,8,Tyler Reddick,Chv,6,4065,259,30.418,177.526,8
5180,1,2022,8,Tyler Reddick,Chv,6,4065,260,30.609,176.419,8
5180,1,2022,8,Tyler Reddick,Chv,6,4065,261,30.929,174.593,8
5180,1,2022,8,Tyler Reddick,Chv,6,4065,262,30.812,175.256,8
5180,1,2022,8,Tyler Reddick,Chv,6,4065,263,30.734,175.701,8
5180,1,2022,8,Tyler Reddick,Chv,6,4065,264,30.702,175.884,8
5180,1,2022,8,Tyler Reddick,Chv,6,4065,265,31.02,174.081,8
5180,1,2022,8,Tyler Reddick,Chv,6,4065,266,30.793,175.365,6
5180,1,2022,8,Tyler Reddick,Chv,6,4065,267,30.752,175.598,6
5180,1,2022,19,Martin Truex Jr.,Tyt,7,3368,0,,,27
5180,1,2022,19,Martin Truex Jr.,Tyt,7,3368,1,32.916,164.054,27
5180,1,2022,19,Martin Truex Jr.,Tyt,7,3368,2,30.421,177.509,26
5180,1,2022,19,Martin Truex Jr.,Tyt,7,3368,3,30.476,177.189,23
5180,1,2022,19,Martin Truex Jr.,Tyt,7,3368,4,30.5,177.049,23
5180,1,2022,19,Martin Truex Jr.,Tyt,7,3368,5,30.791,175.376,22
5180,1,2022,19,Martin Truex Jr.,Tyt,7,3368,6,30.402,177.620,22
5180,1,2022,19,Martin Truex Jr.,Tyt,7,3368,7,30.77,175.496,22
5180,1,2022,19,Martin Truex Jr.,Tyt,7,3368,8,30.783,175.421,21
5180,1,2022,19,Martin Truex Jr.,Tyt,7,3368,9,30.738,175.678,21
5180,1,2022,19,Martin Truex Jr.,Tyt,7,3368,10,30.682,175.999,21
5180,1,2022,19,Martin Truex Jr.,Tyt,7,3368,11,30.522,176.922,19
5180,1,2022,19,Martin Truex Jr.,Tyt,7,3368,12,30.663,176.108,19
5180,1,2022,19,Martin Truex Jr.,Tyt,7,3368,13,30.958,174.430,19
5180,1,2022,19,Martin Truex Jr.,Tyt,7,3368,14,30.782,175.427,18
5180,1,2022,19,Martin Truex Jr.,Tyt,7,3368,15,30.798,175.336,18
5180,1,2022,19,Martin Truex Jr.,Tyt,7,3368,16,30.769,175.501,18
5180,1,2022,19,Martin Truex Jr.,Tyt,7,3368,17,30.57,176.644,17
5180,1,2022,19,Martin Truex Jr.,Tyt,7,3368,18,30.868,174.938,17
5180,1,2022,19,Martin Truex Jr.,Tyt,7,3368,19,30.965,174.390,17
5180,1,2022,19,Martin Truex Jr.,Tyt,7,3368,20,30.743,175.650,17
5180,1,2022,19,Martin Truex Jr.,Tyt,7,3368,21,30.911,174.695,17
5180,1,2022,19,Martin Truex Jr.,Tyt,7,3368,22,30.788,175.393,17
5180,1,2022,19,Martin Truex Jr.,Tyt,7,3368,23,30.72,175.781,16
5180,1,2022,19,Martin Truex Jr.,Tyt,7,3368,24,30.837,175.114,15
5180,1,2022,19,Martin Truex Jr.,Tyt,7,3368,25,30.909,174.706,15
5180,1,2022,19,Martin Truex Jr.,Tyt,7,3368,26,30.753,175.593,14
5180,1,2022,19,Martin Truex Jr.,Tyt,7,3368,27,30.923,174.627,14
5180,1,2022,19,Martin Truex Jr.,Tyt,7,3368,28,30.786,175.404,14
5180,1,2022,19,Martin Truex Jr.,Tyt,7,3368,29,30.931,174.582,14
5180,1,2022,19,Martin Truex Jr.,Tyt,7,3368,30,30.995,174.222,13
5180,1,2022,19,Martin Truex Jr.,Tyt,7,3368,31,31.086,173.712,13
5180,1,2022,19,Martin Truex Jr.,Tyt,7,3368,32,30.809,175.273,12
5180,1,2022,19,Martin Truex Jr.,Tyt,7,3368,33,30.887,174.831,11
5180,1,2022,19,Martin Truex Jr.,Tyt,7,3368,34,31.067,173.818,11
5180,1,2022,19,Martin Truex Jr.,Tyt,7,3368,35,31.098,173.645,11
5180,1,2022,19,Martin Truex Jr.,Tyt,7,3368,36,31.082,173.734,10
5180,1,2022,19,Martin Truex Jr.,Tyt,7,3368,37,42.774,126.245,23
5180,1,2022,19,Martin Truex Jr.,Tyt,7,3368,38,58.787,91.857,31
5180,1,2022,19,Martin Truex Jr.,Tyt,7,3368,39,30.434,177.433,24
5180,1,2022,19,Martin Truex Jr.,Tyt,7,3368,40,30.407,177.591,19
5180,1,2022,19,Martin Truex Jr.,Tyt,7,3368,41,30.412,177.561,14
5180,1,2022,19,Martin Truex Jr.,Tyt,7,3368,42,30.472,177.212,12
5180,1,2022,19,Martin Truex Jr.,Tyt,7,3368,43,30.318,178.112,11
5180,1,2022,19,Martin Truex Jr.,Tyt,7,3368,44,30.452,177.328,11
5180,1,2022,19,Martin Truex Jr.,Tyt,7,3368,45,30.392,177.678,11
5180,1,2022,19,Martin Truex Jr.,Tyt,7,3368,46,30.385,177.719,11
5180,1,2022,19,Martin Truex Jr.,Tyt,7,3368,47,30.329,178.047,11
5180,1,2022,19,Martin Truex Jr.,Tyt,7,3368,48,30.454,177.317,11
5180,1,2022,19,Martin Truex Jr.,Tyt,7,3368,49,30.284,178.312,11
5180,1,2022,19,Martin Truex Jr.,Tyt,7,3368,50,30.43,177.456,11
5180,1,2022,19,Martin Truex Jr.,Tyt,7,3368,51,30.449,177.346,11
5180,1,2022,19,Martin Truex Jr.,Tyt,7,3368,52,30.604,176.448,11
5180,1,2022,19,Martin Truex Jr.,Tyt,7,3368,53,30.652,176.171,11
5180,1,2022,19,Martin Truex Jr.,Tyt,7,3368,54,30.731,175.718,11
5180,1,2022,19,Martin Truex Jr.,Tyt,7,3368,55,30.785,175.410,11
5180,1,2022,19,Martin Truex Jr.,Tyt,7,3368,56,30.736,175.690,11
5180,1,2022,19,Martin Truex Jr.,Tyt,7,3368,57,30.683,175.993,11
5180,1,2022,19,Martin Truex Jr.,Tyt,7,3368,58,30.84,175.097,11
5180,1,2022,19,Martin Truex Jr.,Tyt,7,3368,59,30.88,174.870,11
5180,1,2022,19,Martin Truex Jr.,Tyt,7,3368,60,30.928,174.599,11
5180,1,2022,19,Martin Truex Jr.,Tyt,7,3368,61,30.876,174.893,11
5180,1,2022,19,Martin Truex Jr.,Tyt,7,3368,62,30.915,174.672,11
5180,1,2022,19,Martin Truex Jr.,Tyt,7,3368,63,31.101,173.628,11
5180,1,2022,19,Martin Truex Jr.,Tyt,7,3368,64,31.01,174.137,11
5180,1,2022,19,Martin Truex Jr.,Tyt,7,3368,65,31.057,173.874,11
5180,1,2022,19,Martin Truex Jr.,Tyt,7,3368,66,31.003,174.177,11
5180,1,2022,19,Martin Truex Jr.,Tyt,7,3368,67,31.479,171.543,11
5180,1,2022,19,Martin Truex Jr.,Tyt,7,3368,68,31.215,172.994,11
5180,1,2022,19,Martin Truex Jr.,Tyt,7,3368,69,31.276,172.656,11
5180,1,2022,19,Martin Truex Jr.,Tyt,7,3368,70,31.448,171.712,11
5180,1,2022,19,Martin Truex Jr.,Tyt,7,3368,71,31.27,172.689,11
5180,1,2022,19,Martin Truex Jr.,Tyt,7,3368,72,30.94,174.531,11
5180,1,2022,19,Martin Truex Jr.,Tyt,7,3368,73,31.076,173.768,11
5180,1,2022,19,Martin Truex Jr.,Tyt,7,3368,74,31.389,172.035,10
5180,1,2022,19,Martin Truex Jr.,Tyt,7,3368,75,31.291,172.574,10
5180,1,2022,19,Martin Truex Jr.,Tyt,7,3368,76,31.245,172.828,10
5180,1,2022,19,Martin Truex Jr.,Tyt,7,3368,77,32.676,165.259,8
5180,1,2022,19,Martin Truex Jr.,Tyt,7,3368,78,41.24,130.941,8
5180,1,2022,19,Martin Truex Jr.,Tyt,7,3368,79,82.705,65.292,8
5180,1,2022,19,Martin Truex Jr.,Tyt,7,3368,80,99.053,54.516,8
5180,1,2022,19,Martin Truex Jr.,Tyt,7,3368,81,100.87,53.534,8
5180,1,2022,19,Martin Truex Jr.,Tyt,7,3368,82,96.18,56.145,4
5180,1,2022,19,Martin Truex Jr.,Tyt,7,3368,83,99.738,54.142,4
5180,1,2022,19,Martin Truex Jr.,Tyt,7,3368,84,98.004,55.100,4
5180,1,2022,19,Martin Truex Jr.,Tyt,7,3368,85,93.487,57.762,4
5180,1,2022,19,Martin Truex Jr.,Tyt,7,3368,86,32.704,165.117,5
5180,1,2022,19,Martin Truex Jr.,Tyt,7,3368,87,30.233,178.613,7
5180,1,2022,19,Martin Truex Jr.,Tyt,7,3368,88,29.981,180.114,7
5180,1,2022,19,Martin Truex Jr.,Tyt,7,3368,89,30.179,178.932,7
5180,1,2022,19,Martin Truex Jr.,Tyt,7,3368,90,30.21,178.749,7
5180,1,2022,19,Martin Truex Jr.,Tyt,7,3368,91,30.433,177.439,8
5180,1,2022,19,Martin Truex Jr.,Tyt,7,3368,92,30.55,176.759,8
5180,1,2022,19,Martin Truex Jr.,Tyt,7,3368,93,30.663,176.108,9
5180,1,2022,19,Martin Truex Jr.,Tyt,7,3368,94,31.137,173.427,9
5180,1,2022,19,Martin Truex Jr.,Tyt,7,3368,95,50.526,106.876,6
5180,1,2022,19,Martin Truex Jr.,Tyt,7,3368,96,114.358,47.220,6
5180,1,2022,19,Martin Truex Jr.,Tyt,7,3368,97,108.401,49.815,3
5180,1,2022,19,Martin Truex Jr.,Tyt,7,3368,98,110.307,48.954,15
5180,1,2022,19,Martin Truex Jr.,Tyt,7,3368,99,106.361,50.770,15
5180,1,2022,19,Martin Truex Jr.,Tyt,7,3368,100,94.643,57.057,15
5180,1,2022,19,Martin Truex Jr.,Tyt,7,3368,101,101.594,53.153,15
5180,1,2022,19,Martin Truex Jr.,Tyt,7,3368,102,85.221,63.365,15
5180,1,2022,19,Martin Truex Jr.,Tyt,7,3368,103,46.879,115.190,16
5180,1,2022,19,Martin Truex Jr.,Tyt,7,3368,104,91.441,59.054,13
5180,1,2022,19,Martin Truex Jr.,Tyt,7,3368,105,128.73,41.948,29
5180,1,2022,19,Martin Truex Jr.,Tyt,7,3368,106,89.567,60.290,28
5180,1,2022,19,Martin Truex Jr.,Tyt,7,3368,107,77.287,69.869,29
5180,1,2022,19,Martin Truex Jr.,Tyt,7,3368,108,31.963,168.945,28
5180,1,2022,19,Martin Truex Jr.,Tyt,7,3368,109,30.33,178.042,26
5180,1,2022,19,Martin Truex Jr.,Tyt,7,3368,110,30.651,176.177,26
5180,1,2022,19,Martin Truex Jr.,Tyt,7,3368,111,30.603,176.453,25
5180,1,2022,19,Martin Truex Jr.,Tyt,7,3368,112,30.657,176.142,25
5180,1,2022,19,Martin Truex Jr.,Tyt,7,3368,113,30.84,175.097,24
5180,1,2022,19,Martin Truex Jr.,Tyt,7,3368,114,30.959,174.424,24
5180,1,2022,19,Martin Truex Jr.,Tyt,7,3368,115,30.914,174.678,22
5180,1,2022,19,Martin Truex Jr.,Tyt,7,3368,116,31.042,173.958,22
5180,1,2022,19,Martin Truex Jr.,Tyt,7,3368,117,30.625,176.327,21
5180,1,2022,19,Martin Truex Jr.,Tyt,7,3368,118,30.684,175.987,20
5180,1,2022,19,Martin Truex Jr.,Tyt,7,3368,119,30.698,175.907,19
5180,1,2022,19,Martin Truex Jr.,Tyt,7,3368,120,30.666,176.091,19
5180,1,2022,19,Martin Truex Jr.,Tyt,7,3368,121,30.693,175.936,19
5180,1,2022,19,Martin Truex Jr.,Tyt,7,3368,122,30.878,174.882,18
5180,1,2022,19,Martin Truex Jr.,Tyt,7,3368,123,30.971,174.357,16
5180,1,2022,19,Martin Truex Jr.,Tyt,7,3368,124,30.919,174.650,16
5180,1,2022,19,Martin Truex Jr.,Tyt,7,3368,125,30.876,174.893,16
5180,1,2022,19,Martin Truex Jr.,Tyt,7,3368,126,30.924,174.622,16
5180,1,2022,19,Martin Truex Jr.,Tyt,7,3368,127,30.94,174.531,15
5180,1,2022,19,Martin Truex Jr.,Tyt,7,3368,128,30.974,174.340,15
5180,1,2022,19,Martin Truex Jr.,Tyt,7,3368,129,30.907,174.718,15
5180,1,2022,19,Martin Truex Jr.,Tyt,7,3368,130,30.813,175.251,14
5180,1,2022,19,Martin Truex Jr.,Tyt,7,3368,131,30.924,174.622,14
5180,1,2022,19,Martin Truex Jr.,Tyt,7,3368,132,30.972,174.351,13
5180,1,2022,19,Martin Truex Jr.,Tyt,7,3368,133,30.735,175.695,12
5180,1,2022,19,Martin Truex Jr.,Tyt,7,3368,134,30.889,174.820,11
5180,1,2022,19,Martin Truex Jr.,Tyt,7,3368,135,31.026,174.048,11
5180,1,2022,19,Martin Truex Jr.,Tyt,7,3368,136,31.191,173.127,10
5180,1,2022,19,Martin Truex Jr.,Tyt,7,3368,137,31.152,173.344,10
5180,1,2022,19,Martin Truex Jr.,Tyt,7,3368,138,31.042,173.958,10
5180,1,2022,19,Martin Truex Jr.,Tyt,7,3368,139,31.206,173.044,10
5180,1,2022,19,Martin Truex Jr.,Tyt,7,3368,140,31.219,172.972,10
5180,1,2022,19,Martin Truex Jr.,Tyt,7,3368,141,31.423,171.849,10
5180,1,2022,19,Martin Truex Jr.,Tyt,7,3368,142,31.415,171.892,10
5180,1,2022,19,Martin Truex Jr.,Tyt,7,3368,143,31.47,171.592,10
5180,1,2022,19,Martin Truex Jr.,Tyt,7,3368,144,31.36,172.194,10
5180,1,2022,19,Martin Truex Jr.,Tyt,7,3368,145,31.379,172.090,10
5180,1,2022,19,Martin Truex Jr.,Tyt,7,3368,146,31.235,172.883,10
5180,1,2022,19,Martin Truex Jr.,Tyt,7,3368,147,31.254,172.778,10
5180,1,2022,19,Martin Truex Jr.,Tyt,7,3368,148,31.419,171.871,10
5180,1,2022,19,Martin Truex Jr.,Tyt,7,3368,149,31.577,171.011,10
5180,1,2022,19,Martin Truex Jr.,Tyt,7,3368,150,31.432,171.799,10
5180,1,2022,19,Martin Truex Jr.,Tyt,7,3368,151,31.481,171.532,10
5180,1,2022,19,Martin Truex Jr.,Tyt,7,3368,152,31.369,172.144,9
5180,1,2022,19,Martin Truex Jr.,Tyt,7,3368,153,31.704,170.326,9
5180,1,2022,19,Martin Truex Jr.,Tyt,7,3368,154,31.548,171.168,9
5180,1,2022,19,Martin Truex Jr.,Tyt,7,3368,155,31.679,170.460,9
5180,1,2022,19,Martin Truex Jr.,Tyt,7,3368,156,31.679,170.460,9
5180,1,2022,19,Martin Truex Jr.,Tyt,7,3368,157,31.587,170.956,9
5180,1,2022,19,Martin Truex Jr.,Tyt,7,3368,158,31.637,170.686,9
5180,1,2022,19,Martin Truex Jr.,Tyt,7,3368,159,31.884,169.364,9
5180,1,2022,19,Martin Truex Jr.,Tyt,7,3368,160,31.779,169.924,9
5180,1,2022,19,Martin Truex Jr.,Tyt,7,3368,161,31.626,170.746,9
5180,1,2022,19,Martin Truex Jr.,Tyt,7,3368,162,31.598,170.897,9
5180,1,2022,19,Martin Truex Jr.,Tyt,7,3368,163,31.533,171.249,9
5180,1,2022,19,Martin Truex Jr.,Tyt,7,3368,164,31.65,170.616,8
5180,1,2022,19,Martin Truex Jr.,Tyt,7,3368,165,31.54,171.211,8
5180,1,2022,19,Martin Truex Jr.,Tyt,7,3368,166,50.758,106.387,8
5180,1,2022,19,Martin Truex Jr.,Tyt,7,3368,167,94.115,57.377,8
5180,1,2022,19,Martin Truex Jr.,Tyt,7,3368,168,95.816,56.358,4
5180,1,2022,19,Martin Truex Jr.,Tyt,7,3368,169,100.684,53.633,9
5180,1,2022,19,Martin Truex Jr.,Tyt,7,3368,170,98.761,54.677,8
5180,1,2022,19,Martin Truex Jr.,Tyt,7,3368,171,89.554,60.299,8
5180,1,2022,19,Martin Truex Jr.,Tyt,7,3368,172,32.599,165.649,8
5180,1,2022,19,Martin Truex Jr.,Tyt,7,3368,173,30.294,178.253,8
5180,1,2022,19,Martin Truex Jr.,Tyt,7,3368,174,30.403,177.614,9
5180,1,2022,19,Martin Truex Jr.,Tyt,7,3368,175,30.545,176.788,10
5180,1,2022,19,Martin Truex Jr.,Tyt,7,3368,176,30.754,175.587,9
5180,1,2022,19,Martin Truex Jr.,Tyt,7,3368,177,30.481,177.160,10
5180,1,2022,19,Martin Truex Jr.,Tyt,7,3368,178,30.581,176.580,10
5180,1,2022,19,Martin Truex Jr.,Tyt,7,3368,179,30.591,176.523,10
5180,1,2022,19,Martin Truex Jr.,Tyt,7,3368,180,30.732,175.713,10
5180,1,2022,19,Martin Truex Jr.,Tyt,7,3368,181,30.62,176.355,10
5180,1,2022,19,Martin Truex Jr.,Tyt,7,3368,182,30.666,176.091,10
5180,1,2022,19,Martin Truex Jr.,Tyt,7,3368,183,30.815,175.239,11
5180,1,2022,19,Martin Truex Jr.,Tyt,7,3368,184,30.74,175.667,11
5180,1,2022,19,Martin Truex Jr.,Tyt,7,3368,185,30.766,175.518,11
5180,1,2022,19,Martin Truex Jr.,Tyt,7,3368,186,30.994,174.227,10
5180,1,2022,19,Martin Truex Jr.,Tyt,7,3368,187,30.738,175.678,10
5180,1,2022,19,Martin Truex Jr.,Tyt,7,3368,188,30.731,175.718,10
5180,1,2022,19,Martin Truex Jr.,Tyt,7,3368,189,30.829,175.160,9
5180,1,2022,19,Martin Truex Jr.,Tyt,7,3368,190,30.836,175.120,9
5180,1,2022,19,Martin Truex Jr.,Tyt,7,3368,191,30.951,174.469,9
5180,1,2022,19,Martin Truex Jr.,Tyt,7,3368,192,31.074,173.779,9
5180,1,2022,19,Martin Truex Jr.,Tyt,7,3368,193,31.133,173.449,9
5180,1,2022,19,Martin Truex Jr.,Tyt,7,3368,194,34.164,158.061,9
5180,1,2022,19,Martin Truex Jr.,Tyt,7,3368,195,76.099,70.960,9
5180,1,2022,19,Martin Truex Jr.,Tyt,7,3368,196,96.264,56.096,6
5180,1,2022,19,Martin Truex Jr.,Tyt,7,3368,197,111.475,48.441,27
5180,1,2022,19,Martin Truex Jr.,Tyt,7,3368,198,97.159,55.579,20
5180,1,2022,19,Martin Truex Jr.,Tyt,7,3368,199,89.429,60.383,28
5180,1,2022,19,Martin Truex Jr.,Tyt,7,3368,200,32.377,166.785,25
5180,1,2022,19,Martin Truex Jr.,Tyt,7,3368,201,30.7,175.896,23
5180,1,2022,19,Martin Truex Jr.,Tyt,7,3368,202,30.688,175.965,22
5180,1,2022,19,Martin Truex Jr.,Tyt,7,3368,203,30.858,174.995,22
5180,1,2022,19,Martin Truex Jr.,Tyt,7,3368,204,30.943,174.514,22
5180,1,2022,19,Martin Truex Jr.,Tyt,7,3368,205,31.078,173.756,23
5180,1,2022,19,Martin Truex Jr.,Tyt,7,3368,206,30.842,175.086,23
5180,1,2022,19,Martin Truex Jr.,Tyt,7,3368,207,30.781,175.433,21
5180,1,2022,19,Martin Truex Jr.,Tyt,7,3368,208,30.882,174.859,22
5180,1,2022,19,Martin Truex Jr.,Tyt,7,3368,209,30.974,174.340,22
5180,1,2022,19,Martin Truex Jr.,Tyt,7,3368,210,31.123,173.505,22
5180,1,2022,19,Martin Truex Jr.,Tyt,7,3368,211,31.195,173.105,21
5180,1,2022,19,Martin Truex Jr.,Tyt,7,3368,212,30.797,175.342,20
5180,1,2022,19,Martin Truex Jr.,Tyt,7,3368,213,30.865,174.955,20
5180,1,2022,19,Martin Truex Jr.,Tyt,7,3368,214,30.882,174.859,19
5180,1,2022,19,Martin Truex Jr.,Tyt,7,3368,215,30.839,175.103,18
5180,1,2022,19,Martin Truex Jr.,Tyt,7,3368,216,31.031,174.020,18
5180,1,2022,19,Martin Truex Jr.,Tyt,7,3368,217,31.079,173.751,18
5180,1,2022,19,Martin Truex Jr.,Tyt,7,3368,218,30.951,174.469,18
5180,1,2022,19,Martin Truex Jr.,Tyt,7,3368,219,31.078,173.756,18
5180,1,2022,19,Martin Truex Jr.,Tyt,7,3368,220,30.96,174.419,17
5180,1,2022,19,Martin Truex Jr.,Tyt,7,3368,221,30.917,174.661,17
5180,1,2022,19,Martin Truex Jr.,Tyt,7,3368,222,31.023,174.064,17
5180,1,2022,19,Martin Truex Jr.,Tyt,7,3368,223,31.044,173.947,17
5180,1,2022,19,Martin Truex Jr.,Tyt,7,3368,224,31.052,173.902,16
5180,1,2022,19,Martin Truex Jr.,Tyt,7,3368,225,30.903,174.740,16
5180,1,2022,19,Martin Truex Jr.,Tyt,7,3368,226,30.964,174.396,16
5180,1,2022,19,Martin Truex Jr.,Tyt,7,3368,227,31.252,172.789,16
5180,1,2022,19,Martin Truex Jr.,Tyt,7,3368,228,40.859,132.162,15
5180,1,2022,19,Martin Truex Jr.,Tyt,7,3368,229,78.97,68.380,9
5180,1,2022,19,Martin Truex Jr.,Tyt,7,3368,230,105.165,51.348,13
5180,1,2022,19,Martin Truex Jr.,Tyt,7,3368,231,100.095,53.949,13
5180,1,2022,19,Martin Truex Jr.,Tyt,7,3368,232,88.013,61.355,14
5180,1,2022,19,Martin Truex Jr.,Tyt,7,3368,233,32.905,164.109,12
5180,1,2022,19,Martin Truex Jr.,Tyt,7,3368,234,30.264,178.430,12
5180,1,2022,19,Martin Truex Jr.,Tyt,7,3368,235,30.094,179.438,11
5180,1,2022,19,Martin Truex Jr.,Tyt,7,3368,236,30.326,178.065,10
5180,1,2022,19,Martin Truex Jr.,Tyt,7,3368,237,30.417,177.532,10
5180,1,2022,19,Martin Truex Jr.,Tyt,7,3368,238,30.193,178.849,10
5180,1,2022,19,Martin Truex Jr.,Tyt,7,3368,239,30.466,177.247,10
5180,1,2022,19,Martin Truex Jr.,Tyt,7,3368,240,30.497,177.067,8
5180,1,2022,19,Martin Truex Jr.,Tyt,7,3368,241,51.242,105.382,8
5180,1,2022,19,Martin Truex Jr.,Tyt,7,3368,242,89.888,60.075,9
5180,1,2022,19,Martin Truex Jr.,Tyt,7,3368,243,99.919,54.044,8
5180,1,2022,19,Martin Truex Jr.,Tyt,7,3368,244,100.432,53.768,8
5180,1,2022,19,Martin Truex Jr.,Tyt,7,3368,245,93.063,58.025,8
5180,1,2022,19,Martin Truex Jr.,Tyt,7,3368,246,32.913,164.069,4
5180,1,2022,19,Martin Truex Jr.,Tyt,7,3368,247,54.132,99.756,4
5180,1,2022,19,Martin Truex Jr.,Tyt,7,3368,248,85.763,62.964,4
5180,1,2022,19,Martin Truex Jr.,Tyt,7,3368,249,100.763,53.591,4
5180,1,2022,19,Martin Truex Jr.,Tyt,7,3368,250,100.925,53.505,4
5180,1,2022,19,Martin Truex Jr.,Tyt,7,3368,251,94.538,57.120,3
5180,1,2022,19,Martin Truex Jr.,Tyt,7,3368,252,32.595,165.670,4
5180,1,2022,19,Martin Truex Jr.,Tyt,7,3368,253,30.192,178.855,5
5180,1,2022,19,Martin Truex Jr.,Tyt,7,3368,254,30.19,178.867,5
5180,1,2022,19,Martin Truex Jr.,Tyt,7,3368,255,30.557,176.719,4
5180,1,2022,19,Martin Truex Jr.,Tyt,7,3368,256,31.206,173.044,8
5180,1,2022,19,Martin Truex Jr.,Tyt,7,3368,257,30.524,176.910,7
5180,1,2022,19,Martin Truex Jr.,Tyt,7,3368,258,30.533,176.858,7
5180,1,2022,19,Martin Truex Jr.,Tyt,7,3368,259,30.41,177.573,7
5180,1,2022,19,Martin Truex Jr.,Tyt,7,3368,260,30.722,175.770,7
5180,1,2022,19,Martin Truex Jr.,Tyt,7,3368,261,30.829,175.160,7
5180,1,2022,19,Martin Truex Jr.,Tyt,7,3368,262,30.902,174.746,7
5180,1,2022,19,Martin Truex Jr.,Tyt,7,3368,263,30.743,175.650,7
5180,1,2022,19,Martin Truex Jr.,Tyt,7,3368,264,30.738,175.678,7
5180,1,2022,19,Martin Truex Jr.,Tyt,7,3368,265,30.843,175.080,7
5180,1,2022,19,Martin Truex Jr.,Tyt,7,3368,266,31.368,172.150,8
5180,1,2022,19,Martin Truex Jr.,Tyt,7,3368,267,31.205,173.049,7
5180,1,2022,43,Erik Jones,Chv,8,4059,0,,,22
5180,1,2022,43,Erik Jones,Chv,8,4059,1,32.843,164.419,20
5180,1,2022,43,Erik Jones,Chv,8,4059,2,30.328,178.053,19
5180,1,2022,43,Erik Jones,Chv,8,4059,3,30.482,177.154,19
5180,1,2022,43,Erik Jones,Chv,8,4059,4,30.344,177.959,18
5180,1,2022,43,Erik Jones,Chv,8,4059,5,30.437,177.416,18
5180,1,2022,43,Erik Jones,Chv,8,4059,6,30.547,176.777,18
5180,1,2022,43,Erik Jones,Chv,8,4059,7,31.154,173.332,17
5180,1,2022,43,Erik Jones,Chv,8,4059,8,30.516,176.956,17
5180,1,2022,43,Erik Jones,Chv,8,4059,9,30.647,176.200,17
5180,1,2022,43,Erik Jones,Chv,8,4059,10,30.6,176.471,17
5180,1,2022,43,Erik Jones,Chv,8,4059,11,30.953,174.458,17
5180,1,2022,43,Erik Jones,Chv,8,4059,12,30.768,175.507,16
5180,1,2022,43,Erik Jones,Chv,8,4059,13,30.849,175.046,16
5180,1,2022,43,Erik Jones,Chv,8,4059,14,30.586,176.551,16
5180,1,2022,43,Erik Jones,Chv,8,4059,15,30.847,175.058,16
5180,1,2022,43,Erik Jones,Chv,8,4059,16,30.84,175.097,16
5180,1,2022,43,Erik Jones,Chv,8,4059,17,31.003,174.177,16
5180,1,2022,43,Erik Jones,Chv,8,4059,18,30.884,174.848,16
5180,1,2022,43,Erik Jones,Chv,8,4059,19,30.904,174.735,16
5180,1,2022,43,Erik Jones,Chv,8,4059,20,30.918,174.656,16
5180,1,2022,43,Erik Jones,Chv,8,4059,21,30.822,175.200,16
5180,1,2022,43,Erik Jones,Chv,8,4059,22,30.935,174.560,16
5180,1,2022,43,Erik Jones,Chv,8,4059,23,31.18,173.188,17
5180,1,2022,43,Erik Jones,Chv,8,4059,24,31.167,173.260,16
5180,1,2022,43,Erik Jones,Chv,8,4059,25,31.185,173.160,16
5180,1,2022,43,Erik Jones,Chv,8,4059,26,31.087,173.706,16
5180,1,2022,43,Erik Jones,Chv,8,4059,27,31.177,173.205,16
5180,1,2022,43,Erik Jones,Chv,8,4059,28,31.164,173.277,16
5180,1,2022,43,Erik Jones,Chv,8,4059,29,31.471,171.587,17
5180,1,2022,43,Erik Jones,Chv,8,4059,30,31.317,172.430,17
5180,1,2022,43,Erik Jones,Chv,8,4059,31,31.282,172.623,17
5180,1,2022,43,Erik Jones,Chv,8,4059,32,31.132,173.455,17
5180,1,2022,43,Erik Jones,Chv,8,4059,33,31.311,172.463,17
5180,1,2022,43,Erik Jones,Chv,8,4059,34,31.295,172.552,17
5180,1,2022,43,Erik Jones,Chv,8,4059,35,31.261,172.739,17
5180,1,2022,43,Erik Jones,Chv,8,4059,36,31.467,171.608,16
5180,1,2022,43,Erik Jones,Chv,8,4059,37,31.5,171.429,14
5180,1,2022,43,Erik Jones,Chv,8,4059,38,43.607,123.833,22
5180,1,2022,43,Erik Jones,Chv,8,4059,39,67.189,80.370,32
5180,1,2022,43,Erik Jones,Chv,8,4059,40,29.988,180.072,27
5180,1,2022,43,Erik Jones,Chv,8,4059,41,30.536,176.840,25
5180,1,2022,43,Erik Jones,Chv,8,4059,42,30.1,179.402,24
5180,1,2022,43,Erik Jones,Chv,8,4059,43,30.067,179.599,22
5180,1,2022,43,Erik Jones,Chv,8,4059,44,30.332,178.030,22
5180,1,2022,43,Erik Jones,Chv,8,4059,45,30.179,178.932,22
5180,1,2022,43,Erik Jones,Chv,8,4059,46,30.108,179.354,22
5180,1,2022,43,Erik Jones,Chv,8,4059,47,30.204,178.784,22
5180,1,2022,43,Erik Jones,Chv,8,4059,48,30.339,177.989,22
5180,1,2022,43,Erik Jones,Chv,8,4059,49,30.518,176.945,22
5180,1,2022,43,Erik Jones,Chv,8,4059,50,30.637,176.257,22
5180,1,2022,43,Erik Jones,Chv,8,4059,51,30.637,176.257,22
5180,1,2022,43,Erik Jones,Chv,8,4059,52,30.609,176.419,22
5180,1,2022,43,Erik Jones,Chv,8,4059,53,30.617,176.373,22
5180,1,2022,43,Erik Jones,Chv,8,4059,54,30.601,176.465,22
5180,1,2022,43,Erik Jones,Chv,8,4059,55,30.735,175.695,22
5180,1,2022,43,Erik Jones,Chv,8,4059,56,30.837,175.114,22
5180,1,2022,43,Erik Jones,Chv,8,4059,57,30.8,175.325,22
5180,1,2022,43,Erik Jones,Chv,8,4059,58,30.755,175.581,22
5180,1,2022,43,Erik Jones,Chv,8,4059,59,30.87,174.927,22
5180,1,2022,43,Erik Jones,Chv,8,4059,60,31.161,173.294,22
5180,1,2022,43,Erik Jones,Chv,8,4059,61,31.016,174.104,22
5180,1,2022,43,Erik Jones,Chv,8,4059,62,31.028,174.036,22
5180,1,2022,43,Erik Jones,Chv,8,4059,63,31.089,173.695,22
5180,1,2022,43,Erik Jones,Chv,8,4059,64,31.073,173.784,22
5180,1,2022,43,Erik Jones,Chv,8,4059,65,31.266,172.712,22
5180,1,2022,43,Erik Jones,Chv,8,4059,66,31.226,172.933,22
5180,1,2022,43,Erik Jones,Chv,8,4059,67,31.279,172.640,22
5180,1,2022,43,Erik Jones,Chv,8,4059,68,31.398,171.985,22
5180,1,2022,43,Erik Jones,Chv,8,4059,69,31.367,172.155,22
5180,1,2022,43,Erik Jones,Chv,8,4059,70,31.327,172.375,22
5180,1,2022,43,Erik Jones,Chv,8,4059,71,31.308,172.480,22
5180,1,2022,43,Erik Jones,Chv,8,4059,72,31.516,171.342,22
5180,1,2022,43,Erik Jones,Chv,8,4059,73,31.491,171.478,22
5180,1,2022,43,Erik Jones,Chv,8,4059,74,31.38,172.084,22
5180,1,2022,43,Erik Jones,Chv,8,4059,75,31.49,171.483,22
5180,1,2022,43,Erik Jones,Chv,8,4059,76,31.471,171.587,22
5180,1,2022,43,Erik Jones,Chv,8,4059,77,38.712,139.492,22
5180,1,2022,43,Erik Jones,Chv,8,4059,78,46.879,115.190,21
5180,1,2022,43,Erik Jones,Chv,8,4059,79,69.451,77.753,21
5180,1,2022,43,Erik Jones,Chv,8,4059,80,99.877,54.067,21
5180,1,2022,43,Erik Jones,Chv,8,4059,81,97.587,55.335,21
5180,1,2022,43,Erik Jones,Chv,8,4059,82,88.47,61.038,11
5180,1,2022,43,Erik Jones,Chv,8,4059,83,110.023,49.081,25
5180,1,2022,43,Erik Jones,Chv,8,4059,84,100.069,53.963,24
5180,1,2022,43,Erik Jones,Chv,8,4059,85,78.548,68.748,24
5180,1,2022,43,Erik Jones,Chv,8,4059,86,32.19,167.754,21
5180,1,2022,43,Erik Jones,Chv,8,4059,87,30.858,174.995,21
5180,1,2022,43,Erik Jones,Chv,8,4059,88,30.272,178.383,20
5180,1,2022,43,Erik Jones,Chv,8,4059,89,30.622,176.344,19
5180,1,2022,43,Erik Jones,Chv,8,4059,90,30.604,176.448,19
5180,1,2022,43,Erik Jones,Chv,8,4059,91,30.614,176.390,19
5180,1,2022,43,Erik Jones,Chv,8,4059,92,30.741,175.661,19
5180,1,2022,43,Erik Jones,Chv,8,4059,93,30.757,175.570,18
5180,1,2022,43,Erik Jones,Chv,8,4059,94,32.586,165.715,19
5180,1,2022,43,Erik Jones,Chv,8,4059,95,55.177,97.867,16
5180,1,2022,43,Erik Jones,Chv,8,4059,96,114.68,47.088,16
5180,1,2022,43,Erik Jones,Chv,8,4059,97,101.945,52.970,9
5180,1,2022,43,Erik Jones,Chv,8,4059,98,104.995,51.431,12
5180,1,2022,43,Erik Jones,Chv,8,4059,99,106.32,50.790,12
5180,1,2022,43,Erik Jones,Chv,8,4059,100,94.568,57.102,12
5180,1,2022,43,Erik Jones,Chv,8,4059,101,100.226,53.878,12
5180,1,2022,43,Erik Jones,Chv,8,4059,102,88.513,61.008,12
5180,1,2022,43,Erik Jones,Chv,8,4059,103,45.394,118.958,12
5180,1,2022,43,Erik Jones,Chv,8,4059,104,92.809,58.184,12
5180,1,2022,43,Erik Jones,Chv,8,4059,105,99.95,54.027,11
5180,1,2022,43,Erik Jones,Chv,8,4059,106,102.989,52.433,11
5180,1,2022,43,Erik Jones,Chv,8,4059,107,90.728,59.519,11
5180,1,2022,43,Erik Jones,Chv,8,4059,108,32.64,165.441,11
5180,1,2022,43,Erik Jones,Chv,8,4059,109,30.377,177.766,11
5180,1,2022,43,Erik Jones,Chv,8,4059,110,30.373,177.789,12
5180,1,2022,43,Erik Jones,Chv,8,4059,111,30.298,178.230,11
5180,1,2022,43,Erik Jones,Chv,8,4059,112,30.369,177.813,11
5180,1,2022,43,Erik Jones,Chv,8,4059,113,30.366,177.830,11
5180,1,2022,43,Erik Jones,Chv,8,4059,114,30.814,175.245,11
5180,1,2022,43,Erik Jones,Chv,8,4059,115,30.588,176.540,11
5180,1,2022,43,Erik Jones,Chv,8,4059,116,30.442,177.387,11
5180,1,2022,43,Erik Jones,Chv,8,4059,117,30.622,176.344,11
5180,1,2022,43,Erik Jones,Chv,8,4059,118,30.555,176.730,11
5180,1,2022,43,Erik Jones,Chv,8,4059,119,30.823,175.194,11
5180,1,2022,43,Erik Jones,Chv,8,4059,120,30.898,174.769,11
5180,1,2022,43,Erik Jones,Chv,8,4059,121,30.905,174.729,11
5180,1,2022,43,Erik Jones,Chv,8,4059,122,30.992,174.239,10
5180,1,2022,43,Erik Jones,Chv,8,4059,123,30.946,174.498,10
5180,1,2022,43,Erik Jones,Chv,8,4059,124,31.003,174.177,10
5180,1,2022,43,Erik Jones,Chv,8,4059,125,31.4,171.975,10
5180,1,2022,43,Erik Jones,Chv,8,4059,126,31.41,171.920,12
5180,1,2022,43,Erik Jones,Chv,8,4059,127,31.294,172.557,12
5180,1,2022,43,Erik Jones,Chv,8,4059,128,31.365,172.166,12
5180,1,2022,43,Erik Jones,Chv,8,4059,129,31.521,171.314,13
5180,1,2022,43,Erik Jones,Chv,8,4059,130,31.425,171.838,13
5180,1,2022,43,Erik Jones,Chv,8,4059,131,31.201,173.071,13
5180,1,2022,43,Erik Jones,Chv,8,4059,132,31.692,170.390,14
5180,1,2022,43,Erik Jones,Chv,8,4059,133,31.379,172.090,14
5180,1,2022,43,Erik Jones,Chv,8,4059,134,31.346,172.271,14
5180,1,2022,43,Erik Jones,Chv,8,4059,135,31.43,171.810,14
5180,1,2022,43,Erik Jones,Chv,8,4059,136,31.415,171.892,14
5180,1,2022,43,Erik Jones,Chv,8,4059,137,31.5,171.429,14
5180,1,2022,43,Erik Jones,Chv,8,4059,138,31.501,171.423,14
5180,1,2022,43,Erik Jones,Chv,8,4059,139,31.536,171.233,14
5180,1,2022,43,Erik Jones,Chv,8,4059,140,31.685,170.428,14
5180,1,2022,43,Erik Jones,Chv,8,4059,141,32.064,168.413,15
5180,1,2022,43,Erik Jones,Chv,8,4059,142,32.034,168.571,15
5180,1,2022,43,Erik Jones,Chv,8,4059,143,31.842,169.587,15
5180,1,2022,43,Erik Jones,Chv,8,4059,144,31.732,170.175,15
5180,1,2022,43,Erik Jones,Chv,8,4059,145,31.861,169.486,15
5180,1,2022,43,Erik Jones,Chv,8,4059,146,31.711,170.288,15
5180,1,2022,43,Erik Jones,Chv,8,4059,147,31.843,169.582,15
5180,1,2022,43,Erik Jones,Chv,8,4059,148,31.747,170.095,15
5180,1,2022,43,Erik Jones,Chv,8,4059,149,31.83,169.651,15
5180,1,2022,43,Erik Jones,Chv,8,4059,150,32.165,167.884,16
5180,1,2022,43,Erik Jones,Chv,8,4059,151,31.683,170.438,16
5180,1,2022,43,Erik Jones,Chv,8,4059,152,31.934,169.099,16
5180,1,2022,43,Erik Jones,Chv,8,4059,153,31.954,168.993,16
5180,1,2022,43,Erik Jones,Chv,8,4059,154,32.205,167.676,17
5180,1,2022,43,Erik Jones,Chv,8,4059,155,32.146,167.984,17
5180,1,2022,43,Erik Jones,Chv,8,4059,156,32.054,168.466,17
5180,1,2022,43,Erik Jones,Chv,8,4059,157,31.956,168.982,17
5180,1,2022,43,Erik Jones,Chv,8,4059,158,32.012,168.687,17
5180,1,2022,43,Erik Jones,Chv,8,4059,159,32.063,168.418,18
5180,1,2022,43,Erik Jones,Chv,8,4059,160,31.787,169.881,18
5180,1,2022,43,Erik Jones,Chv,8,4059,161,31.726,170.207,18
5180,1,2022,43,Erik Jones,Chv,8,4059,162,32.033,168.576,18
5180,1,2022,43,Erik Jones,Chv,8,4059,163,31.915,169.199,18
5180,1,2022,43,Erik Jones,Chv,8,4059,164,31.882,169.375,18
5180,1,2022,43,Erik Jones,Chv,8,4059,165,32.734,164.966,18
5180,1,2022,43,Erik Jones,Chv,8,4059,166,47.42,113.876,18
5180,1,2022,43,Erik Jones,Chv,8,4059,167,90.343,59.772,18
5180,1,2022,43,Erik Jones,Chv,8,4059,168,91.281,59.158,10
5180,1,2022,43,Erik Jones,Chv,8,4059,169,104.508,51.671,18
5180,1,2022,43,Erik Jones,Chv,8,4059,170,99.811,54.102,17
5180,1,2022,43,Erik Jones,Chv,8,4059,171,82.29,65.622,18
5180,1,2022,43,Erik Jones,Chv,8,4059,172,32.503,166.139,15
5180,1,2022,43,Erik Jones,Chv,8,4059,173,30.267,178.412,13
5180,1,2022,43,Erik Jones,Chv,8,4059,174,30.346,177.948,12
5180,1,2022,43,Erik Jones,Chv,8,4059,175,30.427,177.474,12
5180,1,2022,43,Erik Jones,Chv,8,4059,176,30.873,174.910,12
5180,1,2022,43,Erik Jones,Chv,8,4059,177,30.595,176.499,12
5180,1,2022,43,Erik Jones,Chv,8,4059,178,30.536,176.840,12
5180,1,2022,43,Erik Jones,Chv,8,4059,179,30.55,176.759,12
5180,1,2022,43,Erik Jones,Chv,8,4059,180,30.817,175.228,13
5180,1,2022,43,Erik Jones,Chv,8,4059,181,30.894,174.791,13
5180,1,2022,43,Erik Jones,Chv,8,4059,182,30.829,175.160,13
5180,1,2022,43,Erik Jones,Chv,8,4059,183,30.719,175.787,13
5180,1,2022,43,Erik Jones,Chv,8,4059,184,30.747,175.627,13
5180,1,2022,43,Erik Jones,Chv,8,4059,185,30.866,174.950,13
5180,1,2022,43,Erik Jones,Chv,8,4059,186,31.377,172.101,14
5180,1,2022,43,Erik Jones,Chv,8,4059,187,31.221,172.961,14
5180,1,2022,43,Erik Jones,Chv,8,4059,188,31.193,173.116,14
5180,1,2022,43,Erik Jones,Chv,8,4059,189,31.064,173.835,14
5180,1,2022,43,Erik Jones,Chv,8,4059,190,31.108,173.589,14
5180,1,2022,43,Erik Jones,Chv,8,4059,191,31.126,173.488,14
5180,1,2022,43,Erik Jones,Chv,8,4059,192,31.046,173.935,14
5180,1,2022,43,Erik Jones,Chv,8,4059,193,31.234,172.889,14
5180,1,2022,43,Erik Jones,Chv,8,4059,194,35.962,150.159,15
5180,1,2022,43,Erik Jones,Chv,8,4059,195,75.127,71.878,15
5180,1,2022,43,Erik Jones,Chv,8,4059,196,94.253,57.293,10
5180,1,2022,43,Erik Jones,Chv,8,4059,197,100.629,53.662,11
5180,1,2022,43,Erik Jones,Chv,8,4059,198,98.367,54.896,10
5180,1,2022,43,Erik Jones,Chv,8,4059,199,95.835,56.347,9
5180,1,2022,43,Erik Jones,Chv,8,4059,200,32.706,165.107,8
5180,1,2022,43,Erik Jones,Chv,8,4059,201,30.343,177.965,6
5180,1,2022,43,Erik Jones,Chv,8,4059,202,30.143,179.146,6
5180,1,2022,43,Erik Jones,Chv,8,4059,203,30.492,177.096,6
5180,1,2022,43,Erik Jones,Chv,8,4059,204,30.45,177.340,7
5180,1,2022,43,Erik Jones,Chv,8,4059,205,30.337,178.000,7
5180,1,2022,43,Erik Jones,Chv,8,4059,206,30.422,177.503,7
5180,1,2022,43,Erik Jones,Chv,8,4059,207,30.436,177.421,7
5180,1,2022,43,Erik Jones,Chv,8,4059,208,30.436,177.421,7
5180,1,2022,43,Erik Jones,Chv,8,4059,209,30.529,176.881,6
5180,1,2022,43,Erik Jones,Chv,8,4059,210,30.672,176.056,6
5180,1,2022,43,Erik Jones,Chv,8,4059,211,30.584,176.563,6
5180,1,2022,43,Erik Jones,Chv,8,4059,212,30.661,176.120,6
5180,1,2022,43,Erik Jones,Chv,8,4059,213,30.717,175.798,6
5180,1,2022,43,Erik Jones,Chv,8,4059,214,30.84,175.097,6
5180,1,2022,43,Erik Jones,Chv,8,4059,215,30.748,175.621,6
5180,1,2022,43,Erik Jones,Chv,8,4059,216,30.803,175.308,6
5180,1,2022,43,Erik Jones,Chv,8,4059,217,30.817,175.228,6
5180,1,2022,43,Erik Jones,Chv,8,4059,218,30.832,175.143,6
5180,1,2022,43,Erik Jones,Chv,8,4059,219,30.863,174.967,6
5180,1,2022,43,Erik Jones,Chv,8,4059,220,30.897,174.774,6
5180,1,2022,43,Erik Jones,Chv,8,4059,221,30.998,174.205,6
5180,1,2022,43,Erik Jones,Chv,8,4059,222,31.402,171.964,7
5180,1,2022,43,Erik Jones,Chv,8,4059,223,31.505,171.401,7
5180,1,2022,43,Erik Jones,Chv,8,4059,224,31.293,172.563,7
5180,1,2022,43,Erik Jones,Chv,8,4059,225,31.235,172.883,7
5180,1,2022,43,Erik Jones,Chv,8,4059,226,31.23,172.911,7
5180,1,2022,43,Erik Jones,Chv,8,4059,227,31.164,173.277,7
5180,1,2022,43,Erik Jones,Chv,8,4059,228,36.878,146.429,6
5180,1,2022,43,Erik Jones,Chv,8,4059,229,86.337,62.546,4
5180,1,2022,43,Erik Jones,Chv,8,4059,230,103.946,51.950,8
5180,1,2022,43,Erik Jones,Chv,8,4059,231,99.261,54.402,8
5180,1,2022,43,Erik Jones,Chv,8,4059,232,92.164,58.591,8
5180,1,2022,43,Erik Jones,Chv,8,4059,233,33.12,163.043,9
5180,1,2022,43,Erik Jones,Chv,8,4059,234,29.977,180.138,8
5180,1,2022,43,Erik Jones,Chv,8,4059,235,30.205,178.778,8
5180,1,2022,43,Erik Jones,Chv,8,4059,236,30.171,178.980,8
5180,1,2022,43,Erik Jones,Chv,8,4059,237,30.36,177.866,8
5180,1,2022,43,Erik Jones,Chv,8,4059,238,30.334,178.018,8
5180,1,2022,43,Erik Jones,Chv,8,4059,239,30.425,177.486,8
5180,1,2022,43,Erik Jones,Chv,8,4059,240,30.748,175.621,7
5180,1,2022,43,Erik Jones,Chv,8,4059,241,50.94,106.007,7
5180,1,2022,43,Erik Jones,Chv,8,4059,242,89.555,60.298,8
5180,1,2022,43,Erik Jones,Chv,8,4059,243,100.101,53.946,7
5180,1,2022,43,Erik Jones,Chv,8,4059,244,100.255,53.863,7
5180,1,2022,43,Erik Jones,Chv,8,4059,245,93.9,57.508,7
5180,1,2022,43,Erik Jones,Chv,8,4059,246,33.542,160.992,9
5180,1,2022,43,Erik Jones,Chv,8,4059,247,57.066,94.627,9
5180,1,2022,43,Erik Jones,Chv,8,4059,248,85.292,63.312,9
5180,1,2022,43,Erik Jones,Chv,8,4059,249,101.005,53.463,9
5180,1,2022,43,Erik Jones,Chv,8,4059,250,101.007,53.462,9
5180,1,2022,43,Erik Jones,Chv,8,4059,251,91.505,59.013,9
5180,1,2022,43,Erik Jones,Chv,8,4059,252,32.655,165.365,8
5180,1,2022,43,Erik Jones,Chv,8,4059,253,30.162,179.033,7
5180,1,2022,43,Erik Jones,Chv,8,4059,254,30.18,178.926,8
5180,1,2022,43,Erik Jones,Chv,8,4059,255,30.586,176.551,8
5180,1,2022,43,Erik Jones,Chv,8,4059,256,30.369,177.813,5
5180,1,2022,43,Erik Jones,Chv,8,4059,257,30.665,176.097,6
5180,1,2022,43,Erik Jones,Chv,8,4059,258,30.481,177.160,5
5180,1,2022,43,Erik Jones,Chv,8,4059,259,30.571,176.638,6
5180,1,2022,43,Erik Jones,Chv,8,4059,260,30.826,175.177,6
5180,1,2022,43,Erik Jones,Chv,8,4059,261,30.876,174.893,6
5180,1,2022,43,Erik Jones,Chv,8,4059,262,30.778,175.450,6
5180,1,2022,43,Erik Jones,Chv,8,4059,263,30.779,175.444,6
5180,1,2022,43,Erik Jones,Chv,8,4059,264,30.76,175.553,6
5180,1,2022,43,Erik Jones,Chv,8,4059,265,30.897,174.774,6
5180,1,2022,43,Erik Jones,Chv,8,4059,266,31.361,172.188,7
5180,1,2022,43,Erik Jones,Chv,8,4059,267,31.747,170.095,8
5180,1,2022,16,AJ Allmendinger(i),Chv,9,3774,0,,,21
5180,1,2022,16,AJ Allmendinger(i),Chv,9,3774,1,32.915,164.059,22
5180,1,2022,16,AJ Allmendinger(i),Chv,9,3774,2,30.735,175.695,23
5180,1,2022,16,AJ Allmendinger(i),Chv,9,3774,3,30.422,177.503,22
5180,1,2022,16,AJ Allmendinger(i),Chv,9,3774,4,30.402,177.620,20
5180,1,2022,16,AJ Allmendinger(i),Chv,9,3774,5,30.28,178.336,19
5180,1,2022,16,AJ Allmendinger(i),Chv,9,3774,6,30.529,176.881,20
5180,1,2022,16,AJ Allmendinger(i),Chv,9,3774,7,30.985,174.278,20
5180,1,2022,16,AJ Allmendinger(i),Chv,9,3774,8,31.33,172.359,22
5180,1,2022,16,AJ Allmendinger(i),Chv,9,3774,9,31.069,173.807,23
5180,1,2022,16,AJ Allmendinger(i),Chv,9,3774,10,30.928,174.599,23
5180,1,2022,16,AJ Allmendinger(i),Chv,9,3774,11,30.707,175.856,23
5180,1,2022,16,AJ Allmendinger(i),Chv,9,3774,12,30.997,174.210,23
5180,1,2022,16,AJ Allmendinger(i),Chv,9,3774,13,31.043,173.952,23
5180,1,2022,16,AJ Allmendinger(i),Chv,9,3774,14,31.133,173.449,23
5180,1,2022,16,AJ Allmendinger(i),Chv,9,3774,15,31.551,171.151,24
5180,1,2022,16,AJ Allmendinger(i),Chv,9,3774,16,31.004,174.171,24
5180,1,2022,16,AJ Allmendinger(i),Chv,9,3774,17,30.829,175.160,24
5180,1,2022,16,AJ Allmendinger(i),Chv,9,3774,18,30.834,175.131,24
5180,1,2022,16,AJ Allmendinger(i),Chv,9,3774,19,31.012,174.126,24
5180,1,2022,16,AJ Allmendinger(i),Chv,9,3774,20,30.875,174.899,24
5180,1,2022,16,AJ Allmendinger(i),Chv,9,3774,21,31.226,172.933,24
5180,1,2022,16,AJ Allmendinger(i),Chv,9,3774,22,31.531,171.260,23
5180,1,2022,16,AJ Allmendinger(i),Chv,9,3774,23,31.08,173.745,23
5180,1,2022,16,AJ Allmendinger(i),Chv,9,3774,24,30.825,175.182,23
5180,1,2022,16,AJ Allmendinger(i),Chv,9,3774,25,30.807,175.285,23
5180,1,2022,16,AJ Allmendinger(i),Chv,9,3774,26,31.018,174.092,23
5180,1,2022,16,AJ Allmendinger(i),Chv,9,3774,27,31.087,173.706,23
5180,1,2022,16,AJ Allmendinger(i),Chv,9,3774,28,31.074,173.779,23
5180,1,2022,16,AJ Allmendinger(i),Chv,9,3774,29,31.081,173.740,23
5180,1,2022,16,AJ Allmendinger(i),Chv,9,3774,30,31.446,171.723,23
5180,1,2022,16,AJ Allmendinger(i),Chv,9,3774,31,31.319,172.419,23
5180,1,2022,16,AJ Allmendinger(i),Chv,9,3774,32,31.297,172.540,22
5180,1,2022,16,AJ Allmendinger(i),Chv,9,3774,33,31.071,173.796,22
5180,1,2022,16,AJ Allmendinger(i),Chv,9,3774,34,31.058,173.868,22
5180,1,2022,16,AJ Allmendinger(i),Chv,9,3774,35,31.192,173.121,22
5180,1,2022,16,AJ Allmendinger(i),Chv,9,3774,36,31.194,173.110,21
5180,1,2022,16,AJ Allmendinger(i),Chv,9,3774,37,31.11,173.578,19
5180,1,2022,16,AJ Allmendinger(i),Chv,9,3774,38,31.23,172.911,14
5180,1,2022,16,AJ Allmendinger(i),Chv,9,3774,39,31.484,171.516,7
5180,1,2022,16,AJ Allmendinger(i),Chv,9,3774,40,43.401,124.421,6
5180,1,2022,16,AJ Allmendinger(i),Chv,9,3774,41,60.816,88.792,24
5180,1,2022,16,AJ Allmendinger(i),Chv,9,3774,42,30.059,179.647,22
5180,1,2022,16,AJ Allmendinger(i),Chv,9,3774,43,29.913,180.524,20
5180,1,2022,16,AJ Allmendinger(i),Chv,9,3774,44,30.013,179.922,20
5180,1,2022,16,AJ Allmendinger(i),Chv,9,3774,45,30.397,177.649,20
5180,1,2022,16,AJ Allmendinger(i),Chv,9,3774,46,30.217,178.707,19
5180,1,2022,16,AJ Allmendinger(i),Chv,9,3774,47,30.256,178.477,18
5180,1,2022,16,AJ Allmendinger(i),Chv,9,3774,48,30.212,178.737,18
5180,1,2022,16,AJ Allmendinger(i),Chv,9,3774,49,30.245,178.542,18
5180,1,2022,16,AJ Allmendinger(i),Chv,9,3774,50,30.332,178.030,18
5180,1,2022,16,AJ Allmendinger(i),Chv,9,3774,51,30.348,177.936,18
5180,1,2022,16,AJ Allmendinger(i),Chv,9,3774,52,30.386,177.713,18
5180,1,2022,16,AJ Allmendinger(i),Chv,9,3774,53,30.541,176.811,18
5180,1,2022,16,AJ Allmendinger(i),Chv,9,3774,54,30.854,175.018,18
5180,1,2022,16,AJ Allmendinger(i),Chv,9,3774,55,30.73,175.724,17
5180,1,2022,16,AJ Allmendinger(i),Chv,9,3774,56,30.849,175.046,17
5180,1,2022,16,AJ Allmendinger(i),Chv,9,3774,57,30.618,176.367,17
5180,1,2022,16,AJ Allmendinger(i),Chv,9,3774,58,30.786,175.404,17
5180,1,2022,16,AJ Allmendinger(i),Chv,9,3774,59,30.868,174.938,17
5180,1,2022,16,AJ Allmendinger(i),Chv,9,3774,60,31.16,173.299,18
5180,1,2022,16,AJ Allmendinger(i),Chv,9,3774,61,31.203,173.060,18
5180,1,2022,16,AJ Allmendinger(i),Chv,9,3774,62,30.847,175.058,18
5180,1,2022,16,AJ Allmendinger(i),Chv,9,3774,63,30.824,175.188,18
5180,1,2022,16,AJ Allmendinger(i),Chv,9,3774,64,30.781,175.433,18
5180,1,2022,16,AJ Allmendinger(i),Chv,9,3774,65,31.041,173.963,18
5180,1,2022,16,AJ Allmendinger(i),Chv,9,3774,66,31.227,172.927,18
5180,1,2022,16,AJ Allmendinger(i),Chv,9,3774,67,31.039,173.975,18
5180,1,2022,16,AJ Allmendinger(i),Chv,9,3774,68,30.944,174.509,18
5180,1,2022,16,AJ Allmendinger(i),Chv,9,3774,69,31.015,174.109,18
5180,1,2022,16,AJ Allmendinger(i),Chv,9,3774,70,31.442,171.745,18
5180,1,2022,16,AJ Allmendinger(i),Chv,9,3774,71,31.293,172.563,18
5180,1,2022,16,AJ Allmendinger(i),Chv,9,3774,72,31.338,172.315,18
5180,1,2022,16,AJ Allmendinger(i),Chv,9,3774,73,31.133,173.449,18
5180,1,2022,16,AJ Allmendinger(i),Chv,9,3774,74,31.398,171.985,18
5180,1,2022,16,AJ Allmendinger(i),Chv,9,3774,75,31.622,170.767,18
5180,1,2022,16,AJ Allmendinger(i),Chv,9,3774,76,31.463,171.630,18
5180,1,2022,16,AJ Allmendinger(i),Chv,9,3774,77,36.513,147.893,17
5180,1,2022,16,AJ Allmendinger(i),Chv,9,3774,78,45.17,119.548,17
5180,1,2022,16,AJ Allmendinger(i),Chv,9,3774,79,72.835,74.140,17
5180,1,2022,16,AJ Allmendinger(i),Chv,9,3774,80,100.878,53.530,17
5180,1,2022,16,AJ Allmendinger(i),Chv,9,3774,81,98.504,54.820,17
5180,1,2022,16,AJ Allmendinger(i),Chv,9,3774,82,91.637,58.928,8
5180,1,2022,16,AJ Allmendinger(i),Chv,9,3774,83,105.733,51.072,17
5180,1,2022,16,AJ Allmendinger(i),Chv,9,3774,84,98.376,54.891,16
5180,1,2022,16,AJ Allmendinger(i),Chv,9,3774,85,85.374,63.251,16
5180,1,2022,16,AJ Allmendinger(i),Chv,9,3774,86,32.568,165.807,17
5180,1,2022,16,AJ Allmendinger(i),Chv,9,3774,87,30.559,176.707,18
5180,1,2022,16,AJ Allmendinger(i),Chv,9,3774,88,30.605,176.442,18
5180,1,2022,16,AJ Allmendinger(i),Chv,9,3774,89,30.75,175.610,18
5180,1,2022,16,AJ Allmendinger(i),Chv,9,3774,90,30.473,177.206,18
5180,1,2022,16,AJ Allmendinger(i),Chv,9,3774,91,30.381,177.743,17
5180,1,2022,16,AJ Allmendinger(i),Chv,9,3774,92,30.552,176.748,17
5180,1,2022,16,AJ Allmendinger(i),Chv,9,3774,93,30.783,175.421,16
5180,1,2022,16,AJ Allmendinger(i),Chv,9,3774,94,32.343,166.960,15
5180,1,2022,16,AJ Allmendinger(i),Chv,9,3774,95,53.309,101.296,12
5180,1,2022,16,AJ Allmendinger(i),Chv,9,3774,96,113.687,47.499,12
5180,1,2022,16,AJ Allmendinger(i),Chv,9,3774,97,104.291,51.778,7
5180,1,2022,16,AJ Allmendinger(i),Chv,9,3774,98,110.296,48.959,17
5180,1,2022,16,AJ Allmendinger(i),Chv,9,3774,99,106.179,50.858,17
5180,1,2022,16,AJ Allmendinger(i),Chv,9,3774,100,94.25,57.294,17
5180,1,2022,16,AJ Allmendinger(i),Chv,9,3774,101,102.35,52.760,17
5180,1,2022,16,AJ Allmendinger(i),Chv,9,3774,102,83.347,64.789,17
5180,1,2022,16,AJ Allmendinger(i),Chv,9,3774,103,46.99,114.918,17
5180,1,2022,16,AJ Allmendinger(i),Chv,9,3774,104,91.956,58.724,16
5180,1,2022,16,AJ Allmendinger(i),Chv,9,3774,105,102.162,52.857,15
5180,1,2022,16,AJ Allmendinger(i),Chv,9,3774,106,103.098,52.377,15
5180,1,2022,16,AJ Allmendinger(i),Chv,9,3774,107,87.75,61.538,16
5180,1,2022,16,AJ Allmendinger(i),Chv,9,3774,108,32.464,166.338,15
5180,1,2022,16,AJ Allmendinger(i),Chv,9,3774,109,30.167,179.004,13
5180,1,2022,16,AJ Allmendinger(i),Chv,9,3774,110,30.413,177.556,13
5180,1,2022,16,AJ Allmendinger(i),Chv,9,3774,111,30.546,176.783,13
5180,1,2022,16,AJ Allmendinger(i),Chv,9,3774,112,30.691,175.947,14
5180,1,2022,16,AJ Allmendinger(i),Chv,9,3774,113,30.903,174.740,15
5180,1,2022,16,AJ Allmendinger(i),Chv,9,3774,114,30.511,176.985,14
5180,1,2022,16,AJ Allmendinger(i),Chv,9,3774,115,30.625,176.327,14
5180,1,2022,16,AJ Allmendinger(i),Chv,9,3774,116,30.603,176.453,14
5180,1,2022,16,AJ Allmendinger(i),Chv,9,3774,117,30.727,175.741,13
5180,1,2022,16,AJ Allmendinger(i),Chv,9,3774,118,30.571,176.638,13
5180,1,2022,16,AJ Allmendinger(i),Chv,9,3774,119,30.695,175.924,13
5180,1,2022,16,AJ Allmendinger(i),Chv,9,3774,120,30.764,175.530,13
5180,1,2022,16,AJ Allmendinger(i),Chv,9,3774,121,30.843,175.080,13
5180,1,2022,16,AJ Allmendinger(i),Chv,9,3774,122,30.849,175.046,13
5180,1,2022,16,AJ Allmendinger(i),Chv,9,3774,123,30.752,175.598,13
5180,1,2022,16,AJ Allmendinger(i),Chv,9,3774,124,31.227,172.927,13
5180,1,2022,16,AJ Allmendinger(i),Chv,9,3774,125,30.902,174.746,13
5180,1,2022,16,AJ Allmendinger(i),Chv,9,3774,126,31.209,173.027,13
5180,1,2022,16,AJ Allmendinger(i),Chv,9,3774,127,31.352,172.238,13
5180,1,2022,16,AJ Allmendinger(i),Chv,9,3774,128,31.491,171.478,14
5180,1,2022,16,AJ Allmendinger(i),Chv,9,3774,129,31.99,168.803,14
5180,1,2022,16,AJ Allmendinger(i),Chv,9,3774,130,31.806,169.779,15
5180,1,2022,16,AJ Allmendinger(i),Chv,9,3774,131,31.165,173.271,15
5180,1,2022,16,AJ Allmendinger(i),Chv,9,3774,132,31.306,172.491,15
5180,1,2022,16,AJ Allmendinger(i),Chv,9,3774,133,31.353,172.232,15
5180,1,2022,16,AJ Allmendinger(i),Chv,9,3774,134,31.216,172.988,15
5180,1,2022,16,AJ Allmendinger(i),Chv,9,3774,135,31.428,171.821,15
5180,1,2022,16,AJ Allmendinger(i),Chv,9,3774,136,31.472,171.581,15
5180,1,2022,16,AJ Allmendinger(i),Chv,9,3774,137,31.386,172.051,15
5180,1,2022,16,AJ Allmendinger(i),Chv,9,3774,138,31.368,172.150,15
5180,1,2022,16,AJ Allmendinger(i),Chv,9,3774,139,31.462,171.636,15
5180,1,2022,16,AJ Allmendinger(i),Chv,9,3774,140,31.495,171.456,15
5180,1,2022,16,AJ Allmendinger(i),Chv,9,3774,141,31.689,170.406,14
5180,1,2022,16,AJ Allmendinger(i),Chv,9,3774,142,31.652,170.605,14
5180,1,2022,16,AJ Allmendinger(i),Chv,9,3774,143,31.485,171.510,14
5180,1,2022,16,AJ Allmendinger(i),Chv,9,3774,144,31.685,170.428,14
5180,1,2022,16,AJ Allmendinger(i),Chv,9,3774,145,31.698,170.358,14
5180,1,2022,16,AJ Allmendinger(i),Chv,9,3774,146,31.609,170.837,14
5180,1,2022,16,AJ Allmendinger(i),Chv,9,3774,147,31.499,171.434,14
5180,1,2022,16,AJ Allmendinger(i),Chv,9,3774,148,31.613,170.816,14
5180,1,2022,16,AJ Allmendinger(i),Chv,9,3774,149,31.563,171.086,14
5180,1,2022,16,AJ Allmendinger(i),Chv,9,3774,150,31.592,170.929,14
5180,1,2022,16,AJ Allmendinger(i),Chv,9,3774,151,31.874,169.417,14
5180,1,2022,16,AJ Allmendinger(i),Chv,9,3774,152,31.792,169.854,14
5180,1,2022,16,AJ Allmendinger(i),Chv,9,3774,153,31.592,170.929,14
5180,1,2022,16,AJ Allmendinger(i),Chv,9,3774,154,31.574,171.027,14
5180,1,2022,16,AJ Allmendinger(i),Chv,9,3774,155,31.437,171.772,14
5180,1,2022,16,AJ Allmendinger(i),Chv,9,3774,156,31.525,171.293,14
5180,1,2022,16,AJ Allmendinger(i),Chv,9,3774,157,31.597,170.902,14
5180,1,2022,16,AJ Allmendinger(i),Chv,9,3774,158,31.882,169.375,14
5180,1,2022,16,AJ Allmendinger(i),Chv,9,3774,159,32.019,168.650,14
5180,1,2022,16,AJ Allmendinger(i),Chv,9,3774,160,31.698,170.358,14
5180,1,2022,16,AJ Allmendinger(i),Chv,9,3774,161,31.68,170.455,14
5180,1,2022,16,AJ Allmendinger(i),Chv,9,3774,162,32.133,168.052,15
5180,1,2022,16,AJ Allmendinger(i),Chv,9,3774,163,32.191,167.749,15
5180,1,2022,16,AJ Allmendinger(i),Chv,9,3774,164,32.37,166.821,14
5180,1,2022,16,AJ Allmendinger(i),Chv,9,3774,165,32.407,166.631,14
5180,1,2022,16,AJ Allmendinger(i),Chv,9,3774,166,47.786,113.004,14
5180,1,2022,16,AJ Allmendinger(i),Chv,9,3774,167,91.502,59.015,14
5180,1,2022,16,AJ Allmendinger(i),Chv,9,3774,168,93.611,57.686,8
5180,1,2022,16,AJ Allmendinger(i),Chv,9,3774,169,104.477,51.686,17
5180,1,2022,16,AJ Allmendinger(i),Chv,9,3774,170,100.064,53.965,16
5180,1,2022,16,AJ Allmendinger(i),Chv,9,3774,171,83.028,65.038,16
5180,1,2022,16,AJ Allmendinger(i),Chv,9,3774,172,32.564,165.827,14
5180,1,2022,16,AJ Allmendinger(i),Chv,9,3774,173,30.403,177.614,15
5180,1,2022,16,AJ Allmendinger(i),Chv,9,3774,174,30.504,177.026,14
5180,1,2022,16,AJ Allmendinger(i),Chv,9,3774,175,30.516,176.956,15
5180,1,2022,16,AJ Allmendinger(i),Chv,9,3774,176,30.871,174.921,15
5180,1,2022,16,AJ Allmendinger(i),Chv,9,3774,177,30.638,176.252,15
5180,1,2022,16,AJ Allmendinger(i),Chv,9,3774,178,30.864,174.961,16
5180,1,2022,16,AJ Allmendinger(i),Chv,9,3774,179,30.611,176.407,15
5180,1,2022,16,AJ Allmendinger(i),Chv,9,3774,180,30.661,176.120,15
5180,1,2022,16,AJ Allmendinger(i),Chv,9,3774,181,30.847,175.058,15
5180,1,2022,16,AJ Allmendinger(i),Chv,9,3774,182,30.852,175.029,15
5180,1,2022,16,AJ Allmendinger(i),Chv,9,3774,183,30.807,175.285,15
5180,1,2022,16,AJ Allmendinger(i),Chv,9,3774,184,30.746,175.633,15
5180,1,2022,16,AJ Allmendinger(i),Chv,9,3774,185,30.86,174.984,15
5180,1,2022,16,AJ Allmendinger(i),Chv,9,3774,186,30.99,174.250,15
5180,1,2022,16,AJ Allmendinger(i),Chv,9,3774,187,31.067,173.818,15
5180,1,2022,16,AJ Allmendinger(i),Chv,9,3774,188,31.063,173.840,15
5180,1,2022,16,AJ Allmendinger(i),Chv,9,3774,189,31.271,172.684,15
5180,1,2022,16,AJ Allmendinger(i),Chv,9,3774,190,31.271,172.684,15
5180,1,2022,16,AJ Allmendinger(i),Chv,9,3774,191,31.158,173.310,15
5180,1,2022,16,AJ Allmendinger(i),Chv,9,3774,192,30.918,174.656,15
5180,1,2022,16,AJ Allmendinger(i),Chv,9,3774,193,30.951,174.469,15
5180,1,2022,16,AJ Allmendinger(i),Chv,9,3774,194,35.085,153.912,14
5180,1,2022,16,AJ Allmendinger(i),Chv,9,3774,195,75.408,71.610,14
5180,1,2022,16,AJ Allmendinger(i),Chv,9,3774,196,94.528,57.126,9
5180,1,2022,16,AJ Allmendinger(i),Chv,9,3774,197,104.132,51.857,17
5180,1,2022,16,AJ Allmendinger(i),Chv,9,3774,198,100.037,53.980,16
5180,1,2022,16,AJ Allmendinger(i),Chv,9,3774,199,91.347,59.115,16
5180,1,2022,16,AJ Allmendinger(i),Chv,9,3774,200,32.675,165.264,13
5180,1,2022,16,AJ Allmendinger(i),Chv,9,3774,201,30.696,175.919,14
5180,1,2022,16,AJ Allmendinger(i),Chv,9,3774,202,30.728,175.735,15
5180,1,2022,16,AJ Allmendinger(i),Chv,9,3774,203,30.977,174.323,15
5180,1,2022,16,AJ Allmendinger(i),Chv,9,3774,204,30.402,177.620,15
5180,1,2022,16,AJ Allmendinger(i),Chv,9,3774,205,30.59,176.528,15
5180,1,2022,16,AJ Allmendinger(i),Chv,9,3774,206,30.802,175.313,16
5180,1,2022,16,AJ Allmendinger(i),Chv,9,3774,207,30.968,174.374,14
5180,1,2022,16,AJ Allmendinger(i),Chv,9,3774,208,30.75,175.610,14
5180,1,2022,16,AJ Allmendinger(i),Chv,9,3774,209,30.62,176.355,14
5180,1,2022,16,AJ Allmendinger(i),Chv,9,3774,210,30.681,176.005,14
5180,1,2022,16,AJ Allmendinger(i),Chv,9,3774,211,30.731,175.718,14
5180,1,2022,16,AJ Allmendinger(i),Chv,9,3774,212,30.907,174.718,14
5180,1,2022,16,AJ Allmendinger(i),Chv,9,3774,213,30.816,175.234,14
5180,1,2022,16,AJ Allmendinger(i),Chv,9,3774,214,30.826,175.177,14
5180,1,2022,16,AJ Allmendinger(i),Chv,9,3774,215,31.066,173.823,13
5180,1,2022,16,AJ Allmendinger(i),Chv,9,3774,216,30.938,174.543,13
5180,1,2022,16,AJ Allmendinger(i),Chv,9,3774,217,30.917,174.661,13
5180,1,2022,16,AJ Allmendinger(i),Chv,9,3774,218,30.959,174.424,13
5180,1,2022,16,AJ Allmendinger(i),Chv,9,3774,219,31.064,173.835,13
5180,1,2022,16,AJ Allmendinger(i),Chv,9,3774,220,30.899,174.763,13
5180,1,2022,16,AJ Allmendinger(i),Chv,9,3774,221,30.981,174.300,13
5180,1,2022,16,AJ Allmendinger(i),Chv,9,3774,222,31.077,173.762,13
5180,1,2022,16,AJ Allmendinger(i),Chv,9,3774,223,31.099,173.639,13
5180,1,2022,16,AJ Allmendinger(i),Chv,9,3774,224,31.154,173.332,13
5180,1,2022,16,AJ Allmendinger(i),Chv,9,3774,225,31.066,173.823,13
5180,1,2022,16,AJ Allmendinger(i),Chv,9,3774,226,31.208,173.033,13
5180,1,2022,16,AJ Allmendinger(i),Chv,9,3774,227,31.313,172.452,13
5180,1,2022,16,AJ Allmendinger(i),Chv,9,3774,228,39.819,135.614,12
5180,1,2022,16,AJ Allmendinger(i),Chv,9,3774,229,81.259,66.454,8
5180,1,2022,16,AJ Allmendinger(i),Chv,9,3774,230,111.805,48.298,23
5180,1,2022,16,AJ Allmendinger(i),Chv,9,3774,231,102.882,52.487,22
5180,1,2022,16,AJ Allmendinger(i),Chv,9,3774,232,80.021,67.482,20
5180,1,2022,16,AJ Allmendinger(i),Chv,9,3774,233,32.953,163.870,20
5180,1,2022,16,AJ Allmendinger(i),Chv,9,3774,234,30.485,177.136,16
5180,1,2022,16,AJ Allmendinger(i),Chv,9,3774,235,30.31,178.159,16
5180,1,2022,16,AJ Allmendinger(i),Chv,9,3774,236,30.584,176.563,16
5180,1,2022,16,AJ Allmendinger(i),Chv,9,3774,237,30.491,177.101,16
5180,1,2022,16,AJ Allmendinger(i),Chv,9,3774,238,30.712,175.827,16
5180,1,2022,16,AJ Allmendinger(i),Chv,9,3774,239,30.836,175.120,16
5180,1,2022,16,AJ Allmendinger(i),Chv,9,3774,240,31.0,174.194,14
5180,1,2022,16,AJ Allmendinger(i),Chv,9,3774,241,50.984,105.916,14
5180,1,2022,16,AJ Allmendinger(i),Chv,9,3774,242,89.0,60.674,13
5180,1,2022,16,AJ Allmendinger(i),Chv,9,3774,243,100.118,53.936,11
5180,1,2022,16,AJ Allmendinger(i),Chv,9,3774,244,101.378,53.266,11
5180,1,2022,16,AJ Allmendinger(i),Chv,9,3774,245,90.596,59.605,12
5180,1,2022,16,AJ Allmendinger(i),Chv,9,3774,246,32.83,164.484,5
5180,1,2022,16,AJ Allmendinger(i),Chv,9,3774,247,54.607,98.888,5
5180,1,2022,16,AJ Allmendinger(i),Chv,9,3774,248,85.801,62.936,5
5180,1,2022,16,AJ Allmendinger(i),Chv,9,3774,249,100.642,53.656,5
5180,1,2022,16,AJ Allmendinger(i),Chv,9,3774,250,100.801,53.571,5
5180,1,2022,16,AJ Allmendinger(i),Chv,9,3774,251,94.202,57.324,5
5180,1,2022,16,AJ Allmendinger(i),Chv,9,3774,252,32.915,164.059,9
5180,1,2022,16,AJ Allmendinger(i),Chv,9,3774,253,30.597,176.488,9
5180,1,2022,16,AJ Allmendinger(i),Chv,9,3774,254,30.184,178.903,9
5180,1,2022,16,AJ Allmendinger(i),Chv,9,3774,255,30.395,177.661,9
5180,1,2022,16,AJ Allmendinger(i),Chv,9,3774,256,30.836,175.120,10
5180,1,2022,16,AJ Allmendinger(i),Chv,9,3774,257,30.773,175.479,10
5180,1,2022,16,AJ Allmendinger(i),Chv,9,3774,258,30.607,176.430,10
5180,1,2022,16,AJ Allmendinger(i),Chv,9,3774,259,30.718,175.793,10
5180,1,2022,16,AJ Allmendinger(i),Chv,9,3774,260,30.605,176.442,10
5180,1,2022,16,AJ Allmendinger(i),Chv,9,3774,261,30.978,174.317,9
5180,1,2022,16,AJ Allmendinger(i),Chv,9,3774,262,30.77,175.496,9
5180,1,2022,16,AJ Allmendinger(i),Chv,9,3774,263,30.849,175.046,9
5180,1,2022,16,AJ Allmendinger(i),Chv,9,3774,264,30.938,174.543,9
5180,1,2022,16,AJ Allmendinger(i),Chv,9,3774,265,30.836,175.120,9
5180,1,2022,16,AJ Allmendinger(i),Chv,9,3774,266,30.892,174.803,9
5180,1,2022,16,AJ Allmendinger(i),Chv,9,3774,267,31.111,173.572,9
5180,1,2022,3,Austin Dillon,Chv,10,3873,0,,,10
5180,1,2022,3,Austin Dillon,Chv,10,3873,1,33.13,162.994,11
5180,1,2022,3,Austin Dillon,Chv,10,3873,2,30.167,179.004,10
5180,1,2022,3,Austin Dillon,Chv,10,3873,3,29.992,180.048,9
5180,1,2022,3,Austin Dillon,Chv,10,3873,4,30.461,177.276,9
5180,1,2022,3,Austin Dillon,Chv,10,3873,5,30.694,175.930,10
5180,1,2022,3,Austin Dillon,Chv,10,3873,6,30.495,177.078,11
5180,1,2022,3,Austin Dillon,Chv,10,3873,7,30.197,178.826,11
5180,1,2022,3,Austin Dillon,Chv,10,3873,8,30.28,178.336,11
5180,1,2022,3,Austin Dillon,Chv,10,3873,9,30.679,176.016,11
5180,1,2022,3,Austin Dillon,Chv,10,3873,10,30.686,175.976,11
5180,1,2022,3,Austin Dillon,Chv,10,3873,11,30.87,174.927,10
5180,1,2022,3,Austin Dillon,Chv,10,3873,12,30.687,175.970,11
5180,1,2022,3,Austin Dillon,Chv,10,3873,13,30.672,176.056,11
5180,1,2022,3,Austin Dillon,Chv,10,3873,14,30.706,175.861,11
5180,1,2022,3,Austin Dillon,Chv,10,3873,15,30.644,176.217,11
5180,1,2022,3,Austin Dillon,Chv,10,3873,16,30.735,175.695,11
5180,1,2022,3,Austin Dillon,Chv,10,3873,17,30.838,175.109,11
5180,1,2022,3,Austin Dillon,Chv,10,3873,18,30.995,174.222,11
5180,1,2022,3,Austin Dillon,Chv,10,3873,19,30.979,174.312,11
5180,1,2022,3,Austin Dillon,Chv,10,3873,20,30.975,174.334,11
5180,1,2022,3,Austin Dillon,Chv,10,3873,21,31.02,174.081,11
5180,1,2022,3,Austin Dillon,Chv,10,3873,22,30.887,174.831,11
5180,1,2022,3,Austin Dillon,Chv,10,3873,23,30.88,174.870,11
5180,1,2022,3,Austin Dillon,Chv,10,3873,24,30.892,174.803,11
5180,1,2022,3,Austin Dillon,Chv,10,3873,25,31.084,173.723,11
5180,1,2022,3,Austin Dillon,Chv,10,3873,26,31.139,173.416,11
5180,1,2022,3,Austin Dillon,Chv,10,3873,27,30.959,174.424,11
5180,1,2022,3,Austin Dillon,Chv,10,3873,28,31.239,172.861,11
5180,1,2022,3,Austin Dillon,Chv,10,3873,29,31.046,173.935,11
5180,1,2022,3,Austin Dillon,Chv,10,3873,30,31.22,172.966,11
5180,1,2022,3,Austin Dillon,Chv,10,3873,31,31.208,173.033,11
5180,1,2022,3,Austin Dillon,Chv,10,3873,32,31.189,173.138,11
5180,1,2022,3,Austin Dillon,Chv,10,3873,33,31.31,172.469,12
5180,1,2022,3,Austin Dillon,Chv,10,3873,34,31.552,171.146,12
5180,1,2022,3,Austin Dillon,Chv,10,3873,35,31.408,171.931,12
5180,1,2022,3,Austin Dillon,Chv,10,3873,36,31.196,173.099,11
5180,1,2022,3,Austin Dillon,Chv,10,3873,37,31.154,173.332,9
5180,1,2022,3,Austin Dillon,Chv,10,3873,38,57.317,94.213,25
5180,1,2022,3,Austin Dillon,Chv,10,3873,39,45.292,119.226,26
5180,1,2022,3,Austin Dillon,Chv,10,3873,40,30.603,176.453,21
5180,1,2022,3,Austin Dillon,Chv,10,3873,41,30.308,178.171,15
5180,1,2022,3,Austin Dillon,Chv,10,3873,42,30.081,179.515,13
5180,1,2022,3,Austin Dillon,Chv,10,3873,43,29.999,180.006,12
5180,1,2022,3,Austin Dillon,Chv,10,3873,44,30.216,178.713,12
5180,1,2022,3,Austin Dillon,Chv,10,3873,45,30.545,176.788,13
5180,1,2022,3,Austin Dillon,Chv,10,3873,46,30.498,177.061,13
5180,1,2022,3,Austin Dillon,Chv,10,3873,47,30.469,177.229,13
5180,1,2022,3,Austin Dillon,Chv,10,3873,48,30.599,176.476,13
5180,1,2022,3,Austin Dillon,Chv,10,3873,49,30.728,175.735,13
5180,1,2022,3,Austin Dillon,Chv,10,3873,50,30.688,175.965,13
5180,1,2022,3,Austin Dillon,Chv,10,3873,51,30.588,176.540,13
5180,1,2022,3,Austin Dillon,Chv,10,3873,52,30.539,176.823,13
5180,1,2022,3,Austin Dillon,Chv,10,3873,53,30.646,176.206,13
5180,1,2022,3,Austin Dillon,Chv,10,3873,54,30.646,176.206,13
5180,1,2022,3,Austin Dillon,Chv,10,3873,55,30.704,175.873,13
5180,1,2022,3,Austin Dillon,Chv,10,3873,56,30.836,175.120,13
5180,1,2022,3,Austin Dillon,Chv,10,3873,57,30.846,175.063,13
5180,1,2022,3,Austin Dillon,Chv,10,3873,58,30.876,174.893,13
5180,1,2022,3,Austin Dillon,Chv,10,3873,59,30.97,174.362,13
5180,1,2022,3,Austin Dillon,Chv,10,3873,60,31.16,173.299,13
5180,1,2022,3,Austin Dillon,Chv,10,3873,61,31.017,174.098,13
5180,1,2022,3,Austin Dillon,Chv,10,3873,62,31.408,171.931,13
5180,1,2022,3,Austin Dillon,Chv,10,3873,63,31.38,172.084,13
5180,1,2022,3,Austin Dillon,Chv,10,3873,64,31.075,173.773,13
5180,1,2022,3,Austin Dillon,Chv,10,3873,65,31.082,173.734,13
5180,1,2022,3,Austin Dillon,Chv,10,3873,66,31.341,172.298,13
5180,1,2022,3,Austin Dillon,Chv,10,3873,67,31.312,172.458,13
5180,1,2022,3,Austin Dillon,Chv,10,3873,68,31.217,172.983,13
5180,1,2022,3,Austin Dillon,Chv,10,3873,69,31.274,172.667,13
5180,1,2022,3,Austin Dillon,Chv,10,3873,70,31.51,171.374,14
5180,1,2022,3,Austin Dillon,Chv,10,3873,71,31.408,171.931,14
5180,1,2022,3,Austin Dillon,Chv,10,3873,72,31.44,171.756,14
5180,1,2022,3,Austin Dillon,Chv,10,3873,73,31.397,171.991,14
5180,1,2022,3,Austin Dillon,Chv,10,3873,74,31.435,171.783,14
5180,1,2022,3,Austin Dillon,Chv,10,3873,75,31.539,171.217,14
5180,1,2022,3,Austin Dillon,Chv,10,3873,76,31.448,171.712,14
5180,1,2022,3,Austin Dillon,Chv,10,3873,77,34.19,157.941,13
5180,1,2022,3,Austin Dillon,Chv,10,3873,78,43.863,123.111,13
5180,1,2022,3,Austin Dillon,Chv,10,3873,79,77.135,70.007,13
5180,1,2022,3,Austin Dillon,Chv,10,3873,80,99.758,54.131,13
5180,1,2022,3,Austin Dillon,Chv,10,3873,81,100.391,53.790,13
5180,1,2022,3,Austin Dillon,Chv,10,3873,82,115.365,46.808,24
5180,1,2022,3,Austin Dillon,Chv,10,3873,83,89.168,60.560,24
5180,1,2022,3,Austin Dillon,Chv,10,3873,84,99.896,54.056,23
5180,1,2022,3,Austin Dillon,Chv,10,3873,85,79.383,68.025,23
5180,1,2022,3,Austin Dillon,Chv,10,3873,86,32.623,165.527,24
5180,1,2022,3,Austin Dillon,Chv,10,3873,87,30.747,175.627,24
5180,1,2022,3,Austin Dillon,Chv,10,3873,88,30.974,174.340,24
5180,1,2022,3,Austin Dillon,Chv,10,3873,89,30.851,175.035,24
5180,1,2022,3,Austin Dillon,Chv,10,3873,90,30.736,175.690,24
5180,1,2022,3,Austin Dillon,Chv,10,3873,91,30.955,174.447,24
5180,1,2022,3,Austin Dillon,Chv,10,3873,92,30.851,175.035,24
5180,1,2022,3,Austin Dillon,Chv,10,3873,93,30.974,174.340,24
5180,1,2022,3,Austin Dillon,Chv,10,3873,94,34.38,157.068,24
5180,1,2022,3,Austin Dillon,Chv,10,3873,95,58.737,91.935,21
5180,1,2022,3,Austin Dillon,Chv,10,3873,96,114.303,47.243,21
5180,1,2022,3,Austin Dillon,Chv,10,3873,97,110.175,49.013,19
5180,1,2022,3,Austin Dillon,Chv,10,3873,98,93.166,57.961,16
5180,1,2022,3,Austin Dillon,Chv,10,3873,99,106.032,50.928,16
5180,1,2022,3,Austin Dillon,Chv,10,3873,100,94.549,57.113,16
5180,1,2022,3,Austin Dillon,Chv,10,3873,101,102.011,52.935,16
5180,1,2022,3,Austin Dillon,Chv,10,3873,102,84.051,64.247,16
5180,1,2022,3,Austin Dillon,Chv,10,3873,103,46.62,115.830,15
5180,1,2022,3,Austin Dillon,Chv,10,3873,104,92.043,58.668,15
5180,1,2022,3,Austin Dillon,Chv,10,3873,105,101.842,53.023,14
5180,1,2022,3,Austin Dillon,Chv,10,3873,106,103.148,52.352,14
5180,1,2022,3,Austin Dillon,Chv,10,3873,107,88.097,61.296,13
5180,1,2022,3,Austin Dillon,Chv,10,3873,108,32.614,165.573,14
5180,1,2022,3,Austin Dillon,Chv,10,3873,109,30.688,175.965,16
5180,1,2022,3,Austin Dillon,Chv,10,3873,110,30.594,176.505,17
5180,1,2022,3,Austin Dillon,Chv,10,3873,111,30.534,176.852,17
5180,1,2022,3,Austin Dillon,Chv,10,3873,112,30.337,178.000,16
5180,1,2022,3,Austin Dillon,Chv,10,3873,113,31.025,174.053,16
5180,1,2022,3,Austin Dillon,Chv,10,3873,114,30.854,175.018,16
5180,1,2022,3,Austin Dillon,Chv,10,3873,115,30.73,175.724,16
5180,1,2022,3,Austin Dillon,Chv,10,3873,116,31.006,174.160,17
5180,1,2022,3,Austin Dillon,Chv,10,3873,117,30.758,175.564,17
5180,1,2022,3,Austin Dillon,Chv,10,3873,118,30.979,174.312,17
5180,1,2022,3,Austin Dillon,Chv,10,3873,119,31.018,174.092,17
5180,1,2022,3,Austin Dillon,Chv,10,3873,120,30.905,174.729,17
5180,1,2022,3,Austin Dillon,Chv,10,3873,121,30.924,174.622,17
5180,1,2022,3,Austin Dillon,Chv,10,3873,122,31.004,174.171,16
5180,1,2022,3,Austin Dillon,Chv,10,3873,123,31.251,172.794,17
5180,1,2022,3,Austin Dillon,Chv,10,3873,124,31.276,172.656,17
5180,1,2022,3,Austin Dillon,Chv,10,3873,125,31.18,173.188,17
5180,1,2022,3,Austin Dillon,Chv,10,3873,126,31.289,172.585,17
5180,1,2022,3,Austin Dillon,Chv,10,3873,127,31.234,172.889,17
5180,1,2022,3,Austin Dillon,Chv,10,3873,128,31.292,172.568,17
5180,1,2022,3,Austin Dillon,Chv,10,3873,129,31.353,172.232,17
5180,1,2022,3,Austin Dillon,Chv,10,3873,130,31.309,172.474,17
5180,1,2022,3,Austin Dillon,Chv,10,3873,131,31.462,171.636,17
5180,1,2022,3,Austin Dillon,Chv,10,3873,132,31.371,172.133,17
5180,1,2022,3,Austin Dillon,Chv,10,3873,133,31.453,171.685,17
5180,1,2022,3,Austin Dillon,Chv,10,3873,134,31.524,171.298,17
5180,1,2022,3,Austin Dillon,Chv,10,3873,135,31.437,171.772,17
5180,1,2022,3,Austin Dillon,Chv,10,3873,136,31.483,171.521,18
5180,1,2022,3,Austin Dillon,Chv,10,3873,137,31.645,170.643,18
5180,1,2022,3,Austin Dillon,Chv,10,3873,138,31.915,169.199,18
5180,1,2022,3,Austin Dillon,Chv,10,3873,139,31.651,170.611,18
5180,1,2022,3,Austin Dillon,Chv,10,3873,140,31.806,169.779,18
5180,1,2022,3,Austin Dillon,Chv,10,3873,141,31.552,171.146,18
5180,1,2022,3,Austin Dillon,Chv,10,3873,142,31.732,170.175,18
5180,1,2022,3,Austin Dillon,Chv,10,3873,143,31.925,169.146,19
5180,1,2022,3,Austin Dillon,Chv,10,3873,144,32.75,164.885,21
5180,1,2022,3,Austin Dillon,Chv,10,3873,145,31.843,169.582,21
5180,1,2022,3,Austin Dillon,Chv,10,3873,146,31.792,169.854,21
5180,1,2022,3,Austin Dillon,Chv,10,3873,147,31.808,169.769,21
5180,1,2022,3,Austin Dillon,Chv,10,3873,148,31.864,169.470,21
5180,1,2022,3,Austin Dillon,Chv,10,3873,149,31.781,169.913,21
5180,1,2022,3,Austin Dillon,Chv,10,3873,150,31.707,170.309,21
5180,1,2022,3,Austin Dillon,Chv,10,3873,151,31.935,169.093,21
5180,1,2022,3,Austin Dillon,Chv,10,3873,152,32.151,167.957,20
5180,1,2022,3,Austin Dillon,Chv,10,3873,153,32.019,168.650,20
5180,1,2022,3,Austin Dillon,Chv,10,3873,154,32.052,168.476,20
5180,1,2022,3,Austin Dillon,Chv,10,3873,155,32.041,168.534,20
5180,1,2022,3,Austin Dillon,Chv,10,3873,156,32.537,165.965,22
5180,1,2022,3,Austin Dillon,Chv,10,3873,157,32.672,165.279,23
5180,1,2022,3,Austin Dillon,Chv,10,3873,158,32.482,166.246,24
5180,1,2022,3,Austin Dillon,Chv,10,3873,159,32.446,166.430,24
5180,1,2022,3,Austin Dillon,Chv,10,3873,160,32.563,165.832,25
5180,1,2022,3,Austin Dillon,Chv,10,3873,161,32.247,167.457,25
5180,1,2022,3,Austin Dillon,Chv,10,3873,162,32.396,166.687,25
5180,1,2022,3,Austin Dillon,Chv,10,3873,163,32.547,165.914,25
5180,1,2022,3,Austin Dillon,Chv,10,3873,164,32.701,165.133,26
5180,1,2022,3,Austin Dillon,Chv,10,3873,165,35.768,150.973,27
5180,1,2022,3,Austin Dillon,Chv,10,3873,166,43.022,125.517,27
5180,1,2022,3,Austin Dillon,Chv,10,3873,167,89.871,60.086,27
5180,1,2022,3,Austin Dillon,Chv,10,3873,168,101.438,53.234,21
5180,1,2022,3,Austin Dillon,Chv,10,3873,169,87.668,61.596,19
5180,1,2022,3,Austin Dillon,Chv,10,3873,170,100.251,53.865,18
5180,1,2022,3,Austin Dillon,Chv,10,3873,171,80.98,66.683,17
5180,1,2022,3,Austin Dillon,Chv,10,3873,172,33.175,162.773,21
5180,1,2022,3,Austin Dillon,Chv,10,3873,173,30.373,177.789,20
5180,1,2022,3,Austin Dillon,Chv,10,3873,174,30.487,177.125,19
5180,1,2022,3,Austin Dillon,Chv,10,3873,175,30.699,175.901,19
5180,1,2022,3,Austin Dillon,Chv,10,3873,176,30.605,176.442,19
5180,1,2022,3,Austin Dillon,Chv,10,3873,177,30.811,175.262,19
5180,1,2022,3,Austin Dillon,Chv,10,3873,178,30.622,176.344,18
5180,1,2022,3,Austin Dillon,Chv,10,3873,179,30.937,174.548,18
5180,1,2022,3,Austin Dillon,Chv,10,3873,180,30.799,175.330,18
5180,1,2022,3,Austin Dillon,Chv,10,3873,181,31.053,173.896,18
5180,1,2022,3,Austin Dillon,Chv,10,3873,182,30.728,175.735,18
5180,1,2022,3,Austin Dillon,Chv,10,3873,183,30.941,174.526,18
5180,1,2022,3,Austin Dillon,Chv,10,3873,184,30.78,175.439,18
5180,1,2022,3,Austin Dillon,Chv,10,3873,185,30.941,174.526,17
5180,1,2022,3,Austin Dillon,Chv,10,3873,186,30.909,174.706,17
5180,1,2022,3,Austin Dillon,Chv,10,3873,187,31.063,173.840,17
5180,1,2022,3,Austin Dillon,Chv,10,3873,188,31.003,174.177,18
5180,1,2022,3,Austin Dillon,Chv,10,3873,189,31.272,172.678,18
5180,1,2022,3,Austin Dillon,Chv,10,3873,190,31.365,172.166,19
5180,1,2022,3,Austin Dillon,Chv,10,3873,191,31.403,171.958,19
5180,1,2022,3,Austin Dillon,Chv,10,3873,192,31.446,171.723,19
5180,1,2022,3,Austin Dillon,Chv,10,3873,193,31.278,172.645,19
5180,1,2022,3,Austin Dillon,Chv,10,3873,194,36.263,148.912,19
5180,1,2022,3,Austin Dillon,Chv,10,3873,195,74.571,72.414,19
5180,1,2022,3,Austin Dillon,Chv,10,3873,196,109.761,49.198,23
5180,1,2022,3,Austin Dillon,Chv,10,3873,197,88.41,61.079,19
5180,1,2022,3,Austin Dillon,Chv,10,3873,198,99.576,54.230,18
5180,1,2022,3,Austin Dillon,Chv,10,3873,199,89.711,60.193,17
5180,1,2022,3,Austin Dillon,Chv,10,3873,200,32.922,164.024,18
5180,1,2022,3,Austin Dillon,Chv,10,3873,201,30.714,175.816,18
5180,1,2022,3,Austin Dillon,Chv,10,3873,202,30.435,177.427,16
5180,1,2022,3,Austin Dillon,Chv,10,3873,203,30.625,176.327,14
5180,1,2022,3,Austin Dillon,Chv,10,3873,204,30.468,177.235,14
5180,1,2022,3,Austin Dillon,Chv,10,3873,205,30.424,177.491,13
5180,1,2022,3,Austin Dillon,Chv,10,3873,206,30.703,175.879,13
5180,1,2022,3,Austin Dillon,Chv,10,3873,207,30.922,174.633,13
5180,1,2022,3,Austin Dillon,Chv,10,3873,208,30.693,175.936,13
5180,1,2022,3,Austin Dillon,Chv,10,3873,209,30.675,176.039,13
5180,1,2022,3,Austin Dillon,Chv,10,3873,210,30.769,175.501,13
5180,1,2022,3,Austin Dillon,Chv,10,3873,211,30.768,175.507,13
5180,1,2022,3,Austin Dillon,Chv,10,3873,212,30.905,174.729,13
5180,1,2022,3,Austin Dillon,Chv,10,3873,213,30.868,174.938,13
5180,1,2022,3,Austin Dillon,Chv,10,3873,214,31.172,173.232,13
5180,1,2022,3,Austin Dillon,Chv,10,3873,215,31.412,171.909,14
5180,1,2022,3,Austin Dillon,Chv,10,3873,216,31.201,173.071,14
5180,1,2022,3,Austin Dillon,Chv,10,3873,217,31.194,173.110,14
5180,1,2022,3,Austin Dillon,Chv,10,3873,218,31.119,173.527,14
5180,1,2022,3,Austin Dillon,Chv,10,3873,219,31.12,173.522,14
5180,1,2022,3,Austin Dillon,Chv,10,3873,220,31.369,172.144,15
5180,1,2022,3,Austin Dillon,Chv,10,3873,221,31.146,173.377,15
5180,1,2022,3,Austin Dillon,Chv,10,3873,222,31.139,173.416,15
5180,1,2022,3,Austin Dillon,Chv,10,3873,223,31.906,169.247,16
5180,1,2022,3,Austin Dillon,Chv,10,3873,224,31.662,170.551,17
5180,1,2022,3,Austin Dillon,Chv,10,3873,225,31.645,170.643,17
5180,1,2022,3,Austin Dillon,Chv,10,3873,226,31.551,171.151,17
5180,1,2022,3,Austin Dillon,Chv,10,3873,227,31.94,169.067,19
5180,1,2022,3,Austin Dillon,Chv,10,3873,228,41.861,128.998,18
5180,1,2022,3,Austin Dillon,Chv,10,3873,229,90.582,59.614,23
5180,1,2022,3,Austin Dillon,Chv,10,3873,230,91.479,59.030,16
5180,1,2022,3,Austin Dillon,Chv,10,3873,231,101.814,53.038,16
5180,1,2022,3,Austin Dillon,Chv,10,3873,232,85.032,63.506,15
5180,1,2022,3,Austin Dillon,Chv,10,3873,233,33.069,163.295,15
5180,1,2022,3,Austin Dillon,Chv,10,3873,234,30.36,177.866,15
5180,1,2022,3,Austin Dillon,Chv,10,3873,235,30.394,177.667,15
5180,1,2022,3,Austin Dillon,Chv,10,3873,236,30.448,177.352,15
5180,1,2022,3,Austin Dillon,Chv,10,3873,237,30.565,176.673,14
5180,1,2022,3,Austin Dillon,Chv,10,3873,238,30.61,176.413,14
5180,1,2022,3,Austin Dillon,Chv,10,3873,239,30.679,176.016,14
5180,1,2022,3,Austin Dillon,Chv,10,3873,240,30.974,174.340,13
5180,1,2022,3,Austin Dillon,Chv,10,3873,241,51.265,105.335,13
5180,1,2022,3,Austin Dillon,Chv,10,3873,242,101.868,53.010,20
5180,1,2022,3,Austin Dillon,Chv,10,3873,243,92.948,58.097,16
5180,1,2022,3,Austin Dillon,Chv,10,3873,244,100.339,53.818,16
5180,1,2022,3,Austin Dillon,Chv,10,3873,245,86.53,62.406,16
5180,1,2022,3,Austin Dillon,Chv,10,3873,246,33.585,160.786,16
5180,1,2022,3,Austin Dillon,Chv,10,3873,247,58.552,92.226,17
5180,1,2022,3,Austin Dillon,Chv,10,3873,248,85.978,62.807,16
5180,1,2022,3,Austin Dillon,Chv,10,3873,249,101.282,53.316,15
5180,1,2022,3,Austin Dillon,Chv,10,3873,250,102.953,52.451,15
5180,1,2022,3,Austin Dillon,Chv,10,3873,251,87.009,62.063,15
5180,1,2022,3,Austin Dillon,Chv,10,3873,252,32.6,165.644,16
5180,1,2022,3,Austin Dillon,Chv,10,3873,253,30.88,174.870,17
5180,1,2022,3,Austin Dillon,Chv,10,3873,254,30.548,176.771,17
5180,1,2022,3,Austin Dillon,Chv,10,3873,255,30.857,175.001,19
5180,1,2022,3,Austin Dillon,Chv,10,3873,256,30.459,177.288,15
5180,1,2022,3,Austin Dillon,Chv,10,3873,257,30.56,176.702,15
5180,1,2022,3,Austin Dillon,Chv,10,3873,258,30.519,176.939,14
5180,1,2022,3,Austin Dillon,Chv,10,3873,259,30.864,174.961,14
5180,1,2022,3,Austin Dillon,Chv,10,3873,260,30.713,175.821,14
5180,1,2022,3,Austin Dillon,Chv,10,3873,261,30.704,175.873,13
5180,1,2022,3,Austin Dillon,Chv,10,3873,262,30.68,176.010,13
5180,1,2022,3,Austin Dillon,Chv,10,3873,263,31.065,173.829,12
5180,1,2022,3,Austin Dillon,Chv,10,3873,264,30.976,174.329,11
5180,1,2022,3,Austin Dillon,Chv,10,3873,265,30.671,176.062,11
5180,1,2022,3,Austin Dillon,Chv,10,3873,266,30.826,175.177,10
5180,1,2022,3,Austin Dillon,Chv,10,3873,267,31.002,174.182,10
5180,1,2022,48,Noah Gragson(i),Chv,11,4224,0,,,17
5180,1,2022,48,Noah Gragson(i),Chv,11,4224,1,32.877,164.249,17
5180,1,2022,48,Noah Gragson(i),Chv,11,4224,2,30.523,176.916,18
5180,1,2022,48,Noah Gragson(i),Chv,11,4224,3,30.406,177.597,18
5180,1,2022,48,Noah Gragson(i),Chv,11,4224,4,30.573,176.626,19
5180,1,2022,48,Noah Gragson(i),Chv,11,4224,5,30.713,175.821,20
5180,1,2022,48,Noah Gragson(i),Chv,11,4224,6,30.492,177.096,19
5180,1,2022,48,Noah Gragson(i),Chv,11,4224,7,30.981,174.300,19
5180,1,2022,48,Noah Gragson(i),Chv,11,4224,8,31.047,173.930,19
5180,1,2022,48,Noah Gragson(i),Chv,11,4224,9,30.719,175.787,19
5180,1,2022,48,Noah Gragson(i),Chv,11,4224,10,30.745,175.638,19
5180,1,2022,48,Noah Gragson(i),Chv,11,4224,11,30.802,175.313,20
5180,1,2022,48,Noah Gragson(i),Chv,11,4224,12,30.921,174.639,20
5180,1,2022,48,Noah Gragson(i),Chv,11,4224,13,31.214,172.999,21
5180,1,2022,48,Noah Gragson(i),Chv,11,4224,14,31.279,172.640,21
5180,1,2022,48,Noah Gragson(i),Chv,11,4224,15,30.851,175.035,21
5180,1,2022,48,Noah Gragson(i),Chv,11,4224,16,30.917,174.661,21
5180,1,2022,48,Noah Gragson(i),Chv,11,4224,17,31.031,174.020,21
5180,1,2022,48,Noah Gragson(i),Chv,11,4224,18,30.832,175.143,21
5180,1,2022,48,Noah Gragson(i),Chv,11,4224,19,31.143,173.394,21
5180,1,2022,48,Noah Gragson(i),Chv,11,4224,20,31.161,173.294,21
5180,1,2022,48,Noah Gragson(i),Chv,11,4224,21,30.982,174.295,20
5180,1,2022,48,Noah Gragson(i),Chv,11,4224,22,30.925,174.616,20
5180,1,2022,48,Noah Gragson(i),Chv,11,4224,23,30.926,174.610,20
5180,1,2022,48,Noah Gragson(i),Chv,11,4224,24,30.93,174.588,20
5180,1,2022,48,Noah Gragson(i),Chv,11,4224,25,30.936,174.554,20
5180,1,2022,48,Noah Gragson(i),Chv,11,4224,26,30.999,174.199,20
5180,1,2022,48,Noah Gragson(i),Chv,11,4224,27,31.138,173.422,20
5180,1,2022,48,Noah Gragson(i),Chv,11,4224,28,31.335,172.331,20
5180,1,2022,48,Noah Gragson(i),Chv,11,4224,29,31.213,173.005,19
5180,1,2022,48,Noah Gragson(i),Chv,11,4224,30,31.333,172.342,20
5180,1,2022,48,Noah Gragson(i),Chv,11,4224,31,31.349,172.254,20
5180,1,2022,48,Noah Gragson(i),Chv,11,4224,32,31.349,172.254,20
5180,1,2022,48,Noah Gragson(i),Chv,11,4224,33,31.172,173.232,20
5180,1,2022,48,Noah Gragson(i),Chv,11,4224,34,31.263,172.728,20
5180,1,2022,48,Noah Gragson(i),Chv,11,4224,35,31.271,172.684,20
5180,1,2022,48,Noah Gragson(i),Chv,11,4224,36,31.438,171.767,20
5180,1,2022,48,Noah Gragson(i),Chv,11,4224,37,31.174,173.221,18
5180,1,2022,48,Noah Gragson(i),Chv,11,4224,38,31.247,172.817,13
5180,1,2022,48,Noah Gragson(i),Chv,11,4224,39,31.592,170.929,6
5180,1,2022,48,Noah Gragson(i),Chv,11,4224,40,31.51,171.374,2
5180,1,2022,48,Noah Gragson(i),Chv,11,4224,41,42.786,126.210,2
5180,1,2022,48,Noah Gragson(i),Chv,11,4224,42,61.856,87.300,23
5180,1,2022,48,Noah Gragson(i),Chv,11,4224,43,30.622,176.344,21
5180,1,2022,48,Noah Gragson(i),Chv,11,4224,44,30.308,178.171,21
5180,1,2022,48,Noah Gragson(i),Chv,11,4224,45,30.093,179.444,21
5180,1,2022,48,Noah Gragson(i),Chv,11,4224,46,29.978,180.132,21
5180,1,2022,48,Noah Gragson(i),Chv,11,4224,47,30.04,179.760,21
5180,1,2022,48,Noah Gragson(i),Chv,11,4224,48,30.115,179.313,21
5180,1,2022,48,Noah Gragson(i),Chv,11,4224,49,30.21,178.749,21
5180,1,2022,48,Noah Gragson(i),Chv,11,4224,50,30.259,178.459,21
5180,1,2022,48,Noah Gragson(i),Chv,11,4224,51,30.479,177.171,21
5180,1,2022,48,Noah Gragson(i),Chv,11,4224,52,30.511,176.985,21
5180,1,2022,48,Noah Gragson(i),Chv,11,4224,53,30.532,176.864,21
5180,1,2022,48,Noah Gragson(i),Chv,11,4224,54,30.778,175.450,21
5180,1,2022,48,Noah Gragson(i),Chv,11,4224,55,30.702,175.884,21
5180,1,2022,48,Noah Gragson(i),Chv,11,4224,56,30.774,175.473,21
5180,1,2022,48,Noah Gragson(i),Chv,11,4224,57,31.011,174.132,21
5180,1,2022,48,Noah Gragson(i),Chv,11,4224,58,30.74,175.667,21
5180,1,2022,48,Noah Gragson(i),Chv,11,4224,59,30.936,174.554,21
5180,1,2022,48,Noah Gragson(i),Chv,11,4224,60,31.108,173.589,21
5180,1,2022,48,Noah Gragson(i),Chv,11,4224,61,31.064,173.835,21
5180,1,2022,48,Noah Gragson(i),Chv,11,4224,62,31.336,172.326,21
5180,1,2022,48,Noah Gragson(i),Chv,11,4224,63,31.413,171.903,21
5180,1,2022,48,Noah Gragson(i),Chv,11,4224,64,31.297,172.540,21
5180,1,2022,48,Noah Gragson(i),Chv,11,4224,65,31.242,172.844,21
5180,1,2022,48,Noah Gragson(i),Chv,11,4224,66,31.282,172.623,21
5180,1,2022,48,Noah Gragson(i),Chv,11,4224,67,31.188,173.144,21
5180,1,2022,48,Noah Gragson(i),Chv,11,4224,68,31.062,173.846,21
5180,1,2022,48,Noah Gragson(i),Chv,11,4224,69,31.099,173.639,21
5180,1,2022,48,Noah Gragson(i),Chv,11,4224,70,31.296,172.546,21
5180,1,2022,48,Noah Gragson(i),Chv,11,4224,71,31.428,171.821,21
5180,1,2022,48,Noah Gragson(i),Chv,11,4224,72,31.492,171.472,21
5180,1,2022,48,Noah Gragson(i),Chv,11,4224,73,31.347,172.265,21
5180,1,2022,48,Noah Gragson(i),Chv,11,4224,74,31.749,170.084,21
5180,1,2022,48,Noah Gragson(i),Chv,11,4224,75,31.41,171.920,21
5180,1,2022,48,Noah Gragson(i),Chv,11,4224,76,31.339,172.309,21
5180,1,2022,48,Noah Gragson(i),Chv,11,4224,77,38.634,139.773,21
5180,1,2022,48,Noah Gragson(i),Chv,11,4224,78,45.95,117.519,20
5180,1,2022,48,Noah Gragson(i),Chv,11,4224,79,70.243,76.876,20
5180,1,2022,48,Noah Gragson(i),Chv,11,4224,80,100.436,53.766,20
5180,1,2022,48,Noah Gragson(i),Chv,11,4224,81,97.53,55.368,20
5180,1,2022,48,Noah Gragson(i),Chv,11,4224,82,89.311,60.463,9
5180,1,2022,48,Noah Gragson(i),Chv,11,4224,83,105.136,51.362,18
5180,1,2022,48,Noah Gragson(i),Chv,11,4224,84,99.038,54.525,17
5180,1,2022,48,Noah Gragson(i),Chv,11,4224,85,84.203,64.131,17
5180,1,2022,48,Noah Gragson(i),Chv,11,4224,86,32.517,166.067,16
5180,1,2022,48,Noah Gragson(i),Chv,11,4224,87,30.493,177.090,16
5180,1,2022,48,Noah Gragson(i),Chv,11,4224,88,30.693,175.936,17
5180,1,2022,48,Noah Gragson(i),Chv,11,4224,89,30.635,176.269,17
5180,1,2022,48,Noah Gragson(i),Chv,11,4224,90,30.551,176.754,17
5180,1,2022,48,Noah Gragson(i),Chv,11,4224,91,30.577,176.603,18
5180,1,2022,48,Noah Gragson(i),Chv,11,4224,92,30.787,175.399,18
5180,1,2022,48,Noah Gragson(i),Chv,11,4224,93,31.143,173.394,19
5180,1,2022,48,Noah Gragson(i),Chv,11,4224,94,32.076,168.350,17
5180,1,2022,48,Noah Gragson(i),Chv,11,4224,95,55.098,98.007,15
5180,1,2022,48,Noah Gragson(i),Chv,11,4224,96,114.048,47.348,15
5180,1,2022,48,Noah Gragson(i),Chv,11,4224,97,102.78,52.539,8
5180,1,2022,48,Noah Gragson(i),Chv,11,4224,98,103.395,52.227,10
5180,1,2022,48,Noah Gragson(i),Chv,11,4224,99,106.481,50.713,10
5180,1,2022,48,Noah Gragson(i),Chv,11,4224,100,95.261,56.686,10
5180,1,2022,48,Noah Gragson(i),Chv,11,4224,101,99.562,54.238,10
5180,1,2022,48,Noah Gragson(i),Chv,11,4224,102,90.048,59.968,10
5180,1,2022,48,Noah Gragson(i),Chv,11,4224,103,45.102,119.729,10
5180,1,2022,48,Noah Gragson(i),Chv,11,4224,104,92.113,58.624,10
5180,1,2022,48,Noah Gragson(i),Chv,11,4224,105,100.327,53.824,10
5180,1,2022,48,Noah Gragson(i),Chv,11,4224,106,102.984,52.435,10
5180,1,2022,48,Noah Gragson(i),Chv,11,4224,107,91.383,59.092,10
5180,1,2022,48,Noah Gragson(i),Chv,11,4224,108,32.704,165.117,10
5180,1,2022,48,Noah Gragson(i),Chv,11,4224,109,30.279,178.341,10
5180,1,2022,48,Noah Gragson(i),Chv,11,4224,110,30.409,177.579,11
5180,1,2022,48,Noah Gragson(i),Chv,11,4224,111,30.616,176.378,12
5180,1,2022,48,Noah Gragson(i),Chv,11,4224,112,30.509,176.997,12
5180,1,2022,48,Noah Gragson(i),Chv,11,4224,113,30.34,177.983,12
5180,1,2022,48,Noah Gragson(i),Chv,11,4224,114,30.604,176.448,12
5180,1,2022,48,Noah Gragson(i),Chv,11,4224,115,30.607,176.430,12
5180,1,2022,48,Noah Gragson(i),Chv,11,4224,116,30.588,176.540,12
5180,1,2022,48,Noah Gragson(i),Chv,11,4224,117,30.567,176.661,12
5180,1,2022,48,Noah Gragson(i),Chv,11,4224,118,30.881,174.865,12
5180,1,2022,48,Noah Gragson(i),Chv,11,4224,119,30.62,176.355,12
5180,1,2022,48,Noah Gragson(i),Chv,11,4224,120,31.003,174.177,12
5180,1,2022,48,Noah Gragson(i),Chv,11,4224,121,30.806,175.291,12
5180,1,2022,48,Noah Gragson(i),Chv,11,4224,122,30.901,174.752,12
5180,1,2022,48,Noah Gragson(i),Chv,11,4224,123,31.022,174.070,12
5180,1,2022,48,Noah Gragson(i),Chv,11,4224,124,31.083,173.728,12
5180,1,2022,48,Noah Gragson(i),Chv,11,4224,125,31.19,173.132,12
5180,1,2022,48,Noah Gragson(i),Chv,11,4224,126,31.116,173.544,11
5180,1,2022,48,Noah Gragson(i),Chv,11,4224,127,31.134,173.444,11
5180,1,2022,48,Noah Gragson(i),Chv,11,4224,128,31.14,173.410,10
5180,1,2022,48,Noah Gragson(i),Chv,11,4224,129,30.997,174.210,10
5180,1,2022,48,Noah Gragson(i),Chv,11,4224,130,31.007,174.154,10
5180,1,2022,48,Noah Gragson(i),Chv,11,4224,131,31.357,172.210,10
5180,1,2022,48,Noah Gragson(i),Chv,11,4224,132,31.065,173.829,10
5180,1,2022,48,Noah Gragson(i),Chv,11,4224,133,31.025,174.053,10
5180,1,2022,48,Noah Gragson(i),Chv,11,4224,134,31.113,173.561,10
5180,1,2022,48,Noah Gragson(i),Chv,11,4224,135,31.36,172.194,10
5180,1,2022,48,Noah Gragson(i),Chv,11,4224,136,31.91,169.226,11
5180,1,2022,48,Noah Gragson(i),Chv,11,4224,137,31.677,170.471,11
5180,1,2022,48,Noah Gragson(i),Chv,11,4224,138,31.551,171.151,11
5180,1,2022,48,Noah Gragson(i),Chv,11,4224,139,31.656,170.584,12
5180,1,2022,48,Noah Gragson(i),Chv,11,4224,140,31.739,170.138,12
5180,1,2022,48,Noah Gragson(i),Chv,11,4224,141,31.597,170.902,12
5180,1,2022,48,Noah Gragson(i),Chv,11,4224,142,31.36,172.194,12
5180,1,2022,48,Noah Gragson(i),Chv,11,4224,143,31.319,172.419,12
5180,1,2022,48,Noah Gragson(i),Chv,11,4224,144,31.238,172.866,12
5180,1,2022,48,Noah Gragson(i),Chv,11,4224,145,31.369,172.144,12
5180,1,2022,48,Noah Gragson(i),Chv,11,4224,146,31.263,172.728,12
5180,1,2022,48,Noah Gragson(i),Chv,11,4224,147,31.634,170.702,12
5180,1,2022,48,Noah Gragson(i),Chv,11,4224,148,31.887,169.348,12
5180,1,2022,48,Noah Gragson(i),Chv,11,4224,149,31.667,170.525,12
5180,1,2022,48,Noah Gragson(i),Chv,11,4224,150,32.082,168.319,12
5180,1,2022,48,Noah Gragson(i),Chv,11,4224,151,31.711,170.288,12
5180,1,2022,48,Noah Gragson(i),Chv,11,4224,152,31.664,170.541,12
5180,1,2022,48,Noah Gragson(i),Chv,11,4224,153,31.536,171.233,12
5180,1,2022,48,Noah Gragson(i),Chv,11,4224,154,31.614,170.810,12
5180,1,2022,48,Noah Gragson(i),Chv,11,4224,155,31.827,169.667,12
5180,1,2022,48,Noah Gragson(i),Chv,11,4224,156,31.796,169.833,12
5180,1,2022,48,Noah Gragson(i),Chv,11,4224,157,31.912,169.215,12
5180,1,2022,48,Noah Gragson(i),Chv,11,4224,158,31.981,168.850,12
5180,1,2022,48,Noah Gragson(i),Chv,11,4224,159,32.118,168.130,12
5180,1,2022,48,Noah Gragson(i),Chv,11,4224,160,32.352,166.914,13
5180,1,2022,48,Noah Gragson(i),Chv,11,4224,161,32.363,166.857,13
5180,1,2022,48,Noah Gragson(i),Chv,11,4224,162,32.094,168.256,13
5180,1,2022,48,Noah Gragson(i),Chv,11,4224,163,32.299,167.188,14
5180,1,2022,48,Noah Gragson(i),Chv,11,4224,164,32.688,165.198,15
5180,1,2022,48,Noah Gragson(i),Chv,11,4224,165,33.141,162.940,15
5180,1,2022,48,Noah Gragson(i),Chv,11,4224,166,47.45,113.804,15
5180,1,2022,48,Noah Gragson(i),Chv,11,4224,167,91.65,58.920,15
5180,1,2022,48,Noah Gragson(i),Chv,11,4224,168,93.256,57.905,9
5180,1,2022,48,Noah Gragson(i),Chv,11,4224,169,100.954,53.490,12
5180,1,2022,48,Noah Gragson(i),Chv,11,4224,170,99.424,54.313,11
5180,1,2022,48,Noah Gragson(i),Chv,11,4224,171,86.584,62.367,12
5180,1,2022,48,Noah Gragson(i),Chv,11,4224,172,33.073,163.275,17
5180,1,2022,48,Noah Gragson(i),Chv,11,4224,173,30.274,178.371,16
5180,1,2022,48,Noah Gragson(i),Chv,11,4224,174,30.435,177.427,15
5180,1,2022,48,Noah Gragson(i),Chv,11,4224,175,30.267,178.412,13
5180,1,2022,48,Noah Gragson(i),Chv,11,4224,176,30.832,175.143,13
5180,1,2022,48,Noah Gragson(i),Chv,11,4224,177,30.746,175.633,14
5180,1,2022,48,Noah Gragson(i),Chv,11,4224,178,30.853,175.023,15
5180,1,2022,48,Noah Gragson(i),Chv,11,4224,179,30.807,175.285,16
5180,1,2022,48,Noah Gragson(i),Chv,11,4224,180,30.974,174.340,16
5180,1,2022,48,Noah Gragson(i),Chv,11,4224,181,30.816,175.234,16
5180,1,2022,48,Noah Gragson(i),Chv,11,4224,182,30.656,176.148,16
5180,1,2022,48,Noah Gragson(i),Chv,11,4224,183,31.007,174.154,16
5180,1,2022,48,Noah Gragson(i),Chv,11,4224,184,30.789,175.387,16
5180,1,2022,48,Noah Gragson(i),Chv,11,4224,185,30.923,174.627,16
5180,1,2022,48,Noah Gragson(i),Chv,11,4224,186,30.956,174.441,16
5180,1,2022,48,Noah Gragson(i),Chv,11,4224,187,31.083,173.728,16
5180,1,2022,48,Noah Gragson(i),Chv,11,4224,188,31.075,173.773,16
5180,1,2022,48,Noah Gragson(i),Chv,11,4224,189,31.039,173.975,16
5180,1,2022,48,Noah Gragson(i),Chv,11,4224,190,31.127,173.483,16
5180,1,2022,48,Noah Gragson(i),Chv,11,4224,191,31.479,171.543,16
5180,1,2022,48,Noah Gragson(i),Chv,11,4224,192,31.136,173.433,16
5180,1,2022,48,Noah Gragson(i),Chv,11,4224,193,31.123,173.505,16
5180,1,2022,48,Noah Gragson(i),Chv,11,4224,194,35.651,151.468,16
5180,1,2022,48,Noah Gragson(i),Chv,11,4224,195,75.668,71.364,17
5180,1,2022,48,Noah Gragson(i),Chv,11,4224,196,93.817,57.559,11
5180,1,2022,48,Noah Gragson(i),Chv,11,4224,197,101.211,53.354,13
5180,1,2022,48,Noah Gragson(i),Chv,11,4224,198,99.15,54.463,12
5180,1,2022,48,Noah Gragson(i),Chv,11,4224,199,94.048,57.417,11
5180,1,2022,48,Noah Gragson(i),Chv,11,4224,200,33.094,163.172,16
5180,1,2022,48,Noah Gragson(i),Chv,11,4224,201,30.636,176.263,16
5180,1,2022,48,Noah Gragson(i),Chv,11,4224,202,30.899,174.763,17
5180,1,2022,48,Noah Gragson(i),Chv,11,4224,203,30.88,174.870,19
5180,1,2022,48,Noah Gragson(i),Chv,11,4224,204,30.745,175.638,18
5180,1,2022,48,Noah Gragson(i),Chv,11,4224,205,30.675,176.039,18
5180,1,2022,48,Noah Gragson(i),Chv,11,4224,206,30.581,176.580,18
5180,1,2022,48,Noah Gragson(i),Chv,11,4224,207,30.934,174.565,17
5180,1,2022,48,Noah Gragson(i),Chv,11,4224,208,31.269,172.695,17
5180,1,2022,48,Noah Gragson(i),Chv,11,4224,209,31.226,172.933,19
5180,1,2022,48,Noah Gragson(i),Chv,11,4224,210,31.155,173.327,18
5180,1,2022,48,Noah Gragson(i),Chv,11,4224,211,30.784,175.416,18
5180,1,2022,48,Noah Gragson(i),Chv,11,4224,212,30.978,174.317,18
5180,1,2022,48,Noah Gragson(i),Chv,11,4224,213,31.022,174.070,18
5180,1,2022,48,Noah Gragson(i),Chv,11,4224,214,31.458,171.657,20
5180,1,2022,48,Noah Gragson(i),Chv,11,4224,215,30.977,174.323,20
5180,1,2022,48,Noah Gragson(i),Chv,11,4224,216,31.233,172.894,20
5180,1,2022,48,Noah Gragson(i),Chv,11,4224,217,31.347,172.265,20
5180,1,2022,48,Noah Gragson(i),Chv,11,4224,218,31.01,174.137,20
5180,1,2022,48,Noah Gragson(i),Chv,11,4224,219,30.974,174.340,20
5180,1,2022,48,Noah Gragson(i),Chv,11,4224,220,31.141,173.405,20
5180,1,2022,48,Noah Gragson(i),Chv,11,4224,221,30.999,174.199,20
5180,1,2022,48,Noah Gragson(i),Chv,11,4224,222,31.186,173.155,20
5180,1,2022,48,Noah Gragson(i),Chv,11,4224,223,31.259,172.750,20
5180,1,2022,48,Noah Gragson(i),Chv,11,4224,224,31.257,172.761,19
5180,1,2022,48,Noah Gragson(i),Chv,11,4224,225,31.387,172.046,19
5180,1,2022,48,Noah Gragson(i),Chv,11,4224,226,31.199,173.082,19
5180,1,2022,48,Noah Gragson(i),Chv,11,4224,227,31.258,172.756,18
5180,1,2022,48,Noah Gragson(i),Chv,11,4224,228,41.432,130.334,17
5180,1,2022,48,Noah Gragson(i),Chv,11,4224,229,76.76,70.349,10
5180,1,2022,48,Noah Gragson(i),Chv,11,4224,230,104.995,51.431,14
5180,1,2022,48,Noah Gragson(i),Chv,11,4224,231,100.755,53.595,14
5180,1,2022,48,Noah Gragson(i),Chv,11,4224,232,86.911,62.133,13
5180,1,2022,48,Noah Gragson(i),Chv,11,4224,233,32.759,164.840,11
5180,1,2022,48,Noah Gragson(i),Chv,11,4224,234,30.398,177.643,11
5180,1,2022,48,Noah Gragson(i),Chv,11,4224,235,30.462,177.270,13
5180,1,2022,48,Noah Gragson(i),Chv,11,4224,236,30.311,178.153,13
5180,1,2022,48,Noah Gragson(i),Chv,11,4224,237,30.856,175.006,13
5180,1,2022,48,Noah Gragson(i),Chv,11,4224,238,30.55,176.759,13
5180,1,2022,48,Noah Gragson(i),Chv,11,4224,239,30.451,177.334,12
5180,1,2022,48,Noah Gragson(i),Chv,11,4224,240,30.467,177.241,11
5180,1,2022,48,Noah Gragson(i),Chv,11,4224,241,51.163,105.545,11
5180,1,2022,48,Noah Gragson(i),Chv,11,4224,242,89.906,60.063,12
5180,1,2022,48,Noah Gragson(i),Chv,11,4224,243,100.101,53.946,10
5180,1,2022,48,Noah Gragson(i),Chv,11,4224,244,101.347,53.282,10
5180,1,2022,48,Noah Gragson(i),Chv,11,4224,245,91.068,59.296,10
5180,1,2022,48,Noah Gragson(i),Chv,11,4224,246,33.677,160.347,12
5180,1,2022,48,Noah Gragson(i),Chv,11,4224,247,57.895,93.272,13
5180,1,2022,48,Noah Gragson(i),Chv,11,4224,248,85.129,63.433,12
5180,1,2022,48,Noah Gragson(i),Chv,11,4224,249,100.975,53.479,11
5180,1,2022,48,Noah Gragson(i),Chv,11,4224,250,101.479,53.213,11
5180,1,2022,48,Noah Gragson(i),Chv,11,4224,251,90.373,59.752,12
5180,1,2022,48,Noah Gragson(i),Chv,11,4224,252,32.585,165.720,11
5180,1,2022,48,Noah Gragson(i),Chv,11,4224,253,30.44,177.398,10
5180,1,2022,48,Noah Gragson(i),Chv,11,4224,254,30.461,177.276,11
5180,1,2022,48,Noah Gragson(i),Chv,11,4224,255,30.376,177.772,11
5180,1,2022,48,Noah Gragson(i),Chv,11,4224,256,30.736,175.690,12
5180,1,2022,48,Noah Gragson(i),Chv,11,4224,257,30.76,175.553,11
5180,1,2022,48,Noah Gragson(i),Chv,11,4224,258,30.772,175.484,11
5180,1,2022,48,Noah Gragson(i),Chv,11,4224,259,30.667,176.085,11
5180,1,2022,48,Noah Gragson(i),Chv,11,4224,260,30.837,175.114,11
5180,1,2022,48,Noah Gragson(i),Chv,11,4224,261,30.772,175.484,11
5180,1,2022,48,Noah Gragson(i),Chv,11,4224,262,30.886,174.836,10
5180,1,2022,48,Noah Gragson(i),Chv,11,4224,263,30.91,174.701,10
5180,1,2022,48,Noah Gragson(i),Chv,11,4224,264,31.05,173.913,10
5180,1,2022,48,Noah Gragson(i),Chv,11,4224,265,30.794,175.359,10
5180,1,2022,48,Noah Gragson(i),Chv,11,4224,266,31.297,172.540,11
5180,1,2022,48,Noah Gragson(i),Chv,11,4224,267,31.19,173.132,11
5180,1,2022,4,Kevin Harvick,Frd,12,1416,0,,,13
5180,1,2022,4,Kevin Harvick,Frd,12,1416,1,32.885,164.209,13
5180,1,2022,4,Kevin Harvick,Frd,12,1416,2,30.393,177.672,14
5180,1,2022,4,Kevin Harvick,Frd,12,1416,3,30.323,178.083,14
5180,1,2022,4,Kevin Harvick,Frd,12,1416,4,30.246,178.536,14
5180,1,2022,4,Kevin Harvick,Frd,12,1416,5,30.425,177.486,12
5180,1,2022,4,Kevin Harvick,Frd,12,1416,6,30.515,176.962,12
5180,1,2022,4,Kevin Harvick,Frd,12,1416,7,30.342,177.971,12
5180,1,2022,4,Kevin Harvick,Frd,12,1416,8,30.492,177.096,12
5180,1,2022,4,Kevin Harvick,Frd,12,1416,9,30.418,177.526,12
5180,1,2022,4,Kevin Harvick,Frd,12,1416,10,30.745,175.638,13
5180,1,2022,4,Kevin Harvick,Frd,12,1416,11,30.75,175.610,13
5180,1,2022,4,Kevin Harvick,Frd,12,1416,12,30.92,174.644,12
5180,1,2022,4,Kevin Harvick,Frd,12,1416,13,30.765,175.524,12
5180,1,2022,4,Kevin Harvick,Frd,12,1416,14,30.68,176.010,12
5180,1,2022,4,Kevin Harvick,Frd,12,1416,15,30.763,175.536,12
5180,1,2022,4,Kevin Harvick,Frd,12,1416,16,30.767,175.513,12
5180,1,2022,4,Kevin Harvick,Frd,12,1416,17,30.751,175.604,12
5180,1,2022,4,Kevin Harvick,Frd,12,1416,18,30.933,174.571,12
5180,1,2022,4,Kevin Harvick,Frd,12,1416,19,30.889,174.820,12
5180,1,2022,4,Kevin Harvick,Frd,12,1416,20,30.946,174.498,12
5180,1,2022,4,Kevin Harvick,Frd,12,1416,21,30.759,175.558,12
5180,1,2022,4,Kevin Harvick,Frd,12,1416,22,30.846,175.063,12
5180,1,2022,4,Kevin Harvick,Frd,12,1416,23,30.911,174.695,12
5180,1,2022,4,Kevin Harvick,Frd,12,1416,24,31.153,173.338,12
5180,1,2022,4,Kevin Harvick,Frd,12,1416,25,30.98,174.306,12
5180,1,2022,4,Kevin Harvick,Frd,12,1416,26,31.005,174.165,12
5180,1,2022,4,Kevin Harvick,Frd,12,1416,27,30.996,174.216,12
5180,1,2022,4,Kevin Harvick,Frd,12,1416,28,31.181,173.182,12
5180,1,2022,4,Kevin Harvick,Frd,12,1416,29,31.111,173.572,12
5180,1,2022,4,Kevin Harvick,Frd,12,1416,30,31.204,173.055,12
5180,1,2022,4,Kevin Harvick,Frd,12,1416,31,31.464,171.625,12
5180,1,2022,4,Kevin Harvick,Frd,12,1416,32,31.288,172.590,13
5180,1,2022,4,Kevin Harvick,Frd,12,1416,33,31.56,171.103,13
5180,1,2022,4,Kevin Harvick,Frd,12,1416,34,31.232,172.900,13
5180,1,2022,4,Kevin Harvick,Frd,12,1416,35,31.356,172.216,13
5180,1,2022,4,Kevin Harvick,Frd,12,1416,36,31.375,172.112,12
5180,1,2022,4,Kevin Harvick,Frd,12,1416,37,31.419,171.871,10
5180,1,2022,4,Kevin Harvick,Frd,12,1416,38,58.007,93.092,26
5180,1,2022,4,Kevin Harvick,Frd,12,1416,39,45.068,119.819,28
5180,1,2022,4,Kevin Harvick,Frd,12,1416,40,30.224,178.666,22
5180,1,2022,4,Kevin Harvick,Frd,12,1416,41,30.202,178.796,17
5180,1,2022,4,Kevin Harvick,Frd,12,1416,42,30.29,178.277,15
5180,1,2022,4,Kevin Harvick,Frd,12,1416,43,30.255,178.483,14
5180,1,2022,4,Kevin Harvick,Frd,12,1416,44,30.325,178.071,14
5180,1,2022,4,Kevin Harvick,Frd,12,1416,45,30.396,177.655,14
5180,1,2022,4,Kevin Harvick,Frd,12,1416,46,30.205,178.778,14
5180,1,2022,4,Kevin Harvick,Frd,12,1416,47,30.315,178.130,14
5180,1,2022,4,Kevin Harvick,Frd,12,1416,48,30.372,177.795,14
5180,1,2022,4,Kevin Harvick,Frd,12,1416,49,30.451,177.334,14
5180,1,2022,4,Kevin Harvick,Frd,12,1416,50,30.579,176.592,14
5180,1,2022,4,Kevin Harvick,Frd,12,1416,51,30.504,177.026,14
5180,1,2022,4,Kevin Harvick,Frd,12,1416,52,30.622,176.344,14
5180,1,2022,4,Kevin Harvick,Frd,12,1416,53,30.611,176.407,14
5180,1,2022,4,Kevin Harvick,Frd,12,1416,54,30.685,175.982,14
5180,1,2022,4,Kevin Harvick,Frd,12,1416,55,30.738,175.678,14
5180,1,2022,4,Kevin Harvick,Frd,12,1416,56,30.802,175.313,14
5180,1,2022,4,Kevin Harvick,Frd,12,1416,57,30.919,174.650,14
5180,1,2022,4,Kevin Harvick,Frd,12,1416,58,31.278,172.645,14
5180,1,2022,4,Kevin Harvick,Frd,12,1416,59,31.229,172.916,14
5180,1,2022,4,Kevin Harvick,Frd,12,1416,60,31.059,173.863,14
5180,1,2022,4,Kevin Harvick,Frd,12,1416,61,31.128,173.477,14
5180,1,2022,4,Kevin Harvick,Frd,12,1416,62,30.973,174.345,14
5180,1,2022,4,Kevin Harvick,Frd,12,1416,63,31.095,173.661,14
5180,1,2022,4,Kevin Harvick,Frd,12,1416,64,31.168,173.255,14
5180,1,2022,4,Kevin Harvick,Frd,12,1416,65,31.062,173.846,14
5180,1,2022,4,Kevin Harvick,Frd,12,1416,66,31.283,172.618,14
5180,1,2022,4,Kevin Harvick,Frd,12,1416,67,31.56,171.103,14
5180,1,2022,4,Kevin Harvick,Frd,12,1416,68,30.988,174.261,14
5180,1,2022,4,Kevin Harvick,Frd,12,1416,69,30.996,174.216,14
5180,1,2022,4,Kevin Harvick,Frd,12,1416,70,31.081,173.740,13
5180,1,2022,4,Kevin Harvick,Frd,12,1416,71,31.174,173.221,13
5180,1,2022,4,Kevin Harvick,Frd,12,1416,72,31.256,172.767,13
5180,1,2022,4,Kevin Harvick,Frd,12,1416,73,31.23,172.911,13
5180,1,2022,4,Kevin Harvick,Frd,12,1416,74,31.207,173.038,13
5180,1,2022,4,Kevin Harvick,Frd,12,1416,75,31.196,173.099,13
5180,1,2022,4,Kevin Harvick,Frd,12,1416,76,31.292,172.568,13
5180,1,2022,4,Kevin Harvick,Frd,12,1416,77,34.366,157.132,12
5180,1,2022,4,Kevin Harvick,Frd,12,1416,78,43.786,123.327,12
5180,1,2022,4,Kevin Harvick,Frd,12,1416,79,77.87,69.346,12
5180,1,2022,4,Kevin Harvick,Frd,12,1416,80,99.822,54.096,12
5180,1,2022,4,Kevin Harvick,Frd,12,1416,81,100.687,53.632,12
5180,1,2022,4,Kevin Harvick,Frd,12,1416,82,106.704,50.607,13
5180,1,2022,4,Kevin Harvick,Frd,12,1416,83,86.75,62.248,8
5180,1,2022,4,Kevin Harvick,Frd,12,1416,84,97.892,55.163,7
5180,1,2022,4,Kevin Harvick,Frd,12,1416,85,91.707,58.883,7
5180,1,2022,4,Kevin Harvick,Frd,12,1416,86,32.517,166.067,6
5180,1,2022,4,Kevin Harvick,Frd,12,1416,87,30.188,178.879,6
5180,1,2022,4,Kevin Harvick,Frd,12,1416,88,29.995,180.030,6
5180,1,2022,4,Kevin Harvick,Frd,12,1416,89,30.068,179.593,6
5180,1,2022,4,Kevin Harvick,Frd,12,1416,90,30.096,179.426,6
5180,1,2022,4,Kevin Harvick,Frd,12,1416,91,30.095,179.432,6
5180,1,2022,4,Kevin Harvick,Frd,12,1416,92,30.424,177.491,6
5180,1,2022,4,Kevin Harvick,Frd,12,1416,93,30.358,177.877,6
5180,1,2022,4,Kevin Harvick,Frd,12,1416,94,30.757,175.570,5
5180,1,2022,4,Kevin Harvick,Frd,12,1416,95,51.288,105.288,5
5180,1,2022,4,Kevin Harvick,Frd,12,1416,96,114.117,47.320,5
5180,1,2022,4,Kevin Harvick,Frd,12,1416,97,123.421,43.753,15
5180,1,2022,4,Kevin Harvick,Frd,12,1416,98,90.019,59.987,6
5180,1,2022,4,Kevin Harvick,Frd,12,1416,99,106.587,50.663,6
5180,1,2022,4,Kevin Harvick,Frd,12,1416,100,95.716,56.417,6
5180,1,2022,4,Kevin Harvick,Frd,12,1416,101,97.707,55.267,6
5180,1,2022,4,Kevin Harvick,Frd,12,1416,102,93.352,57.846,7
5180,1,2022,4,Kevin Harvick,Frd,12,1416,103,44.005,122.713,7
5180,1,2022,4,Kevin Harvick,Frd,12,1416,104,91.735,58.865,7
5180,1,2022,4,Kevin Harvick,Frd,12,1416,105,100.551,53.704,7
5180,1,2022,4,Kevin Harvick,Frd,12,1416,106,102.153,52.862,7
5180,1,2022,4,Kevin Harvick,Frd,12,1416,107,93.433,57.795,6
5180,1,2022,4,Kevin Harvick,Frd,12,1416,108,32.501,166.149,5
5180,1,2022,4,Kevin Harvick,Frd,12,1416,109,30.42,177.515,8
5180,1,2022,4,Kevin Harvick,Frd,12,1416,110,30.158,179.057,8
5180,1,2022,4,Kevin Harvick,Frd,12,1416,111,30.144,179.140,8
5180,1,2022,4,Kevin Harvick,Frd,12,1416,112,30.337,178.000,8
5180,1,2022,4,Kevin Harvick,Frd,12,1416,113,30.303,178.200,8
5180,1,2022,4,Kevin Harvick,Frd,12,1416,114,30.331,178.036,8
5180,1,2022,4,Kevin Harvick,Frd,12,1416,115,30.436,177.421,8
5180,1,2022,4,Kevin Harvick,Frd,12,1416,116,30.468,177.235,8
5180,1,2022,4,Kevin Harvick,Frd,12,1416,117,30.588,176.540,8
5180,1,2022,4,Kevin Harvick,Frd,12,1416,118,30.749,175.615,8
5180,1,2022,4,Kevin Harvick,Frd,12,1416,119,30.686,175.976,8
5180,1,2022,4,Kevin Harvick,Frd,12,1416,120,30.758,175.564,8
5180,1,2022,4,Kevin Harvick,Frd,12,1416,121,30.732,175.713,8
5180,1,2022,4,Kevin Harvick,Frd,12,1416,122,30.77,175.496,8
5180,1,2022,4,Kevin Harvick,Frd,12,1416,123,30.881,174.865,8
5180,1,2022,4,Kevin Harvick,Frd,12,1416,124,30.925,174.616,8
5180,1,2022,4,Kevin Harvick,Frd,12,1416,125,31.116,173.544,8
5180,1,2022,4,Kevin Harvick,Frd,12,1416,126,30.972,174.351,8
5180,1,2022,4,Kevin Harvick,Frd,12,1416,127,31.112,173.566,8
5180,1,2022,4,Kevin Harvick,Frd,12,1416,128,31.183,173.171,8
5180,1,2022,4,Kevin Harvick,Frd,12,1416,129,31.233,172.894,8
5180,1,2022,4,Kevin Harvick,Frd,12,1416,130,31.244,172.833,8
5180,1,2022,4,Kevin Harvick,Frd,12,1416,131,31.184,173.166,8
5180,1,2022,4,Kevin Harvick,Frd,12,1416,132,31.357,172.210,8
5180,1,2022,4,Kevin Harvick,Frd,12,1416,133,31.171,173.238,8
5180,1,2022,4,Kevin Harvick,Frd,12,1416,134,31.283,172.618,8
5180,1,2022,4,Kevin Harvick,Frd,12,1416,135,31.258,172.756,8
5180,1,2022,4,Kevin Harvick,Frd,12,1416,136,31.19,173.132,8
5180,1,2022,4,Kevin Harvick,Frd,12,1416,137,31.219,172.972,8
5180,1,2022,4,Kevin Harvick,Frd,12,1416,138,31.333,172.342,8
5180,1,2022,4,Kevin Harvick,Frd,12,1416,139,31.364,172.172,8
5180,1,2022,4,Kevin Harvick,Frd,12,1416,140,31.222,172.955,8
5180,1,2022,4,Kevin Harvick,Frd,12,1416,141,31.224,172.944,8
5180,1,2022,4,Kevin Harvick,Frd,12,1416,142,31.239,172.861,8
5180,1,2022,4,Kevin Harvick,Frd,12,1416,143,31.384,172.062,8
5180,1,2022,4,Kevin Harvick,Frd,12,1416,144,31.518,171.331,9
5180,1,2022,4,Kevin Harvick,Frd,12,1416,145,31.54,171.211,9
5180,1,2022,4,Kevin Harvick,Frd,12,1416,146,31.682,170.444,9
5180,1,2022,4,Kevin Harvick,Frd,12,1416,147,31.645,170.643,9
5180,1,2022,4,Kevin Harvick,Frd,12,1416,148,31.736,170.154,9
5180,1,2022,4,Kevin Harvick,Frd,12,1416,149,31.642,170.659,9
5180,1,2022,4,Kevin Harvick,Frd,12,1416,150,31.484,171.516,9
5180,1,2022,4,Kevin Harvick,Frd,12,1416,151,31.662,170.551,8
5180,1,2022,4,Kevin Harvick,Frd,12,1416,152,31.456,171.668,8
5180,1,2022,4,Kevin Harvick,Frd,12,1416,153,31.561,171.097,8
5180,1,2022,4,Kevin Harvick,Frd,12,1416,154,31.458,171.657,8
5180,1,2022,4,Kevin Harvick,Frd,12,1416,155,31.561,171.097,8
5180,1,2022,4,Kevin Harvick,Frd,12,1416,156,31.597,170.902,8
5180,1,2022,4,Kevin Harvick,Frd,12,1416,157,31.58,170.994,8
5180,1,2022,4,Kevin Harvick,Frd,12,1416,158,31.674,170.487,8
5180,1,2022,4,Kevin Harvick,Frd,12,1416,159,31.674,170.487,8
5180,1,2022,4,Kevin Harvick,Frd,12,1416,160,31.708,170.304,8
5180,1,2022,4,Kevin Harvick,Frd,12,1416,161,32.022,168.634,8
5180,1,2022,4,Kevin Harvick,Frd,12,1416,162,31.646,170.638,7
5180,1,2022,4,Kevin Harvick,Frd,12,1416,163,31.77,169.972,7
5180,1,2022,4,Kevin Harvick,Frd,12,1416,164,31.775,169.945,7
5180,1,2022,4,Kevin Harvick,Frd,12,1416,165,31.754,170.057,7
5180,1,2022,4,Kevin Harvick,Frd,12,1416,166,50.263,107.435,7
5180,1,2022,4,Kevin Harvick,Frd,12,1416,167,94.152,57.354,7
5180,1,2022,4,Kevin Harvick,Frd,12,1416,168,111.713,48.338,18
5180,1,2022,4,Kevin Harvick,Frd,12,1416,169,84.015,64.274,7
5180,1,2022,4,Kevin Harvick,Frd,12,1416,170,98.31,54.928,6
5180,1,2022,4,Kevin Harvick,Frd,12,1416,171,91.245,59.181,6
5180,1,2022,4,Kevin Harvick,Frd,12,1416,172,32.504,166.133,6
5180,1,2022,4,Kevin Harvick,Frd,12,1416,173,30.045,179.730,5
5180,1,2022,4,Kevin Harvick,Frd,12,1416,174,30.041,179.754,5
5180,1,2022,4,Kevin Harvick,Frd,12,1416,175,29.982,180.108,5
5180,1,2022,4,Kevin Harvick,Frd,12,1416,176,30.106,179.366,5
5180,1,2022,4,Kevin Harvick,Frd,12,1416,177,30.291,178.271,4
5180,1,2022,4,Kevin Harvick,Frd,12,1416,178,30.386,177.713,4
5180,1,2022,4,Kevin Harvick,Frd,12,1416,179,30.299,178.224,4
5180,1,2022,4,Kevin Harvick,Frd,12,1416,180,30.396,177.655,4
5180,1,2022,4,Kevin Harvick,Frd,12,1416,181,30.317,178.118,4
5180,1,2022,4,Kevin Harvick,Frd,12,1416,182,30.525,176.904,4
5180,1,2022,4,Kevin Harvick,Frd,12,1416,183,30.684,175.987,4
5180,1,2022,4,Kevin Harvick,Frd,12,1416,184,30.792,175.370,4
5180,1,2022,4,Kevin Harvick,Frd,12,1416,185,30.665,176.097,4
5180,1,2022,4,Kevin Harvick,Frd,12,1416,186,30.781,175.433,4
5180,1,2022,4,Kevin Harvick,Frd,12,1416,187,30.948,174.486,4
5180,1,2022,4,Kevin Harvick,Frd,12,1416,188,30.982,174.295,4
5180,1,2022,4,Kevin Harvick,Frd,12,1416,189,30.841,175.092,4
5180,1,2022,4,Kevin Harvick,Frd,12,1416,190,30.803,175.308,4
5180,1,2022,4,Kevin Harvick,Frd,12,1416,191,30.985,174.278,4
5180,1,2022,4,Kevin Harvick,Frd,12,1416,192,31.032,174.014,4
5180,1,2022,4,Kevin Harvick,Frd,12,1416,193,31.137,173.427,4
5180,1,2022,4,Kevin Harvick,Frd,12,1416,194,32.435,166.487,4
5180,1,2022,4,Kevin Harvick,Frd,12,1416,195,78.173,69.078,4
5180,1,2022,4,Kevin Harvick,Frd,12,1416,196,112.551,47.978,17
5180,1,2022,4,Kevin Harvick,Frd,12,1416,197,102.217,52.829,29
5180,1,2022,4,Kevin Harvick,Frd,12,1416,198,98.128,55.030,27
5180,1,2022,4,Kevin Harvick,Frd,12,1416,199,84.157,64.166,23
5180,1,2022,4,Kevin Harvick,Frd,12,1416,200,32.574,165.776,21
5180,1,2022,4,Kevin Harvick,Frd,12,1416,201,30.685,175.982,21
5180,1,2022,4,Kevin Harvick,Frd,12,1416,202,30.676,176.033,20
5180,1,2022,4,Kevin Harvick,Frd,12,1416,203,30.875,174.899,21
5180,1,2022,4,Kevin Harvick,Frd,12,1416,204,31.097,173.650,21
5180,1,2022,4,Kevin Harvick,Frd,12,1416,205,30.9,174.757,21
5180,1,2022,4,Kevin Harvick,Frd,12,1416,206,30.768,175.507,21
5180,1,2022,4,Kevin Harvick,Frd,12,1416,207,31.264,172.723,22
5180,1,2022,4,Kevin Harvick,Frd,12,1416,208,30.678,176.022,21
5180,1,2022,4,Kevin Harvick,Frd,12,1416,209,30.864,174.961,21
5180,1,2022,4,Kevin Harvick,Frd,12,1416,210,31.145,173.383,20
5180,1,2022,4,Kevin Harvick,Frd,12,1416,211,30.993,174.233,20
5180,1,2022,4,Kevin Harvick,Frd,12,1416,212,30.708,175.850,19
5180,1,2022,4,Kevin Harvick,Frd,12,1416,213,30.918,174.656,19
5180,1,2022,4,Kevin Harvick,Frd,12,1416,214,30.88,174.870,18
5180,1,2022,4,Kevin Harvick,Frd,12,1416,215,30.776,175.461,17
5180,1,2022,4,Kevin Harvick,Frd,12,1416,216,30.756,175.575,17
5180,1,2022,4,Kevin Harvick,Frd,12,1416,217,30.929,174.593,16
5180,1,2022,4,Kevin Harvick,Frd,12,1416,218,30.861,174.978,16
5180,1,2022,4,Kevin Harvick,Frd,12,1416,219,30.925,174.616,16
5180,1,2022,4,Kevin Harvick,Frd,12,1416,220,30.981,174.300,16
5180,1,2022,4,Kevin Harvick,Frd,12,1416,221,31.073,173.784,16
5180,1,2022,4,Kevin Harvick,Frd,12,1416,222,31.086,173.712,16
5180,1,2022,4,Kevin Harvick,Frd,12,1416,223,31.222,172.955,15
5180,1,2022,4,Kevin Harvick,Frd,12,1416,224,31.04,173.969,15
5180,1,2022,4,Kevin Harvick,Frd,12,1416,225,31.019,174.087,15
5180,1,2022,4,Kevin Harvick,Frd,12,1416,226,30.921,174.639,15
5180,1,2022,4,Kevin Harvick,Frd,12,1416,227,31.221,172.961,15
5180,1,2022,4,Kevin Harvick,Frd,12,1416,228,40.377,133.740,14
5180,1,2022,4,Kevin Harvick,Frd,12,1416,229,94.455,57.170,21
5180,1,2022,4,Kevin Harvick,Frd,12,1416,230,90.078,59.948,12
5180,1,2022,4,Kevin Harvick,Frd,12,1416,231,99.534,54.253,12
5180,1,2022,4,Kevin Harvick,Frd,12,1416,232,89.129,60.586,12
5180,1,2022,4,Kevin Harvick,Frd,12,1416,233,32.548,165.909,6
5180,1,2022,4,Kevin Harvick,Frd,12,1416,234,30.153,179.087,7
5180,1,2022,4,Kevin Harvick,Frd,12,1416,235,30.056,179.665,7
5180,1,2022,4,Kevin Harvick,Frd,12,1416,236,29.993,180.042,6
5180,1,2022,4,Kevin Harvick,Frd,12,1416,237,30.332,178.030,6
5180,1,2022,4,Kevin Harvick,Frd,12,1416,238,30.233,178.613,6
5180,1,2022,4,Kevin Harvick,Frd,12,1416,239,30.352,177.912,6
5180,1,2022,4,Kevin Harvick,Frd,12,1416,240,30.401,177.626,5
5180,1,2022,4,Kevin Harvick,Frd,12,1416,241,50.976,105.932,5
5180,1,2022,4,Kevin Harvick,Frd,12,1416,242,89.377,60.418,5
5180,1,2022,4,Kevin Harvick,Frd,12,1416,243,99.929,54.038,5
5180,1,2022,4,Kevin Harvick,Frd,12,1416,244,100.122,53.934,5
5180,1,2022,4,Kevin Harvick,Frd,12,1416,245,95.249,56.694,5
5180,1,2022,4,Kevin Harvick,Frd,12,1416,246,33.468,161.348,7
5180,1,2022,4,Kevin Harvick,Frd,12,1416,247,55.434,97.413,7
5180,1,2022,4,Kevin Harvick,Frd,12,1416,248,85.756,62.969,7
5180,1,2022,4,Kevin Harvick,Frd,12,1416,249,100.803,53.570,7
5180,1,2022,4,Kevin Harvick,Frd,12,1416,250,100.838,53.551,7
5180,1,2022,4,Kevin Harvick,Frd,12,1416,251,93.069,58.021,7
5180,1,2022,4,Kevin Harvick,Frd,12,1416,252,33.012,163.577,12
5180,1,2022,4,Kevin Harvick,Frd,12,1416,253,30.598,176.482,13
5180,1,2022,4,Kevin Harvick,Frd,12,1416,254,30.456,177.305,13
5180,1,2022,4,Kevin Harvick,Frd,12,1416,255,30.289,178.283,12
5180,1,2022,4,Kevin Harvick,Frd,12,1416,256,30.633,176.280,11
5180,1,2022,4,Kevin Harvick,Frd,12,1416,257,30.891,174.808,12
5180,1,2022,4,Kevin Harvick,Frd,12,1416,258,30.72,175.781,12
5180,1,2022,4,Kevin Harvick,Frd,12,1416,259,30.759,175.558,12
5180,1,2022,4,Kevin Harvick,Frd,12,1416,260,30.813,175.251,12
5180,1,2022,4,Kevin Harvick,Frd,12,1416,261,30.797,175.342,12
5180,1,2022,4,Kevin Harvick,Frd,12,1416,262,30.979,174.312,12
5180,1,2022,4,Kevin Harvick,Frd,12,1416,263,31.162,173.288,13
5180,1,2022,4,Kevin Harvick,Frd,12,1416,264,31.079,173.751,13
5180,1,2022,4,Kevin Harvick,Frd,12,1416,265,30.876,174.893,12
5180,1,2022,4,Kevin Harvick,Frd,12,1416,266,31.073,173.784,12
5180,1,2022,4,Kevin Harvick,Frd,12,1416,267,31.1,173.633,12
5180,1,2022,24,William Byron (P),Chv,13,4184,0,,,3
5180,1,2022,24,William Byron (P),Chv,13,4184,1,32.887,164.199,4
5180,1,2022,24,William Byron (P),Chv,13,4184,2,29.554,182.716,3
5180,1,2022,24,William Byron (P),Chv,13,4184,3,29.752,181.500,3
5180,1,2022,24,William Byron (P),Chv,13,4184,4,29.732,181.622,3
5180,1,2022,24,William Byron (P),Chv,13,4184,5,29.707,181.775,3
5180,1,2022,24,William Byron (P),Chv,13,4184,6,30.041,179.754,3
5180,1,2022,24,William Byron (P),Chv,13,4184,7,30.15,179.104,3
5180,1,2022,24,William Byron (P),Chv,13,4184,8,29.96,180.240,3
5180,1,2022,24,William Byron (P),Chv,13,4184,9,29.978,180.132,3
5180,1,2022,24,William Byron (P),Chv,13,4184,10,30.267,178.412,3
5180,1,2022,24,William Byron (P),Chv,13,4184,11,30.25,178.512,3
5180,1,2022,24,William Byron (P),Chv,13,4184,12,30.378,177.760,3
5180,1,2022,24,William Byron (P),Chv,13,4184,13,30.433,177.439,3
5180,1,2022,24,William Byron (P),Chv,13,4184,14,30.461,177.276,3
5180,1,2022,24,William Byron (P),Chv,13,4184,15,30.397,177.649,3
5180,1,2022,24,William Byron (P),Chv,13,4184,16,30.437,177.416,3
5180,1,2022,24,William Byron (P),Chv,13,4184,17,30.439,177.404,3
5180,1,2022,24,William Byron (P),Chv,13,4184,18,30.63,176.298,3
5180,1,2022,24,William Byron (P),Chv,13,4184,19,30.709,175.844,3
5180,1,2022,24,William Byron (P),Chv,13,4184,20,30.802,175.313,3
5180,1,2022,24,William Byron (P),Chv,13,4184,21,30.894,174.791,3
5180,1,2022,24,William Byron (P),Chv,13,4184,22,30.918,174.656,3
5180,1,2022,24,William Byron (P),Chv,13,4184,23,30.769,175.501,3
5180,1,2022,24,William Byron (P),Chv,13,4184,24,30.819,175.217,3
5180,1,2022,24,William Byron (P),Chv,13,4184,25,31.288,172.590,4
5180,1,2022,24,William Byron (P),Chv,13,4184,26,31.258,172.756,4
5180,1,2022,24,William Byron (P),Chv,13,4184,27,31.267,172.706,4
5180,1,2022,24,William Byron (P),Chv,13,4184,28,31.318,172.425,5
5180,1,2022,24,William Byron (P),Chv,13,4184,29,31.669,170.514,6
5180,1,2022,24,William Byron (P),Chv,13,4184,30,31.648,170.627,7
5180,1,2022,24,William Byron (P),Chv,13,4184,31,31.696,170.369,8
5180,1,2022,24,William Byron (P),Chv,13,4184,32,31.614,170.810,8
5180,1,2022,24,William Byron (P),Chv,13,4184,33,31.471,171.587,8
5180,1,2022,24,William Byron (P),Chv,13,4184,34,31.559,171.108,8
5180,1,2022,24,William Byron (P),Chv,13,4184,35,31.619,170.783,8
5180,1,2022,24,William Byron (P),Chv,13,4184,36,31.684,170.433,8
5180,1,2022,24,William Byron (P),Chv,13,4184,37,31.604,170.864,7
5180,1,2022,24,William Byron (P),Chv,13,4184,38,42.995,125.596,15
5180,1,2022,24,William Byron (P),Chv,13,4184,39,60.424,89.368,23
5180,1,2022,24,William Byron (P),Chv,13,4184,40,29.876,180.747,18
5180,1,2022,24,William Byron (P),Chv,13,4184,41,29.951,180.294,12
5180,1,2022,24,William Byron (P),Chv,13,4184,42,30.129,179.229,10
5180,1,2022,24,William Byron (P),Chv,13,4184,43,30.375,177.778,9
5180,1,2022,24,William Byron (P),Chv,13,4184,44,30.032,179.808,9
5180,1,2022,24,William Byron (P),Chv,13,4184,45,30.05,179.700,9
5180,1,2022,24,William Byron (P),Chv,13,4184,46,30.374,177.784,9
5180,1,2022,24,William Byron (P),Chv,13,4184,47,30.278,178.347,9
5180,1,2022,24,William Byron (P),Chv,13,4184,48,30.33,178.042,9
5180,1,2022,24,William Byron (P),Chv,13,4184,49,30.459,177.288,9
5180,1,2022,24,William Byron (P),Chv,13,4184,50,30.619,176.361,9
5180,1,2022,24,William Byron (P),Chv,13,4184,51,30.667,176.085,9
5180,1,2022,24,William Byron (P),Chv,13,4184,52,30.786,175.404,9
5180,1,2022,24,William Byron (P),Chv,13,4184,53,30.816,175.234,9
5180,1,2022,24,William Byron (P),Chv,13,4184,54,30.804,175.302,9
5180,1,2022,24,William Byron (P),Chv,13,4184,55,30.733,175.707,9
5180,1,2022,24,William Byron (P),Chv,13,4184,56,30.786,175.404,9
5180,1,2022,24,William Byron (P),Chv,13,4184,57,30.731,175.718,9
5180,1,2022,24,William Byron (P),Chv,13,4184,58,30.896,174.780,9
5180,1,2022,24,William Byron (P),Chv,13,4184,59,30.801,175.319,9
5180,1,2022,24,William Byron (P),Chv,13,4184,60,30.878,174.882,9
5180,1,2022,24,William Byron (P),Chv,13,4184,61,31.099,173.639,9
5180,1,2022,24,William Byron (P),Chv,13,4184,62,31.082,173.734,9
5180,1,2022,24,William Byron (P),Chv,13,4184,63,31.184,173.166,9
5180,1,2022,24,William Byron (P),Chv,13,4184,64,31.304,172.502,9
5180,1,2022,24,William Byron (P),Chv,13,4184,65,31.176,173.210,9
5180,1,2022,24,William Byron (P),Chv,13,4184,66,31.251,172.794,9
5180,1,2022,24,William Byron (P),Chv,13,4184,67,31.306,172.491,10
5180,1,2022,24,William Byron (P),Chv,13,4184,68,31.541,171.206,10
5180,1,2022,24,William Byron (P),Chv,13,4184,69,31.426,171.832,10
5180,1,2022,24,William Byron (P),Chv,13,4184,70,31.408,171.931,10
5180,1,2022,24,William Byron (P),Chv,13,4184,71,31.429,171.816,10
5180,1,2022,24,William Byron (P),Chv,13,4184,72,31.456,171.668,10
5180,1,2022,24,William Byron (P),Chv,13,4184,73,31.287,172.596,10
5180,1,2022,24,William Byron (P),Chv,13,4184,74,31.777,169.934,11
5180,1,2022,24,William Byron (P),Chv,13,4184,75,31.466,171.614,11
5180,1,2022,24,William Byron (P),Chv,13,4184,76,31.466,171.614,11
5180,1,2022,24,William Byron (P),Chv,13,4184,77,33.295,162.187,10
5180,1,2022,24,William Byron (P),Chv,13,4184,78,42.229,127.874,10
5180,1,2022,24,William Byron (P),Chv,13,4184,79,81.49,66.266,10
5180,1,2022,24,William Byron (P),Chv,13,4184,80,99.399,54.327,10
5180,1,2022,24,William Byron (P),Chv,13,4184,81,100.722,53.613,10
5180,1,2022,24,William Byron (P),Chv,13,4184,82,95.408,56.599,6
5180,1,2022,24,William Byron (P),Chv,13,4184,83,100.763,53.591,7
5180,1,2022,24,William Byron (P),Chv,13,4184,84,97.916,55.149,6
5180,1,2022,24,William Byron (P),Chv,13,4184,85,92.125,58.616,5
5180,1,2022,24,William Byron (P),Chv,13,4184,86,32.814,164.564,9
5180,1,2022,24,William Byron (P),Chv,13,4184,87,30.256,178.477,8
5180,1,2022,24,William Byron (P),Chv,13,4184,88,30.294,178.253,10
5180,1,2022,24,William Byron (P),Chv,13,4184,89,30.382,177.737,10
5180,1,2022,24,William Byron (P),Chv,13,4184,90,30.541,176.811,10
5180,1,2022,24,William Byron (P),Chv,13,4184,91,30.362,177.854,10
5180,1,2022,24,William Byron (P),Chv,13,4184,92,30.454,177.317,10
5180,1,2022,24,William Byron (P),Chv,13,4184,93,30.498,177.061,10
5180,1,2022,24,William Byron (P),Chv,13,4184,94,31.113,173.561,10
5180,1,2022,24,William Byron (P),Chv,13,4184,95,50.439,107.060,7
5180,1,2022,24,William Byron (P),Chv,13,4184,96,114.504,47.160,7
5180,1,2022,24,William Byron (P),Chv,13,4184,97,107.873,50.059,4
5180,1,2022,24,William Byron (P),Chv,13,4184,98,105.632,51.121,9
5180,1,2022,24,William Byron (P),Chv,13,4184,99,106.559,50.676,9
5180,1,2022,24,William Byron (P),Chv,13,4184,100,95.342,56.638,9
5180,1,2022,24,William Byron (P),Chv,13,4184,101,98.913,54.593,9
5180,1,2022,24,William Byron (P),Chv,13,4184,102,90.9,59.406,8
5180,1,2022,24,William Byron (P),Chv,13,4184,103,44.54,121.239,8
5180,1,2022,24,William Byron (P),Chv,13,4184,104,91.643,58.924,8
5180,1,2022,24,William Byron (P),Chv,13,4184,105,100.703,53.623,8
5180,1,2022,24,William Byron (P),Chv,13,4184,106,102.045,52.918,8
5180,1,2022,24,William Byron (P),Chv,13,4184,107,93.044,58.037,9
5180,1,2022,24,William Byron (P),Chv,13,4184,108,32.62,165.543,9
5180,1,2022,24,William Byron (P),Chv,13,4184,109,30.052,179.689,7
5180,1,2022,24,William Byron (P),Chv,13,4184,110,29.94,180.361,7
5180,1,2022,24,William Byron (P),Chv,13,4184,111,30.307,178.177,7
5180,1,2022,24,William Byron (P),Chv,13,4184,112,30.064,179.617,6
5180,1,2022,24,William Byron (P),Chv,13,4184,113,30.174,178.962,6
5180,1,2022,24,William Byron (P),Chv,13,4184,114,30.321,178.094,6
5180,1,2022,24,William Byron (P),Chv,13,4184,115,30.351,177.918,6
5180,1,2022,24,William Byron (P),Chv,13,4184,116,30.581,176.580,6
5180,1,2022,24,William Byron (P),Chv,13,4184,117,30.515,176.962,6
5180,1,2022,24,William Byron (P),Chv,13,4184,118,30.543,176.800,6
5180,1,2022,24,William Byron (P),Chv,13,4184,119,30.555,176.730,6
5180,1,2022,24,William Byron (P),Chv,13,4184,120,30.763,175.536,6
5180,1,2022,24,William Byron (P),Chv,13,4184,121,30.624,176.332,6
5180,1,2022,24,William Byron (P),Chv,13,4184,122,30.826,175.177,6
5180,1,2022,24,William Byron (P),Chv,13,4184,123,30.911,174.695,5
5180,1,2022,24,William Byron (P),Chv,13,4184,124,30.838,175.109,5
5180,1,2022,24,William Byron (P),Chv,13,4184,125,30.781,175.433,5
5180,1,2022,24,William Byron (P),Chv,13,4184,126,30.866,174.950,5
5180,1,2022,24,William Byron (P),Chv,13,4184,127,31.0,174.194,5
5180,1,2022,24,William Byron (P),Chv,13,4184,128,30.943,174.514,5
5180,1,2022,24,William Byron (P),Chv,13,4184,129,30.979,174.312,5
5180,1,2022,24,William Byron (P),Chv,13,4184,130,30.997,174.210,5
5180,1,2022,24,William Byron (P),Chv,13,4184,131,31.115,173.550,5
5180,1,2022,24,William Byron (P),Chv,13,4184,132,31.086,173.712,5
5180,1,2022,24,William Byron (P),Chv,13,4184,133,31.203,173.060,5
5180,1,2022,24,William Byron (P),Chv,13,4184,134,31.423,171.849,5
5180,1,2022,24,William Byron (P),Chv,13,4184,135,31.342,172.293,5
5180,1,2022,24,William Byron (P),Chv,13,4184,136,31.436,171.778,5
5180,1,2022,24,William Byron (P),Chv,13,4184,137,31.428,171.821,5
5180,1,2022,24,William Byron (P),Chv,13,4184,138,31.397,171.991,5
5180,1,2022,24,William Byron (P),Chv,13,4184,139,31.45,171.701,5
5180,1,2022,24,William Byron (P),Chv,13,4184,140,31.245,172.828,5
5180,1,2022,24,William Byron (P),Chv,13,4184,141,31.347,172.265,5
5180,1,2022,24,William Byron (P),Chv,13,4184,142,31.392,172.018,5
5180,1,2022,24,William Byron (P),Chv,13,4184,143,31.449,171.707,5
5180,1,2022,24,William Byron (P),Chv,13,4184,144,31.343,172.287,5
5180,1,2022,24,William Byron (P),Chv,13,4184,145,31.399,171.980,5
5180,1,2022,24,William Byron (P),Chv,13,4184,146,31.573,171.032,5
5180,1,2022,24,William Byron (P),Chv,13,4184,147,31.5,171.429,5
5180,1,2022,24,William Byron (P),Chv,13,4184,148,32.098,168.235,6
5180,1,2022,24,William Byron (P),Chv,13,4184,149,31.708,170.304,6
5180,1,2022,24,William Byron (P),Chv,13,4184,150,31.78,169.918,6
5180,1,2022,24,William Byron (P),Chv,13,4184,151,31.585,170.967,6
5180,1,2022,24,William Byron (P),Chv,13,4184,152,31.582,170.983,6
5180,1,2022,24,William Byron (P),Chv,13,4184,153,31.62,170.778,6
5180,1,2022,24,William Byron (P),Chv,13,4184,154,31.746,170.100,6
5180,1,2022,24,William Byron (P),Chv,13,4184,155,31.629,170.729,6
5180,1,2022,24,William Byron (P),Chv,13,4184,156,31.613,170.816,6
5180,1,2022,24,William Byron (P),Chv,13,4184,157,31.613,170.816,6
5180,1,2022,24,William Byron (P),Chv,13,4184,158,31.728,170.197,6
5180,1,2022,24,William Byron (P),Chv,13,4184,159,31.807,169.774,6
5180,1,2022,24,William Byron (P),Chv,13,4184,160,31.739,170.138,6
5180,1,2022,24,William Byron (P),Chv,13,4184,161,31.715,170.266,6
5180,1,2022,24,William Byron (P),Chv,13,4184,162,31.758,170.036,6
5180,1,2022,24,William Byron (P),Chv,13,4184,163,31.788,169.875,6
5180,1,2022,24,William Byron (P),Chv,13,4184,164,31.939,169.072,6
5180,1,2022,24,William Byron (P),Chv,13,4184,165,32.134,168.046,6
5180,1,2022,24,William Byron (P),Chv,13,4184,166,49.922,108.169,6
5180,1,2022,24,William Byron (P),Chv,13,4184,167,94.231,57.306,6
5180,1,2022,24,William Byron (P),Chv,13,4184,168,96.393,56.021,3
5180,1,2022,24,William Byron (P),Chv,13,4184,169,100.569,53.694,8
5180,1,2022,24,William Byron (P),Chv,13,4184,170,98.383,54.888,7
5180,1,2022,24,William Byron (P),Chv,13,4184,171,90.486,59.678,7
5180,1,2022,24,William Byron (P),Chv,13,4184,172,32.435,166.487,7
5180,1,2022,24,William Byron (P),Chv,13,4184,173,30.445,177.369,6
5180,1,2022,24,William Byron (P),Chv,13,4184,174,30.033,179.802,6
5180,1,2022,24,William Byron (P),Chv,13,4184,175,30.195,178.838,6
5180,1,2022,24,William Byron (P),Chv,13,4184,176,30.259,178.459,6
5180,1,2022,24,William Byron (P),Chv,13,4184,177,30.473,177.206,6
5180,1,2022,24,William Byron (P),Chv,13,4184,178,30.421,177.509,6
5180,1,2022,24,William Byron (P),Chv,13,4184,179,30.542,176.806,6
5180,1,2022,24,William Byron (P),Chv,13,4184,180,30.57,176.644,6
5180,1,2022,24,William Byron (P),Chv,13,4184,181,30.675,176.039,6
5180,1,2022,24,William Byron (P),Chv,13,4184,182,30.693,175.936,6
5180,1,2022,24,William Byron (P),Chv,13,4184,183,30.826,175.177,6
5180,1,2022,24,William Byron (P),Chv,13,4184,184,30.738,175.678,6
5180,1,2022,24,William Byron (P),Chv,13,4184,185,30.905,174.729,6
5180,1,2022,24,William Byron (P),Chv,13,4184,186,30.888,174.825,6
5180,1,2022,24,William Byron (P),Chv,13,4184,187,30.806,175.291,6
5180,1,2022,24,William Byron (P),Chv,13,4184,188,30.848,175.052,6
5180,1,2022,24,William Byron (P),Chv,13,4184,189,30.937,174.548,6
5180,1,2022,24,William Byron (P),Chv,13,4184,190,30.909,174.706,6
5180,1,2022,24,William Byron (P),Chv,13,4184,191,31.091,173.684,6
5180,1,2022,24,William Byron (P),Chv,13,4184,192,30.894,174.791,6
5180,1,2022,24,William Byron (P),Chv,13,4184,193,30.908,174.712,6
5180,1,2022,24,William Byron (P),Chv,13,4184,194,33.632,160.561,7
5180,1,2022,24,William Byron (P),Chv,13,4184,195,76.297,70.776,6
5180,1,2022,24,William Byron (P),Chv,13,4184,196,97.204,55.553,3
5180,1,2022,24,William Byron (P),Chv,13,4184,197,98.899,54.601,4
5180,1,2022,24,William Byron (P),Chv,13,4184,198,97.65,55.300,3
5180,1,2022,24,William Byron (P),Chv,13,4184,199,100.588,53.684,4
5180,1,2022,24,William Byron (P),Chv,13,4184,200,32.383,166.754,2
5180,1,2022,24,William Byron (P),Chv,13,4184,201,31.214,172.999,7
5180,1,2022,24,William Byron (P),Chv,13,4184,202,30.233,178.613,8
5180,1,2022,24,William Byron (P),Chv,13,4184,203,30.419,177.521,8
5180,1,2022,24,William Byron (P),Chv,13,4184,204,30.471,177.218,8
5180,1,2022,24,William Byron (P),Chv,13,4184,205,30.412,177.561,8
5180,1,2022,24,William Byron (P),Chv,13,4184,206,30.393,177.672,8
5180,1,2022,24,William Byron (P),Chv,13,4184,207,30.488,177.119,8
5180,1,2022,24,William Byron (P),Chv,13,4184,208,30.58,176.586,8
5180,1,2022,24,William Byron (P),Chv,13,4184,209,30.728,175.735,8
5180,1,2022,24,William Byron (P),Chv,13,4184,210,30.701,175.890,8
5180,1,2022,24,William Byron (P),Chv,13,4184,211,30.816,175.234,8
5180,1,2022,24,William Byron (P),Chv,13,4184,212,30.878,174.882,8
5180,1,2022,24,William Byron (P),Chv,13,4184,213,30.933,174.571,8
5180,1,2022,24,William Byron (P),Chv,13,4184,214,30.93,174.588,8
5180,1,2022,24,William Byron (P),Chv,13,4184,215,30.892,174.803,8
5180,1,2022,24,William Byron (P),Chv,13,4184,216,30.919,174.650,8
5180,1,2022,24,William Byron (P),Chv,13,4184,217,31.12,173.522,9
5180,1,2022,24,William Byron (P),Chv,13,4184,218,31.26,172.745,9
5180,1,2022,24,William Byron (P),Chv,13,4184,219,31.147,173.371,9
5180,1,2022,24,William Byron (P),Chv,13,4184,220,30.994,174.227,9
5180,1,2022,24,William Byron (P),Chv,13,4184,221,30.999,174.199,9
5180,1,2022,24,William Byron (P),Chv,13,4184,222,30.995,174.222,9
5180,1,2022,24,William Byron (P),Chv,13,4184,223,31.207,173.038,10
5180,1,2022,24,William Byron (P),Chv,13,4184,224,31.293,172.563,10
5180,1,2022,24,William Byron (P),Chv,13,4184,225,31.303,172.507,10
5180,1,2022,24,William Byron (P),Chv,13,4184,226,31.395,172.002,10
5180,1,2022,24,William Byron (P),Chv,13,4184,227,31.262,172.734,10
5180,1,2022,24,William Byron (P),Chv,13,4184,228,38.975,138.550,9
5180,1,2022,24,William Byron (P),Chv,13,4184,229,82.529,65.432,7
5180,1,2022,24,William Byron (P),Chv,13,4184,230,100.343,53.815,4
5180,1,2022,24,William Byron (P),Chv,13,4184,231,99.297,54.382,4
5180,1,2022,24,William Byron (P),Chv,13,4184,232,94.809,56.957,4
5180,1,2022,24,William Byron (P),Chv,13,4184,233,32.959,163.840,5
5180,1,2022,24,William Byron (P),Chv,13,4184,234,29.889,180.668,5
5180,1,2022,24,William Byron (P),Chv,13,4184,235,30.124,179.259,5
5180,1,2022,24,William Byron (P),Chv,13,4184,236,30.274,178.371,7
5180,1,2022,24,William Byron (P),Chv,13,4184,237,30.586,176.551,7
5180,1,2022,24,William Byron (P),Chv,13,4184,238,30.365,177.836,7
5180,1,2022,24,William Byron (P),Chv,13,4184,239,30.397,177.649,7
5180,1,2022,24,William Byron (P),Chv,13,4184,240,30.463,177.264,6
5180,1,2022,24,William Byron (P),Chv,13,4184,241,50.895,106.101,6
5180,1,2022,24,William Byron (P),Chv,13,4184,242,89.417,60.391,6
5180,1,2022,24,William Byron (P),Chv,13,4184,243,100.168,53.909,6
5180,1,2022,24,William Byron (P),Chv,13,4184,244,100.337,53.819,6
5180,1,2022,24,William Byron (P),Chv,13,4184,245,94.31,57.258,6
5180,1,2022,24,William Byron (P),Chv,13,4184,246,33.79,159.811,11
5180,1,2022,24,William Byron (P),Chv,13,4184,247,57.743,93.518,11
5180,1,2022,24,William Byron (P),Chv,13,4184,248,84.715,63.743,10
5180,1,2022,24,William Byron (P),Chv,13,4184,249,109.189,49.456,24
5180,1,2022,24,William Byron (P),Chv,13,4184,250,105.367,51.249,25
5180,1,2022,24,William Byron (P),Chv,13,4184,251,80.269,67.274,24
5180,1,2022,24,William Byron (P),Chv,13,4184,252,32.216,167.619,23
5180,1,2022,24,William Byron (P),Chv,13,4184,253,30.463,177.264,21
5180,1,2022,24,William Byron (P),Chv,13,4184,254,30.381,177.743,19
5180,1,2022,24,William Byron (P),Chv,13,4184,255,30.518,176.945,16
5180,1,2022,24,William Byron (P),Chv,13,4184,256,30.974,174.340,18
5180,1,2022,24,William Byron (P),Chv,13,4184,257,30.606,176.436,17
5180,1,2022,24,William Byron (P),Chv,13,4184,258,30.67,176.068,16
5180,1,2022,24,William Byron (P),Chv,13,4184,259,30.696,175.919,15
5180,1,2022,24,William Byron (P),Chv,13,4184,260,30.664,176.102,15
5180,1,2022,24,William Byron (P),Chv,13,4184,261,30.817,175.228,15
5180,1,2022,24,William Byron (P),Chv,13,4184,262,30.785,175.410,14
5180,1,2022,24,William Byron (P),Chv,13,4184,263,31.085,173.717,14
5180,1,2022,24,William Byron (P),Chv,13,4184,264,30.983,174.289,14
5180,1,2022,24,William Byron (P),Chv,13,4184,265,30.99,174.250,14
5180,1,2022,24,William Byron (P),Chv,13,4184,266,31.162,173.288,14
5180,1,2022,24,William Byron (P),Chv,13,4184,267,31.17,173.244,13
5180,1,2022,31,Justin Haley,Chv,14,4172,0,,,28
5180,1,2022,31,Justin Haley,Chv,14,4172,1,32.902,164.124,26
5180,1,2022,31,Justin Haley,Chv,14,4172,2,30.709,175.844,27
5180,1,2022,31,Justin Haley,Chv,14,4172,3,30.479,177.171,27
5180,1,2022,31,Justin Haley,Chv,14,4172,4,30.554,176.736,25
5180,1,2022,31,Justin Haley,Chv,14,4172,5,30.558,176.713,23
5180,1,2022,31,Justin Haley,Chv,14,4172,6,30.708,175.850,23
5180,1,2022,31,Justin Haley,Chv,14,4172,7,30.9,174.757,24
5180,1,2022,31,Justin Haley,Chv,14,4172,8,30.513,176.974,23
5180,1,2022,31,Justin Haley,Chv,14,4172,9,30.781,175.433,22
5180,1,2022,31,Justin Haley,Chv,14,4172,10,30.616,176.378,22
5180,1,2022,31,Justin Haley,Chv,14,4172,11,30.681,176.005,22
5180,1,2022,31,Justin Haley,Chv,14,4172,12,30.877,174.887,22
5180,1,2022,31,Justin Haley,Chv,14,4172,13,31.028,174.036,22
5180,1,2022,31,Justin Haley,Chv,14,4172,14,31.487,171.499,22
5180,1,2022,31,Justin Haley,Chv,14,4172,15,30.967,174.379,22
5180,1,2022,31,Justin Haley,Chv,14,4172,16,30.803,175.308,22
5180,1,2022,31,Justin Haley,Chv,14,4172,17,30.909,174.706,22
5180,1,2022,31,Justin Haley,Chv,14,4172,18,30.876,174.893,22
5180,1,2022,31,Justin Haley,Chv,14,4172,19,31.102,173.622,22
5180,1,2022,31,Justin Haley,Chv,14,4172,20,31.021,174.076,22
5180,1,2022,31,Justin Haley,Chv,14,4172,21,31.348,172.260,21
5180,1,2022,31,Justin Haley,Chv,14,4172,22,31.087,173.706,21
5180,1,2022,31,Justin Haley,Chv,14,4172,23,30.817,175.228,21
5180,1,2022,31,Justin Haley,Chv,14,4172,24,30.831,175.148,21
5180,1,2022,31,Justin Haley,Chv,14,4172,25,30.943,174.514,21
5180,1,2022,31,Justin Haley,Chv,14,4172,26,30.961,174.413,21
5180,1,2022,31,Justin Haley,Chv,14,4172,27,31.012,174.126,21
5180,1,2022,31,Justin Haley,Chv,14,4172,28,31.221,172.961,21
5180,1,2022,31,Justin Haley,Chv,14,4172,29,31.315,172.441,22
5180,1,2022,31,Justin Haley,Chv,14,4172,30,31.539,171.217,22
5180,1,2022,31,Justin Haley,Chv,14,4172,31,31.273,172.673,21
5180,1,2022,31,Justin Haley,Chv,14,4172,32,31.158,173.310,21
5180,1,2022,31,Justin Haley,Chv,14,4172,33,31.179,173.193,21
5180,1,2022,31,Justin Haley,Chv,14,4172,34,31.367,172.155,21
5180,1,2022,31,Justin Haley,Chv,14,4172,35,31.306,172.491,21
5180,1,2022,31,Justin Haley,Chv,14,4172,36,31.011,174.132,19
5180,1,2022,31,Justin Haley,Chv,14,4172,37,31.051,173.907,17
5180,1,2022,31,Justin Haley,Chv,14,4172,38,31.281,172.629,12
5180,1,2022,31,Justin Haley,Chv,14,4172,39,31.365,172.166,5
5180,1,2022,31,Justin Haley,Chv,14,4172,40,59.394,90.918,17
5180,1,2022,31,Justin Haley,Chv,14,4172,41,45.223,119.408,23
5180,1,2022,31,Justin Haley,Chv,14,4172,42,30.007,179.958,21
5180,1,2022,31,Justin Haley,Chv,14,4172,43,29.997,180.018,19
5180,1,2022,31,Justin Haley,Chv,14,4172,44,30.053,179.683,19
5180,1,2022,31,Justin Haley,Chv,14,4172,45,30.577,176.603,19
5180,1,2022,31,Justin Haley,Chv,14,4172,46,30.376,177.772,20
5180,1,2022,31,Justin Haley,Chv,14,4172,47,30.431,177.451,19
5180,1,2022,31,Justin Haley,Chv,14,4172,48,30.351,177.918,19
5180,1,2022,31,Justin Haley,Chv,14,4172,49,30.233,178.613,19
5180,1,2022,31,Justin Haley,Chv,14,4172,50,30.299,178.224,19
5180,1,2022,31,Justin Haley,Chv,14,4172,51,30.402,177.620,19
5180,1,2022,31,Justin Haley,Chv,14,4172,52,30.441,177.392,19
5180,1,2022,31,Justin Haley,Chv,14,4172,53,30.451,177.334,19
5180,1,2022,31,Justin Haley,Chv,14,4172,54,30.646,176.206,19
5180,1,2022,31,Justin Haley,Chv,14,4172,55,31.071,173.796,18
5180,1,2022,31,Justin Haley,Chv,14,4172,56,30.91,174.701,18
5180,1,2022,31,Justin Haley,Chv,14,4172,57,30.744,175.644,18
5180,1,2022,31,Justin Haley,Chv,14,4172,58,30.653,176.165,18
5180,1,2022,31,Justin Haley,Chv,14,4172,59,30.548,176.771,18
5180,1,2022,31,Justin Haley,Chv,14,4172,60,30.857,175.001,17
5180,1,2022,31,Justin Haley,Chv,14,4172,61,30.794,175.359,17
5180,1,2022,31,Justin Haley,Chv,14,4172,62,30.733,175.707,17
5180,1,2022,31,Justin Haley,Chv,14,4172,63,30.863,174.967,17
5180,1,2022,31,Justin Haley,Chv,14,4172,64,31.032,174.014,17
5180,1,2022,31,Justin Haley,Chv,14,4172,65,30.888,174.825,17
5180,1,2022,31,Justin Haley,Chv,14,4172,66,30.93,174.588,17
5180,1,2022,31,Justin Haley,Chv,14,4172,67,31.181,173.182,17
5180,1,2022,31,Justin Haley,Chv,14,4172,68,31.021,174.076,17
5180,1,2022,31,Justin Haley,Chv,14,4172,69,31.1,173.633,17
5180,1,2022,31,Justin Haley,Chv,14,4172,70,31.0,174.194,17
5180,1,2022,31,Justin Haley,Chv,14,4172,71,31.346,172.271,17
5180,1,2022,31,Justin Haley,Chv,14,4172,72,31.062,173.846,17
5180,1,2022,31,Justin Haley,Chv,14,4172,73,31.396,171.996,17
5180,1,2022,31,Justin Haley,Chv,14,4172,74,31.678,170.465,17
5180,1,2022,31,Justin Haley,Chv,14,4172,75,31.574,171.027,17
5180,1,2022,31,Justin Haley,Chv,14,4172,76,31.446,171.723,17
5180,1,2022,31,Justin Haley,Chv,14,4172,77,34.492,156.558,16
5180,1,2022,31,Justin Haley,Chv,14,4172,78,44.17,122.255,16
5180,1,2022,31,Justin Haley,Chv,14,4172,79,75.388,71.629,16
5180,1,2022,31,Justin Haley,Chv,14,4172,80,100.411,53.779,16
5180,1,2022,31,Justin Haley,Chv,14,4172,81,99.36,54.348,16
5180,1,2022,31,Justin Haley,Chv,14,4172,82,110.013,49.085,21
5180,1,2022,31,Justin Haley,Chv,14,4172,83,89.67,60.221,20
5180,1,2022,31,Justin Haley,Chv,14,4172,84,99.414,54.318,19
5180,1,2022,31,Justin Haley,Chv,14,4172,85,82.812,65.208,18
5180,1,2022,31,Justin Haley,Chv,14,4172,86,32.507,166.118,18
5180,1,2022,31,Justin Haley,Chv,14,4172,87,30.473,177.206,17
5180,1,2022,31,Justin Haley,Chv,14,4172,88,30.166,179.009,15
5180,1,2022,31,Justin Haley,Chv,14,4172,89,30.851,175.035,16
5180,1,2022,31,Justin Haley,Chv,14,4172,90,30.417,177.532,16
5180,1,2022,31,Justin Haley,Chv,14,4172,91,30.662,176.114,16
5180,1,2022,31,Justin Haley,Chv,14,4172,92,30.583,176.569,15
5180,1,2022,31,Justin Haley,Chv,14,4172,93,30.898,174.769,15
5180,1,2022,31,Justin Haley,Chv,14,4172,94,32.616,165.563,16
5180,1,2022,31,Justin Haley,Chv,14,4172,95,53.499,100.936,13
5180,1,2022,31,Justin Haley,Chv,14,4172,96,113.924,47.400,13
5180,1,2022,31,Justin Haley,Chv,14,4172,97,119.481,45.195,18
5180,1,2022,31,Justin Haley,Chv,14,4172,98,91.804,58.821,14
5180,1,2022,31,Justin Haley,Chv,14,4172,99,106.043,50.923,14
5180,1,2022,31,Justin Haley,Chv,14,4172,100,94.708,57.017,14
5180,1,2022,31,Justin Haley,Chv,14,4172,101,101.24,53.339,14
5180,1,2022,31,Justin Haley,Chv,14,4172,102,86.41,62.493,13
5180,1,2022,31,Justin Haley,Chv,14,4172,103,46.536,116.039,14
5180,1,2022,31,Justin Haley,Chv,14,4172,104,119.129,45.329,29
5180,1,2022,31,Justin Haley,Chv,14,4172,105,83.923,64.345,27
5180,1,2022,31,Justin Haley,Chv,14,4172,106,104.778,51.538,26
5180,1,2022,31,Justin Haley,Chv,14,4172,107,79.295,68.100,26
5180,1,2022,31,Justin Haley,Chv,14,4172,108,31.901,169.274,25
5180,1,2022,31,Justin Haley,Chv,14,4172,109,30.454,177.317,23
5180,1,2022,31,Justin Haley,Chv,14,4172,110,30.744,175.644,23
5180,1,2022,31,Justin Haley,Chv,14,4172,111,30.428,177.468,22
5180,1,2022,31,Justin Haley,Chv,14,4172,112,30.691,175.947,22
5180,1,2022,31,Justin Haley,Chv,14,4172,113,30.893,174.797,22
5180,1,2022,31,Justin Haley,Chv,14,4172,114,30.77,175.496,21
5180,1,2022,31,Justin Haley,Chv,14,4172,115,31.185,173.160,20
5180,1,2022,31,Justin Haley,Chv,14,4172,116,30.917,174.661,20
5180,1,2022,31,Justin Haley,Chv,14,4172,117,30.798,175.336,20
5180,1,2022,31,Justin Haley,Chv,14,4172,118,30.761,175.547,19
5180,1,2022,31,Justin Haley,Chv,14,4172,119,31.108,173.589,20
5180,1,2022,31,Justin Haley,Chv,14,4172,120,31.037,173.986,20
5180,1,2022,31,Justin Haley,Chv,14,4172,121,30.947,174.492,20
5180,1,2022,31,Justin Haley,Chv,14,4172,122,30.798,175.336,20
5180,1,2022,31,Justin Haley,Chv,14,4172,123,31.105,173.606,20
5180,1,2022,31,Justin Haley,Chv,14,4172,124,31.248,172.811,20
5180,1,2022,31,Justin Haley,Chv,14,4172,125,31.398,171.985,19
5180,1,2022,31,Justin Haley,Chv,14,4172,126,30.967,174.379,19
5180,1,2022,31,Justin Haley,Chv,14,4172,127,31.218,172.977,19
5180,1,2022,31,Justin Haley,Chv,14,4172,128,31.267,172.706,19
5180,1,2022,31,Justin Haley,Chv,14,4172,129,31.291,172.574,19
5180,1,2022,31,Justin Haley,Chv,14,4172,130,31.243,172.839,19
5180,1,2022,31,Justin Haley,Chv,14,4172,131,31.247,172.817,18
5180,1,2022,31,Justin Haley,Chv,14,4172,132,31.26,172.745,18
5180,1,2022,31,Justin Haley,Chv,14,4172,133,31.291,172.574,18
5180,1,2022,31,Justin Haley,Chv,14,4172,134,31.485,171.510,18
5180,1,2022,31,Justin Haley,Chv,14,4172,135,31.408,171.931,18
5180,1,2022,31,Justin Haley,Chv,14,4172,136,31.292,172.568,17
5180,1,2022,31,Justin Haley,Chv,14,4172,137,31.193,173.116,17
5180,1,2022,31,Justin Haley,Chv,14,4172,138,31.616,170.800,17
5180,1,2022,31,Justin Haley,Chv,14,4172,139,31.501,171.423,17
5180,1,2022,31,Justin Haley,Chv,14,4172,140,31.433,171.794,17
5180,1,2022,31,Justin Haley,Chv,14,4172,141,31.365,172.166,17
5180,1,2022,31,Justin Haley,Chv,14,4172,142,31.634,170.702,17
5180,1,2022,31,Justin Haley,Chv,14,4172,143,31.485,171.510,17
5180,1,2022,31,Justin Haley,Chv,14,4172,144,31.431,171.805,16
5180,1,2022,31,Justin Haley,Chv,14,4172,145,31.475,171.565,16
5180,1,2022,31,Justin Haley,Chv,14,4172,146,31.488,171.494,16
5180,1,2022,31,Justin Haley,Chv,14,4172,147,31.817,169.721,16
5180,1,2022,31,Justin Haley,Chv,14,4172,148,31.723,170.223,16
5180,1,2022,31,Justin Haley,Chv,14,4172,149,31.718,170.250,16
5180,1,2022,31,Justin Haley,Chv,14,4172,150,31.701,170.342,15
5180,1,2022,31,Justin Haley,Chv,14,4172,151,31.274,172.667,15
5180,1,2022,31,Justin Haley,Chv,14,4172,152,31.365,172.166,15
5180,1,2022,31,Justin Haley,Chv,14,4172,153,31.572,171.038,15
5180,1,2022,31,Justin Haley,Chv,14,4172,154,31.616,170.800,15
5180,1,2022,31,Justin Haley,Chv,14,4172,155,31.494,171.461,15
5180,1,2022,31,Justin Haley,Chv,14,4172,156,31.516,171.342,15
5180,1,2022,31,Justin Haley,Chv,14,4172,157,31.519,171.325,15
5180,1,2022,31,Justin Haley,Chv,14,4172,158,31.449,171.707,15
5180,1,2022,31,Justin Haley,Chv,14,4172,159,31.614,170.810,15
5180,1,2022,31,Justin Haley,Chv,14,4172,160,31.675,170.481,15
5180,1,2022,31,Justin Haley,Chv,14,4172,161,31.62,170.778,15
5180,1,2022,31,Justin Haley,Chv,14,4172,162,31.722,170.229,14
5180,1,2022,31,Justin Haley,Chv,14,4172,163,31.765,169.998,13
5180,1,2022,31,Justin Haley,Chv,14,4172,164,31.605,170.859,13
5180,1,2022,31,Justin Haley,Chv,14,4172,165,31.888,169.343,13
5180,1,2022,31,Justin Haley,Chv,14,4172,166,47.744,113.103,13
5180,1,2022,31,Justin Haley,Chv,14,4172,167,92.307,58.500,13
5180,1,2022,31,Justin Haley,Chv,14,4172,168,110.474,48.880,19
5180,1,2022,31,Justin Haley,Chv,14,4172,169,87.73,61.552,15
5180,1,2022,31,Justin Haley,Chv,14,4172,170,99.383,54.335,14
5180,1,2022,31,Justin Haley,Chv,14,4172,171,84.492,63.911,14
5180,1,2022,31,Justin Haley,Chv,14,4172,172,32.653,165.375,13
5180,1,2022,31,Justin Haley,Chv,14,4172,173,30.276,178.359,12
5180,1,2022,31,Justin Haley,Chv,14,4172,174,30.493,177.090,13
5180,1,2022,31,Justin Haley,Chv,14,4172,175,30.544,176.794,14
5180,1,2022,31,Justin Haley,Chv,14,4172,176,30.93,174.588,14
5180,1,2022,31,Justin Haley,Chv,14,4172,177,30.38,177.749,13
5180,1,2022,31,Justin Haley,Chv,14,4172,178,30.608,176.424,13
5180,1,2022,31,Justin Haley,Chv,14,4172,179,30.522,176.922,13
5180,1,2022,31,Justin Haley,Chv,14,4172,180,30.95,174.475,14
5180,1,2022,31,Justin Haley,Chv,14,4172,181,30.72,175.781,14
5180,1,2022,31,Justin Haley,Chv,14,4172,182,30.924,174.622,14
5180,1,2022,31,Justin Haley,Chv,14,4172,183,30.932,174.576,14
5180,1,2022,31,Justin Haley,Chv,14,4172,184,30.563,176.684,14
5180,1,2022,31,Justin Haley,Chv,14,4172,185,30.719,175.787,14
5180,1,2022,31,Justin Haley,Chv,14,4172,186,30.942,174.520,13
5180,1,2022,31,Justin Haley,Chv,14,4172,187,30.884,174.848,13
5180,1,2022,31,Justin Haley,Chv,14,4172,188,31.014,174.115,13
5180,1,2022,31,Justin Haley,Chv,14,4172,189,30.721,175.776,13
5180,1,2022,31,Justin Haley,Chv,14,4172,190,30.972,174.351,13
5180,1,2022,31,Justin Haley,Chv,14,4172,191,31.021,174.076,13
5180,1,2022,31,Justin Haley,Chv,14,4172,192,31.169,173.249,13
5180,1,2022,31,Justin Haley,Chv,14,4172,193,31.121,173.516,13
5180,1,2022,31,Justin Haley,Chv,14,4172,194,35.297,152.988,13
5180,1,2022,31,Justin Haley,Chv,14,4172,195,75.939,71.110,13
5180,1,2022,31,Justin Haley,Chv,14,4172,196,111.763,48.317,21
5180,1,2022,31,Justin Haley,Chv,14,4172,197,86.828,62.192,16
5180,1,2022,31,Justin Haley,Chv,14,4172,198,100.113,53.939,15
5180,1,2022,31,Justin Haley,Chv,14,4172,199,91.992,58.701,13
5180,1,2022,31,Justin Haley,Chv,14,4172,200,32.544,165.929,10
5180,1,2022,31,Justin Haley,Chv,14,4172,201,30.682,175.999,10
5180,1,2022,31,Justin Haley,Chv,14,4172,202,30.579,176.592,12
5180,1,2022,31,Justin Haley,Chv,14,4172,203,30.371,177.801,12
5180,1,2022,31,Justin Haley,Chv,14,4172,204,30.59,176.528,12
5180,1,2022,31,Justin Haley,Chv,14,4172,205,30.51,176.991,12
5180,1,2022,31,Justin Haley,Chv,14,4172,206,30.602,176.459,12
5180,1,2022,31,Justin Haley,Chv,14,4172,207,30.743,175.650,11
5180,1,2022,31,Justin Haley,Chv,14,4172,208,30.448,177.352,11
5180,1,2022,31,Justin Haley,Chv,14,4172,209,30.434,177.433,11
5180,1,2022,31,Justin Haley,Chv,14,4172,210,30.738,175.678,11
5180,1,2022,31,Justin Haley,Chv,14,4172,211,30.616,176.378,10
5180,1,2022,31,Justin Haley,Chv,14,4172,212,30.72,175.781,10
5180,1,2022,31,Justin Haley,Chv,14,4172,213,30.847,175.058,10
5180,1,2022,31,Justin Haley,Chv,14,4172,214,30.916,174.667,10
5180,1,2022,31,Justin Haley,Chv,14,4172,215,30.931,174.582,10
5180,1,2022,31,Justin Haley,Chv,14,4172,216,31.142,173.399,10
5180,1,2022,31,Justin Haley,Chv,14,4172,217,30.901,174.752,10
5180,1,2022,31,Justin Haley,Chv,14,4172,218,31.202,173.066,10
5180,1,2022,31,Justin Haley,Chv,14,4172,219,31.281,172.629,11
5180,1,2022,31,Justin Haley,Chv,14,4172,220,31.061,173.851,11
5180,1,2022,31,Justin Haley,Chv,14,4172,221,30.961,174.413,11
5180,1,2022,31,Justin Haley,Chv,14,4172,222,30.905,174.729,11
5180,1,2022,31,Justin Haley,Chv,14,4172,223,31.211,173.016,11
5180,1,2022,31,Justin Haley,Chv,14,4172,224,31.144,173.388,11
5180,1,2022,31,Justin Haley,Chv,14,4172,225,31.358,172.205,11
5180,1,2022,31,Justin Haley,Chv,14,4172,226,31.194,173.110,11
5180,1,2022,31,Justin Haley,Chv,14,4172,227,31.307,172.485,11
5180,1,2022,31,Justin Haley,Chv,14,4172,228,39.353,137.220,10
5180,1,2022,31,Justin Haley,Chv,14,4172,229,91.313,59.137,16
5180,1,2022,31,Justin Haley,Chv,14,4172,230,89.216,60.527,1
5180,1,2022,31,Justin Haley,Chv,14,4172,231,98.491,54.827,1
5180,1,2022,31,Justin Haley,Chv,14,4172,232,97.249,55.528,1
5180,1,2022,31,Justin Haley,Chv,14,4172,233,32.437,166.477,1
5180,1,2022,31,Justin Haley,Chv,14,4172,234,29.75,181.513,1
5180,1,2022,31,Justin Haley,Chv,14,4172,235,29.85,180.905,1
5180,1,2022,31,Justin Haley,Chv,14,4172,236,30.007,179.958,1
5180,1,2022,31,Justin Haley,Chv,14,4172,237,30.136,179.188,1
5180,1,2022,31,Justin Haley,Chv,14,4172,238,30.147,179.122,1
5180,1,2022,31,Justin Haley,Chv,14,4172,239,30.191,178.861,1
5180,1,2022,31,Justin Haley,Chv,14,4172,240,30.182,178.915,1
5180,1,2022,31,Justin Haley,Chv,14,4172,241,50.171,107.632,1
5180,1,2022,31,Justin Haley,Chv,14,4172,242,89.516,60.324,1
5180,1,2022,31,Justin Haley,Chv,14,4172,243,100.254,53.863,1
5180,1,2022,31,Justin Haley,Chv,14,4172,244,99.973,54.015,1
5180,1,2022,31,Justin Haley,Chv,14,4172,245,97.454,55.411,1
5180,1,2022,31,Justin Haley,Chv,14,4172,246,32.983,163.721,2
5180,1,2022,31,Justin Haley,Chv,14,4172,247,52.601,102.660,2
5180,1,2022,31,Justin Haley,Chv,14,4172,248,86.073,62.737,2
5180,1,2022,31,Justin Haley,Chv,14,4172,249,100.541,53.709,2
5180,1,2022,31,Justin Haley,Chv,14,4172,250,100.786,53.579,2
5180,1,2022,31,Justin Haley,Chv,14,4172,251,96.377,56.030,2
5180,1,2022,31,Justin Haley,Chv,14,4172,252,32.523,166.036,2
5180,1,2022,31,Justin Haley,Chv,14,4172,253,30.077,179.539,2
5180,1,2022,31,Justin Haley,Chv,14,4172,254,30.367,177.825,4
5180,1,2022,31,Justin Haley,Chv,14,4172,255,30.686,175.976,5
5180,1,2022,31,Justin Haley,Chv,14,4172,256,31.105,173.606,7
5180,1,2022,31,Justin Haley,Chv,14,4172,257,30.853,175.023,8
5180,1,2022,31,Justin Haley,Chv,14,4172,258,30.777,175.456,9
5180,1,2022,31,Justin Haley,Chv,14,4172,259,30.541,176.811,9
5180,1,2022,31,Justin Haley,Chv,14,4172,260,30.691,175.947,9
5180,1,2022,31,Justin Haley,Chv,14,4172,261,31.274,172.667,10
5180,1,2022,31,Justin Haley,Chv,14,4172,262,31.156,173.321,11
5180,1,2022,31,Justin Haley,Chv,14,4172,263,31.219,172.972,11
5180,1,2022,31,Justin Haley,Chv,14,4172,264,31.176,173.210,12
5180,1,2022,31,Justin Haley,Chv,14,4172,265,31.281,172.629,13
5180,1,2022,31,Justin Haley,Chv,14,4172,266,31.045,173.941,13
5180,1,2022,31,Justin Haley,Chv,14,4172,267,31.47,171.592,14
5180,1,2022,17,Chris Buescher,Frd,15,3989,0,,,12
5180,1,2022,17,Chris Buescher,Frd,15,3989,1,33.085,163.216,12
5180,1,2022,17,Chris Buescher,Frd,15,3989,2,30.358,177.877,12
5180,1,2022,17,Chris Buescher,Frd,15,3989,3,30.202,178.796,13
5180,1,2022,17,Chris Buescher,Frd,15,3989,4,30.248,178.524,13
5180,1,2022,17,Chris Buescher,Frd,15,3989,5,30.726,175.747,14
5180,1,2022,17,Chris Buescher,Frd,15,3989,6,30.734,175.701,14
5180,1,2022,17,Chris Buescher,Frd,15,3989,7,30.629,176.304,14
5180,1,2022,17,Chris Buescher,Frd,15,3989,8,30.581,176.580,14
5180,1,2022,17,Chris Buescher,Frd,15,3989,9,30.585,176.557,14
5180,1,2022,17,Chris Buescher,Frd,15,3989,10,30.947,174.492,14
5180,1,2022,17,Chris Buescher,Frd,15,3989,11,31.182,173.177,16
5180,1,2022,17,Chris Buescher,Frd,15,3989,12,31.393,172.013,17
5180,1,2022,17,Chris Buescher,Frd,15,3989,13,30.879,174.876,17
5180,1,2022,17,Chris Buescher,Frd,15,3989,14,30.896,174.780,17
5180,1,2022,17,Chris Buescher,Frd,15,3989,15,30.827,175.171,17
5180,1,2022,17,Chris Buescher,Frd,15,3989,16,30.907,174.718,17
5180,1,2022,17,Chris Buescher,Frd,15,3989,17,31.34,172.304,18
5180,1,2022,17,Chris Buescher,Frd,15,3989,18,31.22,172.966,19
5180,1,2022,17,Chris Buescher,Frd,15,3989,19,31.521,171.314,20
5180,1,2022,17,Chris Buescher,Frd,15,3989,20,31.316,172.436,20
5180,1,2022,17,Chris Buescher,Frd,15,3989,21,31.733,170.170,22
5180,1,2022,17,Chris Buescher,Frd,15,3989,22,31.87,169.438,24
5180,1,2022,17,Chris Buescher,Frd,15,3989,23,31.926,169.141,24
5180,1,2022,17,Chris Buescher,Frd,15,3989,24,31.587,170.956,24
5180,1,2022,17,Chris Buescher,Frd,15,3989,25,31.644,170.648,24
5180,1,2022,17,Chris Buescher,Frd,15,3989,26,31.824,169.683,25
5180,1,2022,17,Chris Buescher,Frd,15,3989,27,31.706,170.315,25
5180,1,2022,17,Chris Buescher,Frd,15,3989,28,31.865,169.465,26
5180,1,2022,17,Chris Buescher,Frd,15,3989,29,31.713,170.277,27
5180,1,2022,17,Chris Buescher,Frd,15,3989,30,31.738,170.143,27
5180,1,2022,17,Chris Buescher,Frd,15,3989,31,31.477,171.554,27
5180,1,2022,17,Chris Buescher,Frd,15,3989,32,31.55,171.157,27
5180,1,2022,17,Chris Buescher,Frd,15,3989,33,31.573,171.032,27
5180,1,2022,17,Chris Buescher,Frd,15,3989,34,43.636,123.751,32
5180,1,2022,17,Chris Buescher,Frd,15,3989,35,61.749,87.451,35
5180,1,2022,17,Chris Buescher,Frd,15,3989,36,31.06,173.857,35
5180,1,2022,17,Chris Buescher,Frd,15,3989,37,30.559,176.707,35
5180,1,2022,17,Chris Buescher,Frd,15,3989,38,30.502,177.038,35
5180,1,2022,17,Chris Buescher,Frd,15,3989,39,30.394,177.667,33
5180,1,2022,17,Chris Buescher,Frd,15,3989,40,30.634,176.275,29
5180,1,2022,17,Chris Buescher,Frd,15,3989,41,30.642,176.229,27
5180,1,2022,17,Chris Buescher,Frd,15,3989,42,30.383,177.731,26
5180,1,2022,17,Chris Buescher,Frd,15,3989,43,30.636,176.263,24
5180,1,2022,17,Chris Buescher,Frd,15,3989,44,30.615,176.384,24
5180,1,2022,17,Chris Buescher,Frd,15,3989,45,30.639,176.246,24
5180,1,2022,17,Chris Buescher,Frd,15,3989,46,30.662,176.114,24
5180,1,2022,17,Chris Buescher,Frd,15,3989,47,30.639,176.246,24
5180,1,2022,17,Chris Buescher,Frd,15,3989,48,30.711,175.833,24
5180,1,2022,17,Chris Buescher,Frd,15,3989,49,30.866,174.950,24
5180,1,2022,17,Chris Buescher,Frd,15,3989,50,31.205,173.049,26
5180,1,2022,17,Chris Buescher,Frd,15,3989,51,31.055,173.885,26
5180,1,2022,17,Chris Buescher,Frd,15,3989,52,31.169,173.249,26
5180,1,2022,17,Chris Buescher,Frd,15,3989,53,31.04,173.969,26
5180,1,2022,17,Chris Buescher,Frd,15,3989,54,31.294,172.557,26
5180,1,2022,17,Chris Buescher,Frd,15,3989,55,31.174,173.221,26
5180,1,2022,17,Chris Buescher,Frd,15,3989,56,31.459,171.652,27
5180,1,2022,17,Chris Buescher,Frd,15,3989,57,31.329,172.364,27
5180,1,2022,17,Chris Buescher,Frd,15,3989,58,31.307,172.485,27
5180,1,2022,17,Chris Buescher,Frd,15,3989,59,31.388,172.040,27
5180,1,2022,17,Chris Buescher,Frd,15,3989,60,31.714,170.272,27
5180,1,2022,17,Chris Buescher,Frd,15,3989,61,31.473,171.576,27
5180,1,2022,17,Chris Buescher,Frd,15,3989,62,31.5,171.429,27
5180,1,2022,17,Chris Buescher,Frd,15,3989,63,31.653,170.600,27
5180,1,2022,17,Chris Buescher,Frd,15,3989,64,31.598,170.897,28
5180,1,2022,17,Chris Buescher,Frd,15,3989,65,31.571,171.043,28
5180,1,2022,17,Chris Buescher,Frd,15,3989,66,31.464,171.625,28
5180,1,2022,17,Chris Buescher,Frd,15,3989,67,31.412,171.909,28
5180,1,2022,17,Chris Buescher,Frd,15,3989,68,31.682,170.444,28
5180,1,2022,17,Chris Buescher,Frd,15,3989,69,31.77,169.972,28
5180,1,2022,17,Chris Buescher,Frd,15,3989,70,31.683,170.438,28
5180,1,2022,17,Chris Buescher,Frd,15,3989,71,32.02,168.645,28
5180,1,2022,17,Chris Buescher,Frd,15,3989,72,31.913,169.210,28
5180,1,2022,17,Chris Buescher,Frd,15,3989,73,32.328,167.038,28
5180,1,2022,17,Chris Buescher,Frd,15,3989,74,32.225,167.572,28
5180,1,2022,17,Chris Buescher,Frd,15,3989,75,32.067,168.397,28
5180,1,2022,17,Chris Buescher,Frd,15,3989,76,35.462,152.276,29
5180,1,2022,17,Chris Buescher,Frd,15,3989,77,43.753,123.420,29
5180,1,2022,17,Chris Buescher,Frd,15,3989,78,78.264,68.997,28
5180,1,2022,17,Chris Buescher,Frd,15,3989,79,100.095,53.949,28
5180,1,2022,17,Chris Buescher,Frd,15,3989,80,100.541,53.709,28
5180,1,2022,17,Chris Buescher,Frd,15,3989,81,90.706,59.533,28
5180,1,2022,17,Chris Buescher,Frd,15,3989,82,98.941,54.578,26
5180,1,2022,17,Chris Buescher,Frd,15,3989,83,126.315,42.750,32
5180,1,2022,17,Chris Buescher,Frd,15,3989,84,69.69,77.486,31
5180,1,2022,17,Chris Buescher,Frd,15,3989,85,32.452,166.400,31
5180,1,2022,17,Chris Buescher,Frd,15,3989,86,30.974,174.340,32
5180,1,2022,17,Chris Buescher,Frd,15,3989,87,31.234,172.889,33
5180,1,2022,17,Chris Buescher,Frd,15,3989,88,31.298,172.535,33
5180,1,2022,17,Chris Buescher,Frd,15,3989,89,30.862,174.972,33
5180,1,2022,17,Chris Buescher,Frd,15,3989,90,31.128,173.477,33
5180,1,2022,17,Chris Buescher,Frd,15,3989,91,30.897,174.774,33
5180,1,2022,17,Chris Buescher,Frd,15,3989,92,30.916,174.667,33
5180,1,2022,17,Chris Buescher,Frd,15,3989,93,35.859,150.590,32
5180,1,2022,17,Chris Buescher,Frd,15,3989,94,63.223,85.412,32
5180,1,2022,17,Chris Buescher,Frd,15,3989,95,114.243,47.268,29
5180,1,2022,17,Chris Buescher,Frd,15,3989,96,86.953,62.103,29
5180,1,2022,17,Chris Buescher,Frd,15,3989,97,95.652,56.455,29
5180,1,2022,17,Chris Buescher,Frd,15,3989,98,131.769,40.981,30
5180,1,2022,17,Chris Buescher,Frd,15,3989,99,88.004,61.361,30
5180,1,2022,17,Chris Buescher,Frd,15,3989,100,104.56,51.645,30
5180,1,2022,17,Chris Buescher,Frd,15,3989,101,76.054,71.002,30
5180,1,2022,17,Chris Buescher,Frd,15,3989,102,48.883,110.468,30
5180,1,2022,17,Chris Buescher,Frd,15,3989,103,88.083,61.306,30
5180,1,2022,17,Chris Buescher,Frd,15,3989,104,41.5,130.120,30
5180,1,2022,17,Chris Buescher,Frd,15,3989,105,69.352,77.864,25
5180,1,2022,17,Chris Buescher,Frd,15,3989,106,109.002,49.540,29
5180,1,2022,17,Chris Buescher,Frd,15,3989,107,76.316,70.758,28
5180,1,2022,17,Chris Buescher,Frd,15,3989,108,32.313,167.115,30
5180,1,2022,17,Chris Buescher,Frd,15,3989,109,30.594,176.505,30
5180,1,2022,17,Chris Buescher,Frd,15,3989,110,30.837,175.114,30
5180,1,2022,17,Chris Buescher,Frd,15,3989,111,31.018,174.092,30
5180,1,2022,17,Chris Buescher,Frd,15,3989,112,31.081,173.740,30
5180,1,2022,17,Chris Buescher,Frd,15,3989,113,30.877,174.887,30
5180,1,2022,17,Chris Buescher,Frd,15,3989,114,31.05,173.913,30
5180,1,2022,17,Chris Buescher,Frd,15,3989,115,31.262,172.734,30
5180,1,2022,17,Chris Buescher,Frd,15,3989,116,31.202,173.066,30
5180,1,2022,17,Chris Buescher,Frd,15,3989,117,31.235,172.883,30
5180,1,2022,17,Chris Buescher,Frd,15,3989,118,31.227,172.927,30
5180,1,2022,17,Chris Buescher,Frd,15,3989,119,31.474,171.570,30
5180,1,2022,17,Chris Buescher,Frd,15,3989,120,31.737,170.148,30
5180,1,2022,17,Chris Buescher,Frd,15,3989,121,31.325,172.386,30
5180,1,2022,17,Chris Buescher,Frd,15,3989,122,31.324,172.392,30
5180,1,2022,17,Chris Buescher,Frd,15,3989,123,31.388,172.040,30
5180,1,2022,17,Chris Buescher,Frd,15,3989,124,31.546,171.179,30
5180,1,2022,17,Chris Buescher,Frd,15,3989,125,31.574,171.027,30
5180,1,2022,17,Chris Buescher,Frd,15,3989,126,31.52,171.320,30
5180,1,2022,17,Chris Buescher,Frd,15,3989,127,31.508,171.385,30
5180,1,2022,17,Chris Buescher,Frd,15,3989,128,31.587,170.956,29
5180,1,2022,17,Chris Buescher,Frd,15,3989,129,31.402,171.964,29
5180,1,2022,17,Chris Buescher,Frd,15,3989,130,31.472,171.581,29
5180,1,2022,17,Chris Buescher,Frd,15,3989,131,31.406,171.942,29
5180,1,2022,17,Chris Buescher,Frd,15,3989,132,31.411,171.914,29
5180,1,2022,17,Chris Buescher,Frd,15,3989,133,31.483,171.521,29
5180,1,2022,17,Chris Buescher,Frd,15,3989,134,31.491,171.478,29
5180,1,2022,17,Chris Buescher,Frd,15,3989,135,31.569,171.054,29
5180,1,2022,17,Chris Buescher,Frd,15,3989,136,31.569,171.054,29
5180,1,2022,17,Chris Buescher,Frd,15,3989,137,31.688,170.412,29
5180,1,2022,17,Chris Buescher,Frd,15,3989,138,31.667,170.525,29
5180,1,2022,17,Chris Buescher,Frd,15,3989,139,31.747,170.095,29
5180,1,2022,17,Chris Buescher,Frd,15,3989,140,31.607,170.848,29
5180,1,2022,17,Chris Buescher,Frd,15,3989,141,31.951,169.009,29
5180,1,2022,17,Chris Buescher,Frd,15,3989,142,31.944,169.046,29
5180,1,2022,17,Chris Buescher,Frd,15,3989,143,32.023,168.629,29
5180,1,2022,17,Chris Buescher,Frd,15,3989,144,31.94,169.067,29
5180,1,2022,17,Chris Buescher,Frd,15,3989,145,31.957,168.977,29
5180,1,2022,17,Chris Buescher,Frd,15,3989,146,31.93,169.120,29
5180,1,2022,17,Chris Buescher,Frd,15,3989,147,31.965,168.935,29
5180,1,2022,17,Chris Buescher,Frd,15,3989,148,31.839,169.603,29
5180,1,2022,17,Chris Buescher,Frd,15,3989,149,31.844,169.577,29
5180,1,2022,17,Chris Buescher,Frd,15,3989,150,31.892,169.321,29
5180,1,2022,17,Chris Buescher,Frd,15,3989,151,31.884,169.364,29
5180,1,2022,17,Chris Buescher,Frd,15,3989,152,32.122,168.109,29
5180,1,2022,17,Chris Buescher,Frd,15,3989,153,32.226,167.567,29
5180,1,2022,17,Chris Buescher,Frd,15,3989,154,32.113,168.156,29
5180,1,2022,17,Chris Buescher,Frd,15,3989,155,32.17,167.858,29
5180,1,2022,17,Chris Buescher,Frd,15,3989,156,32.388,166.728,29
5180,1,2022,17,Chris Buescher,Frd,15,3989,157,32.602,165.634,29
5180,1,2022,17,Chris Buescher,Frd,15,3989,158,32.337,166.991,29
5180,1,2022,17,Chris Buescher,Frd,15,3989,159,32.426,166.533,29
5180,1,2022,17,Chris Buescher,Frd,15,3989,160,32.504,166.133,29
5180,1,2022,17,Chris Buescher,Frd,15,3989,161,32.551,165.894,29
5180,1,2022,17,Chris Buescher,Frd,15,3989,162,32.743,164.921,29
5180,1,2022,17,Chris Buescher,Frd,15,3989,163,32.572,165.787,29
5180,1,2022,17,Chris Buescher,Frd,15,3989,164,33.102,163.132,29
5180,1,2022,17,Chris Buescher,Frd,15,3989,165,52.139,103.569,29
5180,1,2022,17,Chris Buescher,Frd,15,3989,166,92.431,58.422,29
5180,1,2022,17,Chris Buescher,Frd,15,3989,167,92.782,58.201,29
5180,1,2022,17,Chris Buescher,Frd,15,3989,168,98.562,54.788,29
5180,1,2022,17,Chris Buescher,Frd,15,3989,169,120.821,44.694,29
5180,1,2022,17,Chris Buescher,Frd,15,3989,170,73.959,73.013,29
5180,1,2022,17,Chris Buescher,Frd,15,3989,171,32.401,166.662,29
5180,1,2022,17,Chris Buescher,Frd,15,3989,172,30.566,176.667,29
5180,1,2022,17,Chris Buescher,Frd,15,3989,173,30.719,175.787,29
5180,1,2022,17,Chris Buescher,Frd,15,3989,174,30.667,176.085,29
5180,1,2022,17,Chris Buescher,Frd,15,3989,175,31.097,173.650,29
5180,1,2022,17,Chris Buescher,Frd,15,3989,176,31.042,173.958,29
5180,1,2022,17,Chris Buescher,Frd,15,3989,177,30.724,175.758,29
5180,1,2022,17,Chris Buescher,Frd,15,3989,178,31.224,172.944,29
5180,1,2022,17,Chris Buescher,Frd,15,3989,179,31.174,173.221,29
5180,1,2022,17,Chris Buescher,Frd,15,3989,180,31.178,173.199,29
5180,1,2022,17,Chris Buescher,Frd,15,3989,181,31.193,173.116,29
5180,1,2022,17,Chris Buescher,Frd,15,3989,182,31.088,173.700,29
5180,1,2022,17,Chris Buescher,Frd,15,3989,183,31.13,173.466,29
5180,1,2022,17,Chris Buescher,Frd,15,3989,184,31.171,173.238,29
5180,1,2022,17,Chris Buescher,Frd,15,3989,185,31.289,172.585,29
5180,1,2022,17,Chris Buescher,Frd,15,3989,186,31.19,173.132,29
5180,1,2022,17,Chris Buescher,Frd,15,3989,187,31.276,172.656,29
5180,1,2022,17,Chris Buescher,Frd,15,3989,188,31.462,171.636,29
5180,1,2022,17,Chris Buescher,Frd,15,3989,189,31.258,172.756,29
5180,1,2022,17,Chris Buescher,Frd,15,3989,190,31.421,171.860,29
5180,1,2022,17,Chris Buescher,Frd,15,3989,191,31.392,172.018,29
5180,1,2022,17,Chris Buescher,Frd,15,3989,192,31.334,172.337,29
5180,1,2022,17,Chris Buescher,Frd,15,3989,193,40.337,133.872,29
5180,1,2022,17,Chris Buescher,Frd,15,3989,194,70.88,76.185,29
5180,1,2022,17,Chris Buescher,Frd,15,3989,195,83.172,64.926,29
5180,1,2022,17,Chris Buescher,Frd,15,3989,196,36.442,148.181,29
5180,1,2022,17,Chris Buescher,Frd,15,3989,197,62.88,85.878,2
5180,1,2022,17,Chris Buescher,Frd,15,3989,198,113.326,47.650,23
5180,1,2022,17,Chris Buescher,Frd,15,3989,199,87.165,61.951,25
5180,1,2022,17,Chris Buescher,Frd,15,3989,200,33.307,162.128,29
5180,1,2022,17,Chris Buescher,Frd,15,3989,201,30.629,176.304,29
5180,1,2022,17,Chris Buescher,Frd,15,3989,202,31.018,174.092,28
5180,1,2022,17,Chris Buescher,Frd,15,3989,203,31.021,174.076,28
5180,1,2022,17,Chris Buescher,Frd,15,3989,204,30.797,175.342,28
5180,1,2022,17,Chris Buescher,Frd,15,3989,205,31.038,173.980,28
5180,1,2022,17,Chris Buescher,Frd,15,3989,206,30.977,174.323,28
5180,1,2022,17,Chris Buescher,Frd,15,3989,207,31.194,173.110,27
5180,1,2022,17,Chris Buescher,Frd,15,3989,208,30.938,174.543,27
5180,1,2022,17,Chris Buescher,Frd,15,3989,209,31.05,173.913,27
5180,1,2022,17,Chris Buescher,Frd,15,3989,210,31.094,173.667,26
5180,1,2022,17,Chris Buescher,Frd,15,3989,211,31.173,173.227,26
5180,1,2022,17,Chris Buescher,Frd,15,3989,212,31.248,172.811,26
5180,1,2022,17,Chris Buescher,Frd,15,3989,213,31.326,172.381,26
5180,1,2022,17,Chris Buescher,Frd,15,3989,214,31.26,172.745,26
5180,1,2022,17,Chris Buescher,Frd,15,3989,215,31.271,172.684,26
5180,1,2022,17,Chris Buescher,Frd,15,3989,216,31.182,173.177,26
5180,1,2022,17,Chris Buescher,Frd,15,3989,217,31.158,173.310,26
5180,1,2022,17,Chris Buescher,Frd,15,3989,218,31.467,171.608,26
5180,1,2022,17,Chris Buescher,Frd,15,3989,219,31.255,172.772,26
5180,1,2022,17,Chris Buescher,Frd,15,3989,220,31.172,173.232,26
5180,1,2022,17,Chris Buescher,Frd,15,3989,221,31.135,173.438,26
5180,1,2022,17,Chris Buescher,Frd,15,3989,222,31.297,172.540,26
5180,1,2022,17,Chris Buescher,Frd,15,3989,223,31.512,171.363,26
5180,1,2022,17,Chris Buescher,Frd,15,3989,224,31.56,171.103,26
5180,1,2022,17,Chris Buescher,Frd,15,3989,225,31.62,170.778,26
5180,1,2022,17,Chris Buescher,Frd,15,3989,226,31.647,170.632,26
5180,1,2022,17,Chris Buescher,Frd,15,3989,227,31.34,172.304,25
5180,1,2022,17,Chris Buescher,Frd,15,3989,228,45.025,119.933,24
5180,1,2022,17,Chris Buescher,Frd,15,3989,229,70.221,76.900,13
5180,1,2022,17,Chris Buescher,Frd,15,3989,230,106.105,50.893,19
5180,1,2022,17,Chris Buescher,Frd,15,3989,231,102.118,52.880,19
5180,1,2022,17,Chris Buescher,Frd,15,3989,232,82.635,65.348,19
5180,1,2022,17,Chris Buescher,Frd,15,3989,233,33.199,162.656,23
5180,1,2022,17,Chris Buescher,Frd,15,3989,234,30.699,175.901,20
5180,1,2022,17,Chris Buescher,Frd,15,3989,235,30.624,176.332,19
5180,1,2022,17,Chris Buescher,Frd,15,3989,236,30.87,174.927,20
5180,1,2022,17,Chris Buescher,Frd,15,3989,237,31.166,173.266,20
5180,1,2022,17,Chris Buescher,Frd,15,3989,238,30.832,175.143,21
5180,1,2022,17,Chris Buescher,Frd,15,3989,239,30.966,174.385,20
5180,1,2022,17,Chris Buescher,Frd,15,3989,240,31.561,171.097,19
5180,1,2022,17,Chris Buescher,Frd,15,3989,241,52.141,103.565,19
5180,1,2022,17,Chris Buescher,Frd,15,3989,242,86.514,62.418,15
5180,1,2022,17,Chris Buescher,Frd,15,3989,243,106.173,50.860,19
5180,1,2022,17,Chris Buescher,Frd,15,3989,244,101.047,53.440,19
5180,1,2022,17,Chris Buescher,Frd,15,3989,245,84.239,64.103,20
5180,1,2022,17,Chris Buescher,Frd,15,3989,246,33.092,163.181,13
5180,1,2022,17,Chris Buescher,Frd,15,3989,247,58.192,92.796,15
5180,1,2022,17,Chris Buescher,Frd,15,3989,248,85.239,63.351,13
5180,1,2022,17,Chris Buescher,Frd,15,3989,249,101.106,53.409,12
5180,1,2022,17,Chris Buescher,Frd,15,3989,250,101.875,53.006,12
5180,1,2022,17,Chris Buescher,Frd,15,3989,251,89.329,60.451,11
5180,1,2022,17,Chris Buescher,Frd,15,3989,252,32.687,165.203,13
5180,1,2022,17,Chris Buescher,Frd,15,3989,253,30.574,176.621,12
5180,1,2022,17,Chris Buescher,Frd,15,3989,254,30.397,177.649,12
5180,1,2022,17,Chris Buescher,Frd,15,3989,255,30.556,176.725,13
5180,1,2022,17,Chris Buescher,Frd,15,3989,256,30.575,176.615,13
5180,1,2022,17,Chris Buescher,Frd,15,3989,257,30.901,174.752,13
5180,1,2022,17,Chris Buescher,Frd,15,3989,258,30.762,175.541,13
5180,1,2022,17,Chris Buescher,Frd,15,3989,259,30.913,174.684,13
5180,1,2022,17,Chris Buescher,Frd,15,3989,260,30.881,174.865,13
5180,1,2022,17,Chris Buescher,Frd,15,3989,261,31.006,174.160,14
5180,1,2022,17,Chris Buescher,Frd,15,3989,262,31.042,173.958,15
5180,1,2022,17,Chris Buescher,Frd,15,3989,263,31.176,173.210,15
5180,1,2022,17,Chris Buescher,Frd,15,3989,264,31.326,172.381,15
5180,1,2022,17,Chris Buescher,Frd,15,3989,265,31.167,173.260,15
5180,1,2022,17,Chris Buescher,Frd,15,3989,266,31.192,173.121,15
5180,1,2022,17,Chris Buescher,Frd,15,3989,267,31.301,172.518,15
5180,1,2022,99,Daniel Suarez,Chv,16,4113,0,,,6
5180,1,2022,99,Daniel Suarez,Chv,16,4113,1,33.043,163.423,6
5180,1,2022,99,Daniel Suarez,Chv,16,4113,2,29.875,180.753,6
5180,1,2022,99,Daniel Suarez,Chv,16,4113,3,30.101,179.396,6
5180,1,2022,99,Daniel Suarez,Chv,16,4113,4,29.953,180.282,6
5180,1,2022,99,Daniel Suarez,Chv,16,4113,5,29.915,180.511,6
5180,1,2022,99,Daniel Suarez,Chv,16,4113,6,29.929,180.427,6
5180,1,2022,99,Daniel Suarez,Chv,16,4113,7,29.998,180.012,6
5180,1,2022,99,Daniel Suarez,Chv,16,4113,8,30.011,179.934,6
5180,1,2022,99,Daniel Suarez,Chv,16,4113,9,30.041,179.754,6
5180,1,2022,99,Daniel Suarez,Chv,16,4113,10,30.216,178.713,6
5180,1,2022,99,Daniel Suarez,Chv,16,4113,11,30.437,177.416,6
5180,1,2022,99,Daniel Suarez,Chv,16,4113,12,30.464,177.258,6
5180,1,2022,99,Daniel Suarez,Chv,16,4113,13,30.432,177.445,6
5180,1,2022,99,Daniel Suarez,Chv,16,4113,14,30.396,177.655,6
5180,1,2022,99,Daniel Suarez,Chv,16,4113,15,30.454,177.317,6
5180,1,2022,99,Daniel Suarez,Chv,16,4113,16,30.76,175.553,6
5180,1,2022,99,Daniel Suarez,Chv,16,4113,17,30.64,176.240,6
5180,1,2022,99,Daniel Suarez,Chv,16,4113,18,30.551,176.754,6
5180,1,2022,99,Daniel Suarez,Chv,16,4113,19,30.706,175.861,6
5180,1,2022,99,Daniel Suarez,Chv,16,4113,20,30.731,175.718,6
5180,1,2022,99,Daniel Suarez,Chv,16,4113,21,30.728,175.735,6
5180,1,2022,99,Daniel Suarez,Chv,16,4113,22,30.908,174.712,6
5180,1,2022,99,Daniel Suarez,Chv,16,4113,23,30.939,174.537,6
5180,1,2022,99,Daniel Suarez,Chv,16,4113,24,30.77,175.496,6
5180,1,2022,99,Daniel Suarez,Chv,16,4113,25,30.722,175.770,6
5180,1,2022,99,Daniel Suarez,Chv,16,4113,26,30.856,175.006,6
5180,1,2022,99,Daniel Suarez,Chv,16,4113,27,31.097,173.650,6
5180,1,2022,99,Daniel Suarez,Chv,16,4113,28,31.074,173.779,6
5180,1,2022,99,Daniel Suarez,Chv,16,4113,29,31.159,173.305,5
5180,1,2022,99,Daniel Suarez,Chv,16,4113,30,31.256,172.767,5
5180,1,2022,99,Daniel Suarez,Chv,16,4113,31,31.16,173.299,5
5180,1,2022,99,Daniel Suarez,Chv,16,4113,32,31.248,172.811,5
5180,1,2022,99,Daniel Suarez,Chv,16,4113,33,31.046,173.935,5
5180,1,2022,99,Daniel Suarez,Chv,16,4113,34,31.108,173.589,4
5180,1,2022,99,Daniel Suarez,Chv,16,4113,35,31.1,173.633,4
5180,1,2022,99,Daniel Suarez,Chv,16,4113,36,57.484,93.939,30
5180,1,2022,99,Daniel Suarez,Chv,16,4113,37,45.22,119.416,32
5180,1,2022,99,Daniel Suarez,Chv,16,4113,38,30.069,179.587,28
5180,1,2022,99,Daniel Suarez,Chv,16,4113,39,30.141,179.158,15
5180,1,2022,99,Daniel Suarez,Chv,16,4113,40,30.08,179.521,8
5180,1,2022,99,Daniel Suarez,Chv,16,4113,41,30.269,178.400,4
5180,1,2022,99,Daniel Suarez,Chv,16,4113,42,30.265,178.424,1
5180,1,2022,99,Daniel Suarez,Chv,16,4113,43,30.358,177.877,1
5180,1,2022,99,Daniel Suarez,Chv,16,4113,44,30.306,178.183,1
5180,1,2022,99,Daniel Suarez,Chv,16,4113,45,30.428,177.468,1
5180,1,2022,99,Daniel Suarez,Chv,16,4113,46,30.57,176.644,1
5180,1,2022,99,Daniel Suarez,Chv,16,4113,47,30.75,175.610,1
5180,1,2022,99,Daniel Suarez,Chv,16,4113,48,30.504,177.026,1
5180,1,2022,99,Daniel Suarez,Chv,16,4113,49,30.631,176.292,1
5180,1,2022,99,Daniel Suarez,Chv,16,4113,50,30.598,176.482,1
5180,1,2022,99,Daniel Suarez,Chv,16,4113,51,30.636,176.263,1
5180,1,2022,99,Daniel Suarez,Chv,16,4113,52,30.563,176.684,1
5180,1,2022,99,Daniel Suarez,Chv,16,4113,53,30.768,175.507,1
5180,1,2022,99,Daniel Suarez,Chv,16,4113,54,30.614,176.390,1
5180,1,2022,99,Daniel Suarez,Chv,16,4113,55,30.719,175.787,1
5180,1,2022,99,Daniel Suarez,Chv,16,4113,56,30.697,175.913,1
5180,1,2022,99,Daniel Suarez,Chv,16,4113,57,30.963,174.402,2
5180,1,2022,99,Daniel Suarez,Chv,16,4113,58,30.821,175.205,2
5180,1,2022,99,Daniel Suarez,Chv,16,4113,59,30.896,174.780,2
5180,1,2022,99,Daniel Suarez,Chv,16,4113,60,30.984,174.284,2
5180,1,2022,99,Daniel Suarez,Chv,16,4113,61,31.025,174.053,2
5180,1,2022,99,Daniel Suarez,Chv,16,4113,62,31.186,173.155,3
5180,1,2022,99,Daniel Suarez,Chv,16,4113,63,31.035,173.997,3
5180,1,2022,99,Daniel Suarez,Chv,16,4113,64,30.964,174.396,3
5180,1,2022,99,Daniel Suarez,Chv,16,4113,65,30.998,174.205,3
5180,1,2022,99,Daniel Suarez,Chv,16,4113,66,31.134,173.444,3
5180,1,2022,99,Daniel Suarez,Chv,16,4113,67,30.852,175.029,3
5180,1,2022,99,Daniel Suarez,Chv,16,4113,68,30.831,175.148,3
5180,1,2022,99,Daniel Suarez,Chv,16,4113,69,30.862,174.972,3
5180,1,2022,99,Daniel Suarez,Chv,16,4113,70,30.975,174.334,3
5180,1,2022,99,Daniel Suarez,Chv,16,4113,71,31.068,173.812,3
5180,1,2022,99,Daniel Suarez,Chv,16,4113,72,31.302,172.513,3
5180,1,2022,99,Daniel Suarez,Chv,16,4113,73,31.288,172.590,3
5180,1,2022,99,Daniel Suarez,Chv,16,4113,74,30.996,174.216,3
5180,1,2022,99,Daniel Suarez,Chv,16,4113,75,31.251,172.794,3
5180,1,2022,99,Daniel Suarez,Chv,16,4113,76,31.252,172.789,3
5180,1,2022,99,Daniel Suarez,Chv,16,4113,77,31.071,173.796,3
5180,1,2022,99,Daniel Suarez,Chv,16,4113,78,42.602,126.755,3
5180,1,2022,99,Daniel Suarez,Chv,16,4113,79,86.155,62.678,3
5180,1,2022,99,Daniel Suarez,Chv,16,4113,80,99.928,54.039,3
5180,1,2022,99,Daniel Suarez,Chv,16,4113,81,100.409,53.780,3
5180,1,2022,99,Daniel Suarez,Chv,16,4113,82,113.859,47.427,12
5180,1,2022,99,Daniel Suarez,Chv,16,4113,83,85.427,63.212,2
5180,1,2022,99,Daniel Suarez,Chv,16,4113,84,97.577,55.341,2
5180,1,2022,99,Daniel Suarez,Chv,16,4113,85,95.348,56.635,2
5180,1,2022,99,Daniel Suarez,Chv,16,4113,86,32.164,167.890,1
5180,1,2022,99,Daniel Suarez,Chv,16,4113,87,29.518,182.939,1
5180,1,2022,99,Daniel Suarez,Chv,16,4113,88,29.741,181.568,1
5180,1,2022,99,Daniel Suarez,Chv,16,4113,89,29.76,181.452,1
5180,1,2022,99,Daniel Suarez,Chv,16,4113,90,29.904,180.578,1
5180,1,2022,99,Daniel Suarez,Chv,16,4113,91,29.927,180.439,1
5180,1,2022,99,Daniel Suarez,Chv,16,4113,92,30.044,179.736,1
5180,1,2022,99,Daniel Suarez,Chv,16,4113,93,30.173,178.968,1
5180,1,2022,99,Daniel Suarez,Chv,16,4113,94,30.207,178.767,1
5180,1,2022,99,Daniel Suarez,Chv,16,4113,95,49.25,109.645,1
5180,1,2022,99,Daniel Suarez,Chv,16,4113,96,114.465,47.176,1
5180,1,2022,99,Daniel Suarez,Chv,16,4113,97,127.15,42.470,13
5180,1,2022,99,Daniel Suarez,Chv,16,4113,98,88.982,60.686,2
5180,1,2022,99,Daniel Suarez,Chv,16,4113,99,104.459,51.695,2
5180,1,2022,99,Daniel Suarez,Chv,16,4113,100,97.588,55.335,2
5180,1,2022,99,Daniel Suarez,Chv,16,4113,101,97.05,55.641,2
5180,1,2022,99,Daniel Suarez,Chv,16,4113,102,96.179,56.145,2
5180,1,2022,99,Daniel Suarez,Chv,16,4113,103,42.269,127.753,1
5180,1,2022,99,Daniel Suarez,Chv,16,4113,104,90.458,59.696,1
5180,1,2022,99,Daniel Suarez,Chv,16,4113,105,100.733,53.607,1
5180,1,2022,99,Daniel Suarez,Chv,16,4113,106,100.327,53.824,1
5180,1,2022,99,Daniel Suarez,Chv,16,4113,107,98.232,54.972,1
5180,1,2022,99,Daniel Suarez,Chv,16,4113,108,32.135,168.041,2
5180,1,2022,99,Daniel Suarez,Chv,16,4113,109,29.764,181.427,2
5180,1,2022,99,Daniel Suarez,Chv,16,4113,110,29.684,181.916,2
5180,1,2022,99,Daniel Suarez,Chv,16,4113,111,29.749,181.519,2
5180,1,2022,99,Daniel Suarez,Chv,16,4113,112,29.989,180.066,2
5180,1,2022,99,Daniel Suarez,Chv,16,4113,113,30.02,179.880,2
5180,1,2022,99,Daniel Suarez,Chv,16,4113,114,30.035,179.790,2
5180,1,2022,99,Daniel Suarez,Chv,16,4113,115,30.509,176.997,2
5180,1,2022,99,Daniel Suarez,Chv,16,4113,116,30.34,177.983,2
5180,1,2022,99,Daniel Suarez,Chv,16,4113,117,30.19,178.867,2
5180,1,2022,99,Daniel Suarez,Chv,16,4113,118,30.375,177.778,2
5180,1,2022,99,Daniel Suarez,Chv,16,4113,119,30.717,175.798,2
5180,1,2022,99,Daniel Suarez,Chv,16,4113,120,30.462,177.270,2
5180,1,2022,99,Daniel Suarez,Chv,16,4113,121,30.639,176.246,2
5180,1,2022,99,Daniel Suarez,Chv,16,4113,122,30.639,176.246,2
5180,1,2022,99,Daniel Suarez,Chv,16,4113,123,30.771,175.490,2
5180,1,2022,99,Daniel Suarez,Chv,16,4113,124,30.939,174.537,2
5180,1,2022,99,Daniel Suarez,Chv,16,4113,125,31.429,171.816,3
5180,1,2022,99,Daniel Suarez,Chv,16,4113,126,31.111,173.572,3
5180,1,2022,99,Daniel Suarez,Chv,16,4113,127,31.535,171.238,4
5180,1,2022,99,Daniel Suarez,Chv,16,4113,128,30.941,174.526,4
5180,1,2022,99,Daniel Suarez,Chv,16,4113,129,31.085,173.717,4
5180,1,2022,99,Daniel Suarez,Chv,16,4113,130,31.314,172.447,4
5180,1,2022,99,Daniel Suarez,Chv,16,4113,131,31.273,172.673,4
5180,1,2022,99,Daniel Suarez,Chv,16,4113,132,31.422,171.854,4
5180,1,2022,99,Daniel Suarez,Chv,16,4113,133,31.513,171.358,4
5180,1,2022,99,Daniel Suarez,Chv,16,4113,134,31.508,171.385,4
5180,1,2022,99,Daniel Suarez,Chv,16,4113,135,31.439,171.761,4
5180,1,2022,99,Daniel Suarez,Chv,16,4113,136,31.522,171.309,4
5180,1,2022,99,Daniel Suarez,Chv,16,4113,137,31.382,172.073,4
5180,1,2022,99,Daniel Suarez,Chv,16,4113,138,31.27,172.689,4
5180,1,2022,99,Daniel Suarez,Chv,16,4113,139,31.194,173.110,4
5180,1,2022,99,Daniel Suarez,Chv,16,4113,140,31.287,172.596,4
5180,1,2022,99,Daniel Suarez,Chv,16,4113,141,31.255,172.772,4
5180,1,2022,99,Daniel Suarez,Chv,16,4113,142,31.23,172.911,4
5180,1,2022,99,Daniel Suarez,Chv,16,4113,143,31.298,172.535,4
5180,1,2022,99,Daniel Suarez,Chv,16,4113,144,31.424,171.843,4
5180,1,2022,99,Daniel Suarez,Chv,16,4113,145,31.611,170.827,4
5180,1,2022,99,Daniel Suarez,Chv,16,4113,146,31.489,171.488,4
5180,1,2022,99,Daniel Suarez,Chv,16,4113,147,31.695,170.374,4
5180,1,2022,99,Daniel Suarez,Chv,16,4113,148,31.676,170.476,4
5180,1,2022,99,Daniel Suarez,Chv,16,4113,149,31.68,170.455,4
5180,1,2022,99,Daniel Suarez,Chv,16,4113,150,31.622,170.767,4
5180,1,2022,99,Daniel Suarez,Chv,16,4113,151,31.643,170.654,3
5180,1,2022,99,Daniel Suarez,Chv,16,4113,152,31.511,171.369,3
5180,1,2022,99,Daniel Suarez,Chv,16,4113,153,31.638,170.681,3
5180,1,2022,99,Daniel Suarez,Chv,16,4113,154,31.636,170.692,3
5180,1,2022,99,Daniel Suarez,Chv,16,4113,155,31.56,171.103,3
5180,1,2022,99,Daniel Suarez,Chv,16,4113,156,31.621,170.773,3
5180,1,2022,99,Daniel Suarez,Chv,16,4113,157,31.511,171.369,3
5180,1,2022,99,Daniel Suarez,Chv,16,4113,158,31.533,171.249,3
5180,1,2022,99,Daniel Suarez,Chv,16,4113,159,31.607,170.848,3
5180,1,2022,99,Daniel Suarez,Chv,16,4113,160,31.487,171.499,3
5180,1,2022,99,Daniel Suarez,Chv,16,4113,161,31.878,169.396,3
5180,1,2022,99,Daniel Suarez,Chv,16,4113,162,31.563,171.086,3
5180,1,2022,99,Daniel Suarez,Chv,16,4113,163,31.572,171.038,3
5180,1,2022,99,Daniel Suarez,Chv,16,4113,164,32.024,168.624,3
5180,1,2022,99,Daniel Suarez,Chv,16,4113,165,32.003,168.734,3
5180,1,2022,99,Daniel Suarez,Chv,16,4113,166,49.673,108.711,3
5180,1,2022,99,Daniel Suarez,Chv,16,4113,167,94.68,57.034,3
5180,1,2022,99,Daniel Suarez,Chv,16,4113,168,118.365,45.622,20
5180,1,2022,99,Daniel Suarez,Chv,16,4113,169,86.986,62.079,16
5180,1,2022,99,Daniel Suarez,Chv,16,4113,170,99.915,54.046,15
5180,1,2022,99,Daniel Suarez,Chv,16,4113,171,83.654,64.552,15
5180,1,2022,99,Daniel Suarez,Chv,16,4113,172,33.164,162.827,20
5180,1,2022,99,Daniel Suarez,Chv,16,4113,173,30.393,177.672,19
5180,1,2022,99,Daniel Suarez,Chv,16,4113,174,30.61,176.413,20
5180,1,2022,99,Daniel Suarez,Chv,16,4113,175,30.694,175.930,20
5180,1,2022,99,Daniel Suarez,Chv,16,4113,176,30.626,176.321,20
5180,1,2022,99,Daniel Suarez,Chv,16,4113,177,31.002,174.182,20
5180,1,2022,99,Daniel Suarez,Chv,16,4113,178,30.608,176.424,19
5180,1,2022,99,Daniel Suarez,Chv,16,4113,179,30.747,175.627,19
5180,1,2022,99,Daniel Suarez,Chv,16,4113,180,30.935,174.560,19
5180,1,2022,99,Daniel Suarez,Chv,16,4113,181,31.224,172.944,20
5180,1,2022,99,Daniel Suarez,Chv,16,4113,182,30.754,175.587,20
5180,1,2022,99,Daniel Suarez,Chv,16,4113,183,30.904,174.735,20
5180,1,2022,99,Daniel Suarez,Chv,16,4113,184,30.935,174.560,20
5180,1,2022,99,Daniel Suarez,Chv,16,4113,185,30.873,174.910,20
5180,1,2022,99,Daniel Suarez,Chv,16,4113,186,30.887,174.831,19
5180,1,2022,99,Daniel Suarez,Chv,16,4113,187,30.822,175.200,18
5180,1,2022,99,Daniel Suarez,Chv,16,4113,188,30.811,175.262,17
5180,1,2022,99,Daniel Suarez,Chv,16,4113,189,30.989,174.255,17
5180,1,2022,99,Daniel Suarez,Chv,16,4113,190,31.031,174.020,17
5180,1,2022,99,Daniel Suarez,Chv,16,4113,191,31.064,173.835,17
5180,1,2022,99,Daniel Suarez,Chv,16,4113,192,31.029,174.031,17
5180,1,2022,99,Daniel Suarez,Chv,16,4113,193,31.191,173.127,17
5180,1,2022,99,Daniel Suarez,Chv,16,4113,194,36.082,149.659,17
5180,1,2022,99,Daniel Suarez,Chv,16,4113,195,74.758,72.233,16
5180,1,2022,99,Daniel Suarez,Chv,16,4113,196,111.627,48.375,26
5180,1,2022,99,Daniel Suarez,Chv,16,4113,197,89.902,60.065,24
5180,1,2022,99,Daniel Suarez,Chv,16,4113,198,101.542,53.180,24
5180,1,2022,99,Daniel Suarez,Chv,16,4113,199,86.277,62.589,21
5180,1,2022,99,Daniel Suarez,Chv,16,4113,200,32.786,164.704,22
5180,1,2022,99,Daniel Suarez,Chv,16,4113,201,30.792,175.370,22
5180,1,2022,99,Daniel Suarez,Chv,16,4113,202,30.726,175.747,23
5180,1,2022,99,Daniel Suarez,Chv,16,4113,203,30.931,174.582,23
5180,1,2022,99,Daniel Suarez,Chv,16,4113,204,30.953,174.458,23
5180,1,2022,99,Daniel Suarez,Chv,16,4113,205,30.92,174.644,22
5180,1,2022,99,Daniel Suarez,Chv,16,4113,206,30.692,175.942,22
5180,1,2022,99,Daniel Suarez,Chv,16,4113,207,30.649,176.188,20
5180,1,2022,99,Daniel Suarez,Chv,16,4113,208,30.891,174.808,20
5180,1,2022,99,Daniel Suarez,Chv,16,4113,209,30.732,175.713,18
5180,1,2022,99,Daniel Suarez,Chv,16,4113,210,30.839,175.103,16
5180,1,2022,99,Daniel Suarez,Chv,16,4113,211,30.867,174.944,16
5180,1,2022,99,Daniel Suarez,Chv,16,4113,212,30.8,175.325,16
5180,1,2022,99,Daniel Suarez,Chv,16,4113,213,30.842,175.086,16
5180,1,2022,99,Daniel Suarez,Chv,16,4113,214,30.891,174.808,16
5180,1,2022,99,Daniel Suarez,Chv,16,4113,215,30.932,174.576,16
5180,1,2022,99,Daniel Suarez,Chv,16,4113,216,31.064,173.835,15
5180,1,2022,99,Daniel Suarez,Chv,16,4113,217,30.831,175.148,15
5180,1,2022,99,Daniel Suarez,Chv,16,4113,218,30.785,175.410,15
5180,1,2022,99,Daniel Suarez,Chv,16,4113,219,30.832,175.143,15
5180,1,2022,99,Daniel Suarez,Chv,16,4113,220,30.906,174.723,14
5180,1,2022,99,Daniel Suarez,Chv,16,4113,221,30.898,174.769,14
5180,1,2022,99,Daniel Suarez,Chv,16,4113,222,30.896,174.780,14
5180,1,2022,99,Daniel Suarez,Chv,16,4113,223,31.017,174.098,14
5180,1,2022,99,Daniel Suarez,Chv,16,4113,224,31.056,173.879,14
5180,1,2022,99,Daniel Suarez,Chv,16,4113,225,31.158,173.310,14
5180,1,2022,99,Daniel Suarez,Chv,16,4113,226,31.006,174.160,14
5180,1,2022,99,Daniel Suarez,Chv,16,4113,227,31.437,171.772,14
5180,1,2022,99,Daniel Suarez,Chv,16,4113,228,39.96,135.135,13
5180,1,2022,99,Daniel Suarez,Chv,16,4113,229,95.143,56.757,19
5180,1,2022,99,Daniel Suarez,Chv,16,4113,230,89.368,60.424,10
5180,1,2022,99,Daniel Suarez,Chv,16,4113,231,99.418,54.316,10
5180,1,2022,99,Daniel Suarez,Chv,16,4113,232,90.329,59.781,9
5180,1,2022,99,Daniel Suarez,Chv,16,4113,233,32.387,166.734,4
5180,1,2022,99,Daniel Suarez,Chv,16,4113,234,30.042,179.748,4
5180,1,2022,99,Daniel Suarez,Chv,16,4113,235,30.031,179.814,4
5180,1,2022,99,Daniel Suarez,Chv,16,4113,236,30.165,179.015,3
5180,1,2022,99,Daniel Suarez,Chv,16,4113,237,30.048,179.712,3
5180,1,2022,99,Daniel Suarez,Chv,16,4113,238,30.07,179.581,3
5180,1,2022,99,Daniel Suarez,Chv,16,4113,239,30.129,179.229,3
5180,1,2022,99,Daniel Suarez,Chv,16,4113,240,34.419,156.890,13
5180,1,2022,99,Daniel Suarez,Chv,16,4113,241,67.393,80.127,27
5180,1,2022,99,Daniel Suarez,Chv,16,4113,242,92.136,58.609,24
5180,1,2022,99,Daniel Suarez,Chv,16,4113,243,91.8,58.824,24
5180,1,2022,99,Daniel Suarez,Chv,16,4113,244,102.312,52.780,24
5180,1,2022,99,Daniel Suarez,Chv,16,4113,245,80.16,67.365,23
5180,1,2022,99,Daniel Suarez,Chv,16,4113,246,33.412,161.619,21
5180,1,2022,99,Daniel Suarez,Chv,16,4113,247,60.264,89.606,21
5180,1,2022,99,Daniel Suarez,Chv,16,4113,248,85.111,63.447,21
5180,1,2022,99,Daniel Suarez,Chv,16,4113,249,101.955,52.965,19
5180,1,2022,99,Daniel Suarez,Chv,16,4113,250,103.915,51.966,20
5180,1,2022,99,Daniel Suarez,Chv,16,4113,251,84.442,63.949,19
5180,1,2022,99,Daniel Suarez,Chv,16,4113,252,32.989,163.691,22
5180,1,2022,99,Daniel Suarez,Chv,16,4113,253,30.55,176.759,22
5180,1,2022,99,Daniel Suarez,Chv,16,4113,254,30.822,175.200,22
5180,1,2022,99,Daniel Suarez,Chv,16,4113,255,30.59,176.528,22
5180,1,2022,99,Daniel Suarez,Chv,16,4113,256,30.562,176.690,20
5180,1,2022,99,Daniel Suarez,Chv,16,4113,257,30.956,174.441,20
5180,1,2022,99,Daniel Suarez,Chv,16,4113,258,30.883,174.853,20
5180,1,2022,99,Daniel Suarez,Chv,16,4113,259,31.037,173.986,20
5180,1,2022,99,Daniel Suarez,Chv,16,4113,260,30.804,175.302,20
5180,1,2022,99,Daniel Suarez,Chv,16,4113,261,30.792,175.370,18
5180,1,2022,99,Daniel Suarez,Chv,16,4113,262,30.901,174.752,18
5180,1,2022,99,Daniel Suarez,Chv,16,4113,263,30.78,175.439,17
5180,1,2022,99,Daniel Suarez,Chv,16,4113,264,30.897,174.774,16
5180,1,2022,99,Daniel Suarez,Chv,16,4113,265,31.05,173.913,16
5180,1,2022,99,Daniel Suarez,Chv,16,4113,266,31.168,173.255,16
5180,1,2022,99,Daniel Suarez,Chv,16,4113,267,31.499,171.434,16
5180,1,2022,6,Brad Keselowski,Frd,17,1816,0,,,25
5180,1,2022,6,Brad Keselowski,Frd,17,1816,1,32.86,164.334,24
5180,1,2022,6,Brad Keselowski,Frd,17,1816,2,30.565,176.673,24
5180,1,2022,6,Brad Keselowski,Frd,17,1816,3,30.617,176.373,24
5180,1,2022,6,Brad Keselowski,Frd,17,1816,4,30.606,176.436,24
5180,1,2022,6,Brad Keselowski,Frd,17,1816,5,31.089,173.695,25
5180,1,2022,6,Brad Keselowski,Frd,17,1816,6,30.637,176.257,25
5180,1,2022,6,Brad Keselowski,Frd,17,1816,7,30.891,174.808,26
5180,1,2022,6,Brad Keselowski,Frd,17,1816,8,30.997,174.210,26
5180,1,2022,6,Brad Keselowski,Frd,17,1816,9,30.947,174.492,26
5180,1,2022,6,Brad Keselowski,Frd,17,1816,10,31.129,173.472,26
5180,1,2022,6,Brad Keselowski,Frd,17,1816,11,30.946,174.498,26
5180,1,2022,6,Brad Keselowski,Frd,17,1816,12,30.916,174.667,26
5180,1,2022,6,Brad Keselowski,Frd,17,1816,13,31.049,173.919,26
5180,1,2022,6,Brad Keselowski,Frd,17,1816,14,30.94,174.531,26
5180,1,2022,6,Brad Keselowski,Frd,17,1816,15,31.075,173.773,26
5180,1,2022,6,Brad Keselowski,Frd,17,1816,16,31.239,172.861,26
5180,1,2022,6,Brad Keselowski,Frd,17,1816,17,31.024,174.059,25
5180,1,2022,6,Brad Keselowski,Frd,17,1816,18,31.241,172.850,25
5180,1,2022,6,Brad Keselowski,Frd,17,1816,19,31.232,172.900,25
5180,1,2022,6,Brad Keselowski,Frd,17,1816,20,31.414,171.898,25
5180,1,2022,6,Brad Keselowski,Frd,17,1816,21,31.532,171.255,26
5180,1,2022,6,Brad Keselowski,Frd,17,1816,22,31.269,172.695,26
5180,1,2022,6,Brad Keselowski,Frd,17,1816,23,31.434,171.789,26
5180,1,2022,6,Brad Keselowski,Frd,17,1816,24,31.251,172.794,26
5180,1,2022,6,Brad Keselowski,Frd,17,1816,25,31.242,172.844,26
5180,1,2022,6,Brad Keselowski,Frd,17,1816,26,31.51,171.374,26
5180,1,2022,6,Brad Keselowski,Frd,17,1816,27,31.311,172.463,26
5180,1,2022,6,Brad Keselowski,Frd,17,1816,28,31.286,172.601,25
5180,1,2022,6,Brad Keselowski,Frd,17,1816,29,31.166,173.266,25
5180,1,2022,6,Brad Keselowski,Frd,17,1816,30,31.283,172.618,25
5180,1,2022,6,Brad Keselowski,Frd,17,1816,31,31.402,171.964,25
5180,1,2022,6,Brad Keselowski,Frd,17,1816,32,31.418,171.876,25
5180,1,2022,6,Brad Keselowski,Frd,17,1816,33,31.501,171.423,25
5180,1,2022,6,Brad Keselowski,Frd,17,1816,34,31.552,171.146,25
5180,1,2022,6,Brad Keselowski,Frd,17,1816,35,31.627,170.740,25
5180,1,2022,6,Brad Keselowski,Frd,17,1816,36,31.781,169.913,24
5180,1,2022,6,Brad Keselowski,Frd,17,1816,37,31.904,169.258,25
5180,1,2022,6,Brad Keselowski,Frd,17,1816,38,69.05,78.204,34
5180,1,2022,6,Brad Keselowski,Frd,17,1816,39,45.48,118.734,36
5180,1,2022,6,Brad Keselowski,Frd,17,1816,40,30.746,175.633,35
5180,1,2022,6,Brad Keselowski,Frd,17,1816,41,30.836,175.120,35
5180,1,2022,6,Brad Keselowski,Frd,17,1816,42,30.677,176.028,33
5180,1,2022,6,Brad Keselowski,Frd,17,1816,43,30.758,175.564,32
5180,1,2022,6,Brad Keselowski,Frd,17,1816,44,30.471,177.218,31
5180,1,2022,6,Brad Keselowski,Frd,17,1816,45,30.637,176.257,31
5180,1,2022,6,Brad Keselowski,Frd,17,1816,46,30.787,175.399,31
5180,1,2022,6,Brad Keselowski,Frd,17,1816,47,30.749,175.615,31
5180,1,2022,6,Brad Keselowski,Frd,17,1816,48,30.581,176.580,31
5180,1,2022,6,Brad Keselowski,Frd,17,1816,49,30.892,174.803,31
5180,1,2022,6,Brad Keselowski,Frd,17,1816,50,30.668,176.079,31
5180,1,2022,6,Brad Keselowski,Frd,17,1816,51,30.552,176.748,31
5180,1,2022,6,Brad Keselowski,Frd,17,1816,52,30.829,175.160,31
5180,1,2022,6,Brad Keselowski,Frd,17,1816,53,30.982,174.295,31
5180,1,2022,6,Brad Keselowski,Frd,17,1816,54,31.346,172.271,31
5180,1,2022,6,Brad Keselowski,Frd,17,1816,55,31.191,173.127,31
5180,1,2022,6,Brad Keselowski,Frd,17,1816,56,31.236,172.877,31
5180,1,2022,6,Brad Keselowski,Frd,17,1816,57,31.061,173.851,31
5180,1,2022,6,Brad Keselowski,Frd,17,1816,58,31.026,174.048,31
5180,1,2022,6,Brad Keselowski,Frd,17,1816,59,31.256,172.767,31
5180,1,2022,6,Brad Keselowski,Frd,17,1816,60,31.14,173.410,31
5180,1,2022,6,Brad Keselowski,Frd,17,1816,61,31.354,172.227,31
5180,1,2022,6,Brad Keselowski,Frd,17,1816,62,31.392,172.018,31
5180,1,2022,6,Brad Keselowski,Frd,17,1816,63,31.327,172.375,31
5180,1,2022,6,Brad Keselowski,Frd,17,1816,64,31.775,169.945,31
5180,1,2022,6,Brad Keselowski,Frd,17,1816,65,31.704,170.326,31
5180,1,2022,6,Brad Keselowski,Frd,17,1816,66,31.537,171.227,31
5180,1,2022,6,Brad Keselowski,Frd,17,1816,67,31.432,171.799,31
5180,1,2022,6,Brad Keselowski,Frd,17,1816,68,31.695,170.374,30
5180,1,2022,6,Brad Keselowski,Frd,17,1816,69,31.541,171.206,30
5180,1,2022,6,Brad Keselowski,Frd,17,1816,70,31.503,171.412,30
5180,1,2022,6,Brad Keselowski,Frd,17,1816,71,31.572,171.038,30
5180,1,2022,6,Brad Keselowski,Frd,17,1816,72,31.859,169.497,30
5180,1,2022,6,Brad Keselowski,Frd,17,1816,73,31.972,168.898,30
5180,1,2022,6,Brad Keselowski,Frd,17,1816,74,31.718,170.250,30
5180,1,2022,6,Brad Keselowski,Frd,17,1816,75,31.517,171.336,30
5180,1,2022,6,Brad Keselowski,Frd,17,1816,76,35.842,150.661,30
5180,1,2022,6,Brad Keselowski,Frd,17,1816,77,44.481,121.400,30
5180,1,2022,6,Brad Keselowski,Frd,17,1816,78,73.888,73.084,29
5180,1,2022,6,Brad Keselowski,Frd,17,1816,79,100.79,53.577,29
5180,1,2022,6,Brad Keselowski,Frd,17,1816,80,98.805,54.653,29
5180,1,2022,6,Brad Keselowski,Frd,17,1816,81,88.066,61.318,29
5180,1,2022,6,Brad Keselowski,Frd,17,1816,82,113.881,47.418,30
5180,1,2022,6,Brad Keselowski,Frd,17,1816,83,103.653,52.097,27
5180,1,2022,6,Brad Keselowski,Frd,17,1816,84,76.64,70.459,27
5180,1,2022,6,Brad Keselowski,Frd,17,1816,85,32.219,167.603,26
5180,1,2022,6,Brad Keselowski,Frd,17,1816,86,30.735,175.695,26
5180,1,2022,6,Brad Keselowski,Frd,17,1816,87,30.673,176.051,26
5180,1,2022,6,Brad Keselowski,Frd,17,1816,88,30.769,175.501,27
5180,1,2022,6,Brad Keselowski,Frd,17,1816,89,31.097,173.650,27
5180,1,2022,6,Brad Keselowski,Frd,17,1816,90,30.92,174.644,27
5180,1,2022,6,Brad Keselowski,Frd,17,1816,91,30.98,174.306,27
5180,1,2022,6,Brad Keselowski,Frd,17,1816,92,30.962,174.407,27
5180,1,2022,6,Brad Keselowski,Frd,17,1816,93,34.162,158.070,27
5180,1,2022,6,Brad Keselowski,Frd,17,1816,94,58.218,92.755,27
5180,1,2022,6,Brad Keselowski,Frd,17,1816,95,113.86,47.427,24
5180,1,2022,6,Brad Keselowski,Frd,17,1816,96,91.741,58.861,24
5180,1,2022,6,Brad Keselowski,Frd,17,1816,97,96.853,55.755,24
5180,1,2022,6,Brad Keselowski,Frd,17,1816,98,104.316,51.766,24
5180,1,2022,6,Brad Keselowski,Frd,17,1816,99,98.166,55.009,24
5180,1,2022,6,Brad Keselowski,Frd,17,1816,100,68.198,79.181,24
5180,1,2022,6,Brad Keselowski,Frd,17,1816,101,57.884,93.290,24
5180,1,2022,6,Brad Keselowski,Frd,17,1816,102,74.71,72.279,24
5180,1,2022,6,Brad Keselowski,Frd,17,1816,103,49.259,109.625,23
5180,1,2022,6,Brad Keselowski,Frd,17,1816,104,106.373,50.765,27
5180,1,2022,6,Brad Keselowski,Frd,17,1816,105,89.371,60.422,20
5180,1,2022,6,Brad Keselowski,Frd,17,1816,106,103.331,52.259,20
5180,1,2022,6,Brad Keselowski,Frd,17,1816,107,83.719,64.501,19
5180,1,2022,6,Brad Keselowski,Frd,17,1816,108,32.123,168.104,20
5180,1,2022,6,Brad Keselowski,Frd,17,1816,109,30.686,175.976,20
5180,1,2022,6,Brad Keselowski,Frd,17,1816,110,30.909,174.706,22
5180,1,2022,6,Brad Keselowski,Frd,17,1816,111,30.714,175.816,23
5180,1,2022,6,Brad Keselowski,Frd,17,1816,112,30.807,175.285,24
5180,1,2022,6,Brad Keselowski,Frd,17,1816,113,31.001,174.188,25
5180,1,2022,6,Brad Keselowski,Frd,17,1816,114,31.226,172.933,25
5180,1,2022,6,Brad Keselowski,Frd,17,1816,115,31.303,172.507,25
5180,1,2022,6,Brad Keselowski,Frd,17,1816,116,31.227,172.927,25
5180,1,2022,6,Brad Keselowski,Frd,17,1816,117,30.969,174.368,25
5180,1,2022,6,Brad Keselowski,Frd,17,1816,118,31.162,173.288,25
5180,1,2022,6,Brad Keselowski,Frd,17,1816,119,31.225,172.938,25
5180,1,2022,6,Brad Keselowski,Frd,17,1816,120,31.27,172.689,25
5180,1,2022,6,Brad Keselowski,Frd,17,1816,121,31.328,172.370,25
5180,1,2022,6,Brad Keselowski,Frd,17,1816,122,31.25,172.800,25
5180,1,2022,6,Brad Keselowski,Frd,17,1816,123,31.262,172.734,25
5180,1,2022,6,Brad Keselowski,Frd,17,1816,124,31.395,172.002,25
5180,1,2022,6,Brad Keselowski,Frd,17,1816,125,31.295,172.552,25
5180,1,2022,6,Brad Keselowski,Frd,17,1816,126,31.156,173.321,25
5180,1,2022,6,Brad Keselowski,Frd,17,1816,127,31.149,173.360,25
5180,1,2022,6,Brad Keselowski,Frd,17,1816,128,31.257,172.761,25
5180,1,2022,6,Brad Keselowski,Frd,17,1816,129,31.357,172.210,25
5180,1,2022,6,Brad Keselowski,Frd,17,1816,130,31.494,171.461,25
5180,1,2022,6,Brad Keselowski,Frd,17,1816,131,31.545,171.184,25
5180,1,2022,6,Brad Keselowski,Frd,17,1816,132,31.768,169.982,25
5180,1,2022,6,Brad Keselowski,Frd,17,1816,133,31.486,171.505,25
5180,1,2022,6,Brad Keselowski,Frd,17,1816,134,31.514,171.352,25
5180,1,2022,6,Brad Keselowski,Frd,17,1816,135,31.467,171.608,25
5180,1,2022,6,Brad Keselowski,Frd,17,1816,136,31.674,170.487,25
5180,1,2022,6,Brad Keselowski,Frd,17,1816,137,31.64,170.670,25
5180,1,2022,6,Brad Keselowski,Frd,17,1816,138,31.503,171.412,25
5180,1,2022,6,Brad Keselowski,Frd,17,1816,139,31.607,170.848,25
5180,1,2022,6,Brad Keselowski,Frd,17,1816,140,31.538,171.222,25
5180,1,2022,6,Brad Keselowski,Frd,17,1816,141,31.607,170.848,25
5180,1,2022,6,Brad Keselowski,Frd,17,1816,142,31.547,171.173,25
5180,1,2022,6,Brad Keselowski,Frd,17,1816,143,31.626,170.746,25
5180,1,2022,6,Brad Keselowski,Frd,17,1816,144,31.619,170.783,25
5180,1,2022,6,Brad Keselowski,Frd,17,1816,145,31.803,169.795,25
5180,1,2022,6,Brad Keselowski,Frd,17,1816,146,31.816,169.726,25
5180,1,2022,6,Brad Keselowski,Frd,17,1816,147,31.603,170.870,25
5180,1,2022,6,Brad Keselowski,Frd,17,1816,148,31.551,171.151,25
5180,1,2022,6,Brad Keselowski,Frd,17,1816,149,31.626,170.746,24
5180,1,2022,6,Brad Keselowski,Frd,17,1816,150,31.529,171.271,24
5180,1,2022,6,Brad Keselowski,Frd,17,1816,151,31.473,171.576,24
5180,1,2022,6,Brad Keselowski,Frd,17,1816,152,31.573,171.032,24
5180,1,2022,6,Brad Keselowski,Frd,17,1816,153,31.964,168.940,24
5180,1,2022,6,Brad Keselowski,Frd,17,1816,154,32.106,168.193,24
5180,1,2022,6,Brad Keselowski,Frd,17,1816,155,31.933,169.104,24
5180,1,2022,6,Brad Keselowski,Frd,17,1816,156,32.004,168.729,23
5180,1,2022,6,Brad Keselowski,Frd,17,1816,157,32.113,168.156,22
5180,1,2022,6,Brad Keselowski,Frd,17,1816,158,31.934,169.099,22
5180,1,2022,6,Brad Keselowski,Frd,17,1816,159,31.74,170.132,21
5180,1,2022,6,Brad Keselowski,Frd,17,1816,160,31.563,171.086,21
5180,1,2022,6,Brad Keselowski,Frd,17,1816,161,31.608,170.843,21
5180,1,2022,6,Brad Keselowski,Frd,17,1816,162,31.763,170.009,21
5180,1,2022,6,Brad Keselowski,Frd,17,1816,163,31.989,168.808,20
5180,1,2022,6,Brad Keselowski,Frd,17,1816,164,31.774,169.950,20
5180,1,2022,6,Brad Keselowski,Frd,17,1816,165,31.738,170.143,20
5180,1,2022,6,Brad Keselowski,Frd,17,1816,166,45.589,118.450,20
5180,1,2022,6,Brad Keselowski,Frd,17,1816,167,90.804,59.469,20
5180,1,2022,6,Brad Keselowski,Frd,17,1816,168,137.415,39.297,28
5180,1,2022,6,Brad Keselowski,Frd,17,1816,169,67.198,80.360,28
5180,1,2022,6,Brad Keselowski,Frd,17,1816,170,98.387,54.885,26
5180,1,2022,6,Brad Keselowski,Frd,17,1816,171,74.77,72.221,26
5180,1,2022,6,Brad Keselowski,Frd,17,1816,172,32.103,168.209,25
5180,1,2022,6,Brad Keselowski,Frd,17,1816,173,30.603,176.453,25
5180,1,2022,6,Brad Keselowski,Frd,17,1816,174,30.595,176.499,24
5180,1,2022,6,Brad Keselowski,Frd,17,1816,175,30.762,175.541,25
5180,1,2022,6,Brad Keselowski,Frd,17,1816,176,31.031,174.020,26
5180,1,2022,6,Brad Keselowski,Frd,17,1816,177,30.878,174.882,26
5180,1,2022,6,Brad Keselowski,Frd,17,1816,178,31.023,174.064,26
5180,1,2022,6,Brad Keselowski,Frd,17,1816,179,31.197,173.094,25
5180,1,2022,6,Brad Keselowski,Frd,17,1816,180,30.913,174.684,25
5180,1,2022,6,Brad Keselowski,Frd,17,1816,181,31.12,173.522,25
5180,1,2022,6,Brad Keselowski,Frd,17,1816,182,31.145,173.383,25
5180,1,2022,6,Brad Keselowski,Frd,17,1816,183,31.137,173.427,25
5180,1,2022,6,Brad Keselowski,Frd,17,1816,184,31.071,173.796,25
5180,1,2022,6,Brad Keselowski,Frd,17,1816,185,31.092,173.678,25
5180,1,2022,6,Brad Keselowski,Frd,17,1816,186,31.142,173.399,25
5180,1,2022,6,Brad Keselowski,Frd,17,1816,187,31.2,173.077,25
5180,1,2022,6,Brad Keselowski,Frd,17,1816,188,31.191,173.127,25
5180,1,2022,6,Brad Keselowski,Frd,17,1816,189,31.356,172.216,25
5180,1,2022,6,Brad Keselowski,Frd,17,1816,190,31.317,172.430,25
5180,1,2022,6,Brad Keselowski,Frd,17,1816,191,31.187,173.149,24
5180,1,2022,6,Brad Keselowski,Frd,17,1816,192,31.242,172.844,24
5180,1,2022,6,Brad Keselowski,Frd,17,1816,193,31.394,172.007,24
5180,1,2022,6,Brad Keselowski,Frd,17,1816,194,38.956,138.618,24
5180,1,2022,6,Brad Keselowski,Frd,17,1816,195,71.217,75.825,24
5180,1,2022,6,Brad Keselowski,Frd,17,1816,196,107.209,50.369,25
5180,1,2022,6,Brad Keselowski,Frd,17,1816,197,88.569,60.969,20
5180,1,2022,6,Brad Keselowski,Frd,17,1816,198,99.794,54.111,19
5180,1,2022,6,Brad Keselowski,Frd,17,1816,199,89.039,60.648,18
5180,1,2022,6,Brad Keselowski,Frd,17,1816,200,32.79,164.684,17
5180,1,2022,6,Brad Keselowski,Frd,17,1816,201,30.755,175.581,17
5180,1,2022,6,Brad Keselowski,Frd,17,1816,202,30.731,175.718,19
5180,1,2022,6,Brad Keselowski,Frd,17,1816,203,30.834,175.131,18
5180,1,2022,6,Brad Keselowski,Frd,17,1816,204,31.133,173.449,19
5180,1,2022,6,Brad Keselowski,Frd,17,1816,205,30.915,174.672,20
5180,1,2022,6,Brad Keselowski,Frd,17,1816,206,30.842,175.086,20
5180,1,2022,6,Brad Keselowski,Frd,17,1816,207,30.621,176.350,19
5180,1,2022,6,Brad Keselowski,Frd,17,1816,208,30.828,175.165,18
5180,1,2022,6,Brad Keselowski,Frd,17,1816,209,30.858,174.995,16
5180,1,2022,6,Brad Keselowski,Frd,17,1816,210,31.011,174.132,17
5180,1,2022,6,Brad Keselowski,Frd,17,1816,211,30.957,174.436,17
5180,1,2022,6,Brad Keselowski,Frd,17,1816,212,30.999,174.199,17
5180,1,2022,6,Brad Keselowski,Frd,17,1816,213,30.987,174.267,17
5180,1,2022,6,Brad Keselowski,Frd,17,1816,214,31.103,173.617,17
5180,1,2022,6,Brad Keselowski,Frd,17,1816,215,31.361,172.188,19
5180,1,2022,6,Brad Keselowski,Frd,17,1816,216,31.35,172.249,19
5180,1,2022,6,Brad Keselowski,Frd,17,1816,217,31.047,173.930,19
5180,1,2022,6,Brad Keselowski,Frd,17,1816,218,31.065,173.829,19
5180,1,2022,6,Brad Keselowski,Frd,17,1816,219,31.046,173.935,19
5180,1,2022,6,Brad Keselowski,Frd,17,1816,220,31.012,174.126,19
5180,1,2022,6,Brad Keselowski,Frd,17,1816,221,30.981,174.300,18
5180,1,2022,6,Brad Keselowski,Frd,17,1816,222,31.059,173.863,18
5180,1,2022,6,Brad Keselowski,Frd,17,1816,223,31.159,173.305,18
5180,1,2022,6,Brad Keselowski,Frd,17,1816,224,31.218,172.977,18
5180,1,2022,6,Brad Keselowski,Frd,17,1816,225,31.352,172.238,18
5180,1,2022,6,Brad Keselowski,Frd,17,1816,226,31.517,171.336,18
5180,1,2022,6,Brad Keselowski,Frd,17,1816,227,31.293,172.563,17
5180,1,2022,6,Brad Keselowski,Frd,17,1816,228,41.16,131.195,16
5180,1,2022,6,Brad Keselowski,Frd,17,1816,229,91.579,58.965,22
5180,1,2022,6,Brad Keselowski,Frd,17,1816,230,91.165,59.233,15
5180,1,2022,6,Brad Keselowski,Frd,17,1816,231,101.354,53.279,15
5180,1,2022,6,Brad Keselowski,Frd,17,1816,232,86.157,62.676,16
5180,1,2022,6,Brad Keselowski,Frd,17,1816,233,32.78,164.735,14
5180,1,2022,6,Brad Keselowski,Frd,17,1816,234,30.425,177.486,14
5180,1,2022,6,Brad Keselowski,Frd,17,1816,235,30.452,177.328,14
5180,1,2022,6,Brad Keselowski,Frd,17,1816,236,30.555,176.730,14
5180,1,2022,6,Brad Keselowski,Frd,17,1816,237,30.72,175.781,15
5180,1,2022,6,Brad Keselowski,Frd,17,1816,238,30.653,176.165,15
5180,1,2022,6,Brad Keselowski,Frd,17,1816,239,30.976,174.329,15
5180,1,2022,6,Brad Keselowski,Frd,17,1816,240,31.624,170.756,15
5180,1,2022,6,Brad Keselowski,Frd,17,1816,241,51.64,104.570,15
5180,1,2022,6,Brad Keselowski,Frd,17,1816,242,100.972,53.480,21
5180,1,2022,6,Brad Keselowski,Frd,17,1816,243,92.927,58.110,17
5180,1,2022,6,Brad Keselowski,Frd,17,1816,244,100.694,53.628,17
5180,1,2022,6,Brad Keselowski,Frd,17,1816,245,85.713,63.001,18
5180,1,2022,6,Brad Keselowski,Frd,17,1816,246,33.324,162.045,14
5180,1,2022,6,Brad Keselowski,Frd,17,1816,247,58.449,92.388,16
5180,1,2022,6,Brad Keselowski,Frd,17,1816,248,86.754,62.245,18
5180,1,2022,6,Brad Keselowski,Frd,17,1816,249,101.09,53.418,16
5180,1,2022,6,Brad Keselowski,Frd,17,1816,250,103.32,52.265,16
5180,1,2022,6,Brad Keselowski,Frd,17,1816,251,86.479,62.443,16
5180,1,2022,6,Brad Keselowski,Frd,17,1816,252,32.649,165.396,17
5180,1,2022,6,Brad Keselowski,Frd,17,1816,253,30.448,177.352,14
5180,1,2022,6,Brad Keselowski,Frd,17,1816,254,30.633,176.280,15
5180,1,2022,6,Brad Keselowski,Frd,17,1816,255,30.777,175.456,17
5180,1,2022,6,Brad Keselowski,Frd,17,1816,256,30.66,176.125,16
5180,1,2022,6,Brad Keselowski,Frd,17,1816,257,30.827,175.171,16
5180,1,2022,6,Brad Keselowski,Frd,17,1816,258,30.86,174.984,17
5180,1,2022,6,Brad Keselowski,Frd,17,1816,259,30.917,174.661,17
5180,1,2022,6,Brad Keselowski,Frd,17,1816,260,30.858,174.995,17
5180,1,2022,6,Brad Keselowski,Frd,17,1816,261,31.173,173.227,17
5180,1,2022,6,Brad Keselowski,Frd,17,1816,262,30.913,174.684,17
5180,1,2022,6,Brad Keselowski,Frd,17,1816,263,30.959,174.424,16
5180,1,2022,6,Brad Keselowski,Frd,17,1816,264,31.032,174.014,17
5180,1,2022,6,Brad Keselowski,Frd,17,1816,265,31.062,173.846,17
5180,1,2022,6,Brad Keselowski,Frd,17,1816,266,31.373,172.123,17
5180,1,2022,6,Brad Keselowski,Frd,17,1816,267,31.416,171.887,17
5180,1,2022,10,Aric Almirola,Frd,18,40,0,,,23
5180,1,2022,10,Aric Almirola,Frd,18,40,1,32.81,164.584,23
5180,1,2022,10,Aric Almirola,Frd,18,40,2,30.398,177.643,21
5180,1,2022,10,Aric Almirola,Frd,18,40,3,30.533,176.858,21
5180,1,2022,10,Aric Almirola,Frd,18,40,4,30.87,174.927,22
5180,1,2022,10,Aric Almirola,Frd,18,40,5,30.549,176.765,21
5180,1,2022,10,Aric Almirola,Frd,18,40,6,30.29,178.277,21
5180,1,2022,10,Aric Almirola,Frd,18,40,7,30.786,175.404,21
5180,1,2022,10,Aric Almirola,Frd,18,40,8,31.046,173.935,20
5180,1,2022,10,Aric Almirola,Frd,18,40,9,30.864,174.961,20
5180,1,2022,10,Aric Almirola,Frd,18,40,10,30.611,176.407,20
5180,1,2022,10,Aric Almirola,Frd,18,40,11,30.862,174.972,21
5180,1,2022,10,Aric Almirola,Frd,18,40,12,30.843,175.080,21
5180,1,2022,10,Aric Almirola,Frd,18,40,13,31.011,174.132,20
5180,1,2022,10,Aric Almirola,Frd,18,40,14,30.949,174.481,20
5180,1,2022,10,Aric Almirola,Frd,18,40,15,30.82,175.211,20
5180,1,2022,10,Aric Almirola,Frd,18,40,16,30.85,175.041,20
5180,1,2022,10,Aric Almirola,Frd,18,40,17,31.003,174.177,20
5180,1,2022,10,Aric Almirola,Frd,18,40,18,30.849,175.046,20
5180,1,2022,10,Aric Almirola,Frd,18,40,19,30.84,175.097,19
5180,1,2022,10,Aric Almirola,Frd,18,40,20,30.737,175.684,19
5180,1,2022,10,Aric Almirola,Frd,18,40,21,30.716,175.804,18
5180,1,2022,10,Aric Almirola,Frd,18,40,22,30.757,175.570,18
5180,1,2022,10,Aric Almirola,Frd,18,40,23,30.904,174.735,18
5180,1,2022,10,Aric Almirola,Frd,18,40,24,30.992,174.239,18
5180,1,2022,10,Aric Almirola,Frd,18,40,25,31.022,174.070,17
5180,1,2022,10,Aric Almirola,Frd,18,40,26,31.1,173.633,17
5180,1,2022,10,Aric Almirola,Frd,18,40,27,31.089,173.695,17
5180,1,2022,10,Aric Almirola,Frd,18,40,28,31.033,174.008,17
5180,1,2022,10,Aric Almirola,Frd,18,40,29,30.968,174.374,16
5180,1,2022,10,Aric Almirola,Frd,18,40,30,31.009,174.143,16
5180,1,2022,10,Aric Almirola,Frd,18,40,31,30.976,174.329,16
5180,1,2022,10,Aric Almirola,Frd,18,40,32,31.156,173.321,16
5180,1,2022,10,Aric Almirola,Frd,18,40,33,30.893,174.797,16
5180,1,2022,10,Aric Almirola,Frd,18,40,34,31.284,172.612,16
5180,1,2022,10,Aric Almirola,Frd,18,40,35,31.273,172.673,16
5180,1,2022,10,Aric Almirola,Frd,18,40,36,31.367,172.155,15
5180,1,2022,10,Aric Almirola,Frd,18,40,37,31.382,172.073,13
5180,1,2022,10,Aric Almirola,Frd,18,40,38,31.717,170.256,6
5180,1,2022,10,Aric Almirola,Frd,18,40,39,31.677,170.471,4
5180,1,2022,10,Aric Almirola,Frd,18,40,40,59.256,91.130,10
5180,1,2022,10,Aric Almirola,Frd,18,40,41,45.116,119.691,20
5180,1,2022,10,Aric Almirola,Frd,18,40,42,30.325,178.071,19
5180,1,2022,10,Aric Almirola,Frd,18,40,43,30.295,178.247,17
5180,1,2022,10,Aric Almirola,Frd,18,40,44,30.181,178.921,17
5180,1,2022,10,Aric Almirola,Frd,18,40,45,30.177,178.944,17
5180,1,2022,10,Aric Almirola,Frd,18,40,46,30.308,178.171,17
5180,1,2022,10,Aric Almirola,Frd,18,40,47,30.294,178.253,17
5180,1,2022,10,Aric Almirola,Frd,18,40,48,30.441,177.392,17
5180,1,2022,10,Aric Almirola,Frd,18,40,49,30.487,177.125,17
5180,1,2022,10,Aric Almirola,Frd,18,40,50,30.429,177.462,17
5180,1,2022,10,Aric Almirola,Frd,18,40,51,30.545,176.788,17
5180,1,2022,10,Aric Almirola,Frd,18,40,52,30.771,175.490,17
5180,1,2022,10,Aric Almirola,Frd,18,40,53,30.745,175.638,16
5180,1,2022,10,Aric Almirola,Frd,18,40,54,30.633,176.280,16
5180,1,2022,10,Aric Almirola,Frd,18,40,55,30.748,175.621,16
5180,1,2022,10,Aric Almirola,Frd,18,40,56,30.674,176.045,16
5180,1,2022,10,Aric Almirola,Frd,18,40,57,30.902,174.746,16
5180,1,2022,10,Aric Almirola,Frd,18,40,58,30.931,174.582,16
5180,1,2022,10,Aric Almirola,Frd,18,40,59,31.033,174.008,15
5180,1,2022,10,Aric Almirola,Frd,18,40,60,30.697,175.913,15
5180,1,2022,10,Aric Almirola,Frd,18,40,61,30.724,175.758,15
5180,1,2022,10,Aric Almirola,Frd,18,40,62,30.649,176.188,15
5180,1,2022,10,Aric Almirola,Frd,18,40,63,30.686,175.976,15
5180,1,2022,10,Aric Almirola,Frd,18,40,64,30.674,176.045,15
5180,1,2022,10,Aric Almirola,Frd,18,40,65,30.894,174.791,15
5180,1,2022,10,Aric Almirola,Frd,18,40,66,31.1,173.633,15
5180,1,2022,10,Aric Almirola,Frd,18,40,67,30.893,174.797,15
5180,1,2022,10,Aric Almirola,Frd,18,40,68,31.121,173.516,15
5180,1,2022,10,Aric Almirola,Frd,18,40,69,31.36,172.194,15
5180,1,2022,10,Aric Almirola,Frd,18,40,70,31.436,171.778,15
5180,1,2022,10,Aric Almirola,Frd,18,40,71,31.237,172.872,15
5180,1,2022,10,Aric Almirola,Frd,18,40,72,31.209,173.027,15
5180,1,2022,10,Aric Almirola,Frd,18,40,73,31.195,173.105,15
5180,1,2022,10,Aric Almirola,Frd,18,40,74,31.322,172.403,15
5180,1,2022,10,Aric Almirola,Frd,18,40,75,31.147,173.371,15
5180,1,2022,10,Aric Almirola,Frd,18,40,76,31.113,173.561,15
5180,1,2022,10,Aric Almirola,Frd,18,40,77,34.18,157.987,14
5180,1,2022,10,Aric Almirola,Frd,18,40,78,43.66,123.683,14
5180,1,2022,10,Aric Almirola,Frd,18,40,79,76.716,70.389,14
5180,1,2022,10,Aric Almirola,Frd,18,40,80,99.944,54.030,14
5180,1,2022,10,Aric Almirola,Frd,18,40,81,100.285,53.847,14
5180,1,2022,10,Aric Almirola,Frd,18,40,82,106.098,50.896,16
5180,1,2022,10,Aric Almirola,Frd,18,40,83,89.028,60.655,11
5180,1,2022,10,Aric Almirola,Frd,18,40,84,97.628,55.312,10
5180,1,2022,10,Aric Almirola,Frd,18,40,85,89.647,60.236,11
5180,1,2022,10,Aric Almirola,Frd,18,40,86,32.463,166.343,10
5180,1,2022,10,Aric Almirola,Frd,18,40,87,30.417,177.532,12
5180,1,2022,10,Aric Almirola,Frd,18,40,88,30.232,178.619,11
5180,1,2022,10,Aric Almirola,Frd,18,40,89,30.409,177.579,11
5180,1,2022,10,Aric Almirola,Frd,18,40,90,30.438,177.410,11
5180,1,2022,10,Aric Almirola,Frd,18,40,91,30.571,176.638,11
5180,1,2022,10,Aric Almirola,Frd,18,40,92,30.691,175.947,12
5180,1,2022,10,Aric Almirola,Frd,18,40,93,30.573,176.626,12
5180,1,2022,10,Aric Almirola,Frd,18,40,94,32.013,168.681,12
5180,1,2022,10,Aric Almirola,Frd,18,40,95,51.054,105.770,9
5180,1,2022,10,Aric Almirola,Frd,18,40,96,114.068,47.340,9
5180,1,2022,10,Aric Almirola,Frd,18,40,97,120.389,44.855,16
5180,1,2022,10,Aric Almirola,Frd,18,40,98,90.142,59.905,7
5180,1,2022,10,Aric Almirola,Frd,18,40,99,106.562,50.675,7
5180,1,2022,10,Aric Almirola,Frd,18,40,100,95.735,56.406,7
5180,1,2022,10,Aric Almirola,Frd,18,40,101,98.214,54.982,7
5180,1,2022,10,Aric Almirola,Frd,18,40,102,92.224,58.553,5
5180,1,2022,10,Aric Almirola,Frd,18,40,103,43.686,123.609,6
5180,1,2022,10,Aric Almirola,Frd,18,40,104,91.571,58.971,6
5180,1,2022,10,Aric Almirola,Frd,18,40,105,100.485,53.739,6
5180,1,2022,10,Aric Almirola,Frd,18,40,106,102.283,52.795,6
5180,1,2022,10,Aric Almirola,Frd,18,40,107,94.066,57.407,7
5180,1,2022,10,Aric Almirola,Frd,18,40,108,32.7,165.138,8
5180,1,2022,10,Aric Almirola,Frd,18,40,109,30.37,177.807,9
5180,1,2022,10,Aric Almirola,Frd,18,40,110,30.195,178.838,9
5180,1,2022,10,Aric Almirola,Frd,18,40,111,30.195,178.838,9
5180,1,2022,10,Aric Almirola,Frd,18,40,112,30.405,177.602,9
5180,1,2022,10,Aric Almirola,Frd,18,40,113,30.516,176.956,9
5180,1,2022,10,Aric Almirola,Frd,18,40,114,30.498,177.061,9
5180,1,2022,10,Aric Almirola,Frd,18,40,115,30.674,176.045,9
5180,1,2022,10,Aric Almirola,Frd,18,40,116,30.831,175.148,10
5180,1,2022,10,Aric Almirola,Frd,18,40,117,30.64,176.240,10
5180,1,2022,10,Aric Almirola,Frd,18,40,118,30.615,176.384,10
5180,1,2022,10,Aric Almirola,Frd,18,40,119,30.785,175.410,10
5180,1,2022,10,Aric Almirola,Frd,18,40,120,30.978,174.317,10
5180,1,2022,10,Aric Almirola,Frd,18,40,121,30.928,174.599,10
5180,1,2022,10,Aric Almirola,Frd,18,40,122,31.163,173.282,11
5180,1,2022,10,Aric Almirola,Frd,18,40,123,30.912,174.689,11
5180,1,2022,10,Aric Almirola,Frd,18,40,124,30.972,174.351,11
5180,1,2022,10,Aric Almirola,Frd,18,40,125,31.324,172.392,11
5180,1,2022,10,Aric Almirola,Frd,18,40,126,31.164,173.277,10
5180,1,2022,10,Aric Almirola,Frd,18,40,127,31.254,172.778,10
5180,1,2022,10,Aric Almirola,Frd,18,40,128,31.452,171.690,11
5180,1,2022,10,Aric Almirola,Frd,18,40,129,31.256,172.767,11
5180,1,2022,10,Aric Almirola,Frd,18,40,130,31.195,173.105,11
5180,1,2022,10,Aric Almirola,Frd,18,40,131,31.14,173.410,11
5180,1,2022,10,Aric Almirola,Frd,18,40,132,31.146,173.377,11
5180,1,2022,10,Aric Almirola,Frd,18,40,133,31.18,173.188,11
5180,1,2022,10,Aric Almirola,Frd,18,40,134,31.205,173.049,12
5180,1,2022,10,Aric Almirola,Frd,18,40,135,31.392,172.018,12
5180,1,2022,10,Aric Almirola,Frd,18,40,136,31.43,171.810,12
5180,1,2022,10,Aric Almirola,Frd,18,40,137,31.456,171.668,12
5180,1,2022,10,Aric Almirola,Frd,18,40,138,31.585,170.967,13
5180,1,2022,10,Aric Almirola,Frd,18,40,139,31.826,169.673,13
5180,1,2022,10,Aric Almirola,Frd,18,40,140,31.604,170.864,13
5180,1,2022,10,Aric Almirola,Frd,18,40,141,31.614,170.810,13
5180,1,2022,10,Aric Almirola,Frd,18,40,142,31.53,171.265,13
5180,1,2022,10,Aric Almirola,Frd,18,40,143,31.316,172.436,13
5180,1,2022,10,Aric Almirola,Frd,18,40,144,31.553,171.141,13
5180,1,2022,10,Aric Almirola,Frd,18,40,145,31.626,170.746,13
5180,1,2022,10,Aric Almirola,Frd,18,40,146,31.635,170.697,13
5180,1,2022,10,Aric Almirola,Frd,18,40,147,31.6,170.886,13
5180,1,2022,10,Aric Almirola,Frd,18,40,148,31.591,170.935,13
5180,1,2022,10,Aric Almirola,Frd,18,40,149,31.487,171.499,13
5180,1,2022,10,Aric Almirola,Frd,18,40,150,31.59,170.940,13
5180,1,2022,10,Aric Almirola,Frd,18,40,151,31.681,170.449,13
5180,1,2022,10,Aric Almirola,Frd,18,40,152,31.54,171.211,13
5180,1,2022,10,Aric Almirola,Frd,18,40,153,31.615,170.805,13
5180,1,2022,10,Aric Almirola,Frd,18,40,154,31.831,169.646,13
5180,1,2022,10,Aric Almirola,Frd,18,40,155,31.761,170.020,13
5180,1,2022,10,Aric Almirola,Frd,18,40,156,31.789,169.870,13
5180,1,2022,10,Aric Almirola,Frd,18,40,157,31.849,169.550,13
5180,1,2022,10,Aric Almirola,Frd,18,40,158,31.867,169.454,13
5180,1,2022,10,Aric Almirola,Frd,18,40,159,32.08,168.329,13
5180,1,2022,10,Aric Almirola,Frd,18,40,160,31.811,169.753,12
5180,1,2022,10,Aric Almirola,Frd,18,40,161,31.872,169.428,12
5180,1,2022,10,Aric Almirola,Frd,18,40,162,31.772,169.961,12
5180,1,2022,10,Aric Almirola,Frd,18,40,163,31.972,168.898,12
5180,1,2022,10,Aric Almirola,Frd,18,40,164,32.234,167.525,12
5180,1,2022,10,Aric Almirola,Frd,18,40,165,32.123,168.104,12
5180,1,2022,10,Aric Almirola,Frd,18,40,166,47.261,114.259,12
5180,1,2022,10,Aric Almirola,Frd,18,40,167,92.566,58.337,12
5180,1,2022,10,Aric Almirola,Frd,18,40,168,108.331,49.847,17
5180,1,2022,10,Aric Almirola,Frd,18,40,169,83.491,64.678,5
5180,1,2022,10,Aric Almirola,Frd,18,40,170,98.415,54.870,5
5180,1,2022,10,Aric Almirola,Frd,18,40,171,91.866,58.781,5
5180,1,2022,10,Aric Almirola,Frd,18,40,172,32.429,166.518,5
5180,1,2022,10,Aric Almirola,Frd,18,40,173,30.552,176.748,7
5180,1,2022,10,Aric Almirola,Frd,18,40,174,30.254,178.489,7
5180,1,2022,10,Aric Almirola,Frd,18,40,175,30.345,177.954,7
5180,1,2022,10,Aric Almirola,Frd,18,40,176,30.401,177.626,7
5180,1,2022,10,Aric Almirola,Frd,18,40,177,30.505,177.020,7
5180,1,2022,10,Aric Almirola,Frd,18,40,178,30.532,176.864,7
5180,1,2022,10,Aric Almirola,Frd,18,40,179,30.949,174.481,8
5180,1,2022,10,Aric Almirola,Frd,18,40,180,30.795,175.353,9
5180,1,2022,10,Aric Almirola,Frd,18,40,181,30.878,174.882,9
5180,1,2022,10,Aric Almirola,Frd,18,40,182,30.677,176.028,9
5180,1,2022,10,Aric Almirola,Frd,18,40,183,30.649,176.188,9
5180,1,2022,10,Aric Almirola,Frd,18,40,184,30.909,174.706,10
5180,1,2022,10,Aric Almirola,Frd,18,40,185,30.814,175.245,10
5180,1,2022,10,Aric Almirola,Frd,18,40,186,31.143,173.394,11
5180,1,2022,10,Aric Almirola,Frd,18,40,187,30.992,174.239,11
5180,1,2022,10,Aric Almirola,Frd,18,40,188,30.895,174.786,11
5180,1,2022,10,Aric Almirola,Frd,18,40,189,30.916,174.667,11
5180,1,2022,10,Aric Almirola,Frd,18,40,190,30.945,174.503,11
5180,1,2022,10,Aric Almirola,Frd,18,40,191,31.061,173.851,11
5180,1,2022,10,Aric Almirola,Frd,18,40,192,31.065,173.829,11
5180,1,2022,10,Aric Almirola,Frd,18,40,193,31.103,173.617,11
5180,1,2022,10,Aric Almirola,Frd,18,40,194,34.309,157.393,11
5180,1,2022,10,Aric Almirola,Frd,18,40,195,76.147,70.915,11
5180,1,2022,10,Aric Almirola,Frd,18,40,196,108.992,49.545,19
5180,1,2022,10,Aric Almirola,Frd,18,40,197,85.537,63.131,6
5180,1,2022,10,Aric Almirola,Frd,18,40,198,97.962,55.123,5
5180,1,2022,10,Aric Almirola,Frd,18,40,199,99.24,54.414,5
5180,1,2022,10,Aric Almirola,Frd,18,40,200,32.578,165.756,4
5180,1,2022,10,Aric Almirola,Frd,18,40,201,30.018,179.892,2
5180,1,2022,10,Aric Almirola,Frd,18,40,202,29.8,181.208,2
5180,1,2022,10,Aric Almirola,Frd,18,40,203,29.949,180.307,2
5180,1,2022,10,Aric Almirola,Frd,18,40,204,30.123,179.265,2
5180,1,2022,10,Aric Almirola,Frd,18,40,205,30.143,179.146,2
5180,1,2022,10,Aric Almirola,Frd,18,40,206,30.25,178.512,2
5180,1,2022,10,Aric Almirola,Frd,18,40,207,30.316,178.124,2
5180,1,2022,10,Aric Almirola,Frd,18,40,208,30.234,178.607,2
5180,1,2022,10,Aric Almirola,Frd,18,40,209,30.423,177.497,2
5180,1,2022,10,Aric Almirola,Frd,18,40,210,30.493,177.090,2
5180,1,2022,10,Aric Almirola,Frd,18,40,211,30.556,176.725,2
5180,1,2022,10,Aric Almirola,Frd,18,40,212,30.606,176.436,2
5180,1,2022,10,Aric Almirola,Frd,18,40,213,30.69,175.953,2
5180,1,2022,10,Aric Almirola,Frd,18,40,214,30.815,175.239,2
5180,1,2022,10,Aric Almirola,Frd,18,40,215,30.834,175.131,2
5180,1,2022,10,Aric Almirola,Frd,18,40,216,30.889,174.820,2
5180,1,2022,10,Aric Almirola,Frd,18,40,217,30.986,174.272,2
5180,1,2022,10,Aric Almirola,Frd,18,40,218,30.887,174.831,2
5180,1,2022,10,Aric Almirola,Frd,18,40,219,30.994,174.227,2
5180,1,2022,10,Aric Almirola,Frd,18,40,220,30.949,174.481,2
5180,1,2022,10,Aric Almirola,Frd,18,40,221,31.136,173.433,2
5180,1,2022,10,Aric Almirola,Frd,18,40,222,31.253,172.783,2
5180,1,2022,10,Aric Almirola,Frd,18,40,223,31.541,171.206,3
5180,1,2022,10,Aric Almirola,Frd,18,40,224,31.229,172.916,3
5180,1,2022,10,Aric Almirola,Frd,18,40,225,31.323,172.397,3
5180,1,2022,10,Aric Almirola,Frd,18,40,226,31.415,171.892,4
5180,1,2022,10,Aric Almirola,Frd,18,40,227,31.49,171.483,4
5180,1,2022,10,Aric Almirola,Frd,18,40,228,35.503,152.100,3
5180,1,2022,10,Aric Almirola,Frd,18,40,229,102.542,52.661,17
5180,1,2022,10,Aric Almirola,Frd,18,40,230,87.523,61.698,3
5180,1,2022,10,Aric Almirola,Frd,18,40,231,99.067,54.509,3
5180,1,2022,10,Aric Almirola,Frd,18,40,232,95.557,56.511,3
5180,1,2022,10,Aric Almirola,Frd,18,40,233,33.079,163.246,7
5180,1,2022,10,Aric Almirola,Frd,18,40,234,30.489,177.113,9
5180,1,2022,10,Aric Almirola,Frd,18,40,235,30.151,179.099,9
5180,1,2022,10,Aric Almirola,Frd,18,40,236,30.657,176.142,11
5180,1,2022,10,Aric Almirola,Frd,18,40,237,30.921,174.639,12
5180,1,2022,10,Aric Almirola,Frd,18,40,238,30.588,176.540,12
5180,1,2022,10,Aric Almirola,Frd,18,40,239,30.743,175.650,13
5180,1,2022,10,Aric Almirola,Frd,18,40,240,30.812,175.256,12
5180,1,2022,10,Aric Almirola,Frd,18,40,241,51.09,105.696,12
5180,1,2022,10,Aric Almirola,Frd,18,40,242,101.556,53.173,19
5180,1,2022,10,Aric Almirola,Frd,18,40,243,92.775,58.205,14
5180,1,2022,10,Aric Almirola,Frd,18,40,244,100.059,53.968,14
5180,1,2022,10,Aric Almirola,Frd,18,40,245,87.789,61.511,13
5180,1,2022,10,Aric Almirola,Frd,18,40,246,33.613,160.652,15
5180,1,2022,10,Aric Almirola,Frd,18,40,247,57.63,93.701,12
5180,1,2022,10,Aric Almirola,Frd,18,40,248,86.041,62.761,14
5180,1,2022,10,Aric Almirola,Frd,18,40,249,101.204,53.358,13
5180,1,2022,10,Aric Almirola,Frd,18,40,250,102.488,52.689,13
5180,1,2022,10,Aric Almirola,Frd,18,40,251,88.499,61.018,14
5180,1,2022,10,Aric Almirola,Frd,18,40,252,32.523,166.036,14
5180,1,2022,10,Aric Almirola,Frd,18,40,253,30.82,175.211,15
5180,1,2022,10,Aric Almirola,Frd,18,40,254,30.638,176.252,16
5180,1,2022,10,Aric Almirola,Frd,18,40,255,30.688,175.965,15
5180,1,2022,10,Aric Almirola,Frd,18,40,256,31.001,174.188,17
5180,1,2022,10,Aric Almirola,Frd,18,40,257,30.918,174.656,18
5180,1,2022,10,Aric Almirola,Frd,18,40,258,31.032,174.014,19
5180,1,2022,10,Aric Almirola,Frd,18,40,259,30.971,174.357,19
5180,1,2022,10,Aric Almirola,Frd,18,40,260,30.93,174.588,19
5180,1,2022,10,Aric Almirola,Frd,18,40,261,30.898,174.769,19
5180,1,2022,10,Aric Almirola,Frd,18,40,262,31.068,173.812,19
5180,1,2022,10,Aric Almirola,Frd,18,40,263,30.995,174.222,19
5180,1,2022,10,Aric Almirola,Frd,18,40,264,31.092,173.678,19
5180,1,2022,10,Aric Almirola,Frd,18,40,265,31.047,173.930,19
5180,1,2022,10,Aric Almirola,Frd,18,40,266,31.014,174.115,18
5180,1,2022,10,Aric Almirola,Frd,18,40,267,31.289,172.585,18
5180,1,2022,34,Michael McDowell,Frd,19,3832,0,,,15
5180,1,2022,34,Michael McDowell,Frd,19,3832,1,32.909,164.089,15
5180,1,2022,34,Michael McDowell,Frd,19,3832,2,30.503,177.032,16
5180,1,2022,34,Michael McDowell,Frd,19,3832,3,30.267,178.412,15
5180,1,2022,34,Michael McDowell,Frd,19,3832,4,30.241,178.566,15
5180,1,2022,34,Michael McDowell,Frd,19,3832,5,30.486,177.130,16
5180,1,2022,34,Michael McDowell,Frd,19,3832,6,31.038,173.980,17
5180,1,2022,34,Michael McDowell,Frd,19,3832,7,31.171,173.238,18
5180,1,2022,34,Michael McDowell,Frd,19,3832,8,30.871,174.921,18
5180,1,2022,34,Michael McDowell,Frd,19,3832,9,30.658,176.137,18
5180,1,2022,34,Michael McDowell,Frd,19,3832,10,30.626,176.321,18
5180,1,2022,34,Michael McDowell,Frd,19,3832,11,30.683,175.993,18
5180,1,2022,34,Michael McDowell,Frd,19,3832,12,30.966,174.385,18
5180,1,2022,34,Michael McDowell,Frd,19,3832,13,31.165,173.271,18
5180,1,2022,34,Michael McDowell,Frd,19,3832,14,31.072,173.790,19
5180,1,2022,34,Michael McDowell,Frd,19,3832,15,30.786,175.404,19
5180,1,2022,34,Michael McDowell,Frd,19,3832,16,30.999,174.199,19
5180,1,2022,34,Michael McDowell,Frd,19,3832,17,30.864,174.961,19
5180,1,2022,34,Michael McDowell,Frd,19,3832,18,30.913,174.684,18
5180,1,2022,34,Michael McDowell,Frd,19,3832,19,30.883,174.853,18
5180,1,2022,34,Michael McDowell,Frd,19,3832,20,31.008,174.149,18
5180,1,2022,34,Michael McDowell,Frd,19,3832,21,31.065,173.829,19
5180,1,2022,34,Michael McDowell,Frd,19,3832,22,31.112,173.566,19
5180,1,2022,34,Michael McDowell,Frd,19,3832,23,30.976,174.329,19
5180,1,2022,34,Michael McDowell,Frd,19,3832,24,31.016,174.104,19
5180,1,2022,34,Michael McDowell,Frd,19,3832,25,30.951,174.469,19
5180,1,2022,34,Michael McDowell,Frd,19,3832,26,31.069,173.807,19
5180,1,2022,34,Michael McDowell,Frd,19,3832,27,31.053,173.896,18
5180,1,2022,34,Michael McDowell,Frd,19,3832,28,31.048,173.924,18
5180,1,2022,34,Michael McDowell,Frd,19,3832,29,31.184,173.166,18
5180,1,2022,34,Michael McDowell,Frd,19,3832,30,31.345,172.276,18
5180,1,2022,34,Michael McDowell,Frd,19,3832,31,31.242,172.844,18
5180,1,2022,34,Michael McDowell,Frd,19,3832,32,31.305,172.496,18
5180,1,2022,34,Michael McDowell,Frd,19,3832,33,31.318,172.425,18
5180,1,2022,34,Michael McDowell,Frd,19,3832,34,31.434,171.789,19
5180,1,2022,34,Michael McDowell,Frd,19,3832,35,31.377,172.101,19
5180,1,2022,34,Michael McDowell,Frd,19,3832,36,31.311,172.463,18
5180,1,2022,34,Michael McDowell,Frd,19,3832,37,31.446,171.723,16
5180,1,2022,34,Michael McDowell,Frd,19,3832,38,31.336,172.326,10
5180,1,2022,34,Michael McDowell,Frd,19,3832,39,58.754,91.909,19
5180,1,2022,34,Michael McDowell,Frd,19,3832,40,45.442,118.833,25
5180,1,2022,34,Michael McDowell,Frd,19,3832,41,30.521,176.927,21
5180,1,2022,34,Michael McDowell,Frd,19,3832,42,30.668,176.079,20
5180,1,2022,34,Michael McDowell,Frd,19,3832,43,30.534,176.852,18
5180,1,2022,34,Michael McDowell,Frd,19,3832,44,30.413,177.556,18
5180,1,2022,34,Michael McDowell,Frd,19,3832,45,30.492,177.096,18
5180,1,2022,34,Michael McDowell,Frd,19,3832,46,30.417,177.532,18
5180,1,2022,34,Michael McDowell,Frd,19,3832,47,30.695,175.924,20
5180,1,2022,34,Michael McDowell,Frd,19,3832,48,30.65,176.183,20
5180,1,2022,34,Michael McDowell,Frd,19,3832,49,30.529,176.881,20
5180,1,2022,34,Michael McDowell,Frd,19,3832,50,30.399,177.637,20
5180,1,2022,34,Michael McDowell,Frd,19,3832,51,30.537,176.835,20
5180,1,2022,34,Michael McDowell,Frd,19,3832,52,30.565,176.673,20
5180,1,2022,34,Michael McDowell,Frd,19,3832,53,30.644,176.217,20
5180,1,2022,34,Michael McDowell,Frd,19,3832,54,30.744,175.644,20
5180,1,2022,34,Michael McDowell,Frd,19,3832,55,30.929,174.593,20
5180,1,2022,34,Michael McDowell,Frd,19,3832,56,30.736,175.690,20
5180,1,2022,34,Michael McDowell,Frd,19,3832,57,30.728,175.735,20
5180,1,2022,34,Michael McDowell,Frd,19,3832,58,30.809,175.273,20
5180,1,2022,34,Michael McDowell,Frd,19,3832,59,30.901,174.752,19
5180,1,2022,34,Michael McDowell,Frd,19,3832,60,30.898,174.769,19
5180,1,2022,34,Michael McDowell,Frd,19,3832,61,31.005,174.165,19
5180,1,2022,34,Michael McDowell,Frd,19,3832,62,31.061,173.851,19
5180,1,2022,34,Michael McDowell,Frd,19,3832,63,31.119,173.527,19
5180,1,2022,34,Michael McDowell,Frd,19,3832,64,31.212,173.010,19
5180,1,2022,34,Michael McDowell,Frd,19,3832,65,31.068,173.812,19
5180,1,2022,34,Michael McDowell,Frd,19,3832,66,31.12,173.522,19
5180,1,2022,34,Michael McDowell,Frd,19,3832,67,31.079,173.751,19
5180,1,2022,34,Michael McDowell,Frd,19,3832,68,31.014,174.115,19
5180,1,2022,34,Michael McDowell,Frd,19,3832,69,31.034,174.003,19
5180,1,2022,34,Michael McDowell,Frd,19,3832,70,31.162,173.288,19
5180,1,2022,34,Michael McDowell,Frd,19,3832,71,31.367,172.155,19
5180,1,2022,34,Michael McDowell,Frd,19,3832,72,31.377,172.101,19
5180,1,2022,34,Michael McDowell,Frd,19,3832,73,31.368,172.150,19
5180,1,2022,34,Michael McDowell,Frd,19,3832,74,31.315,172.441,19
5180,1,2022,34,Michael McDowell,Frd,19,3832,75,31.375,172.112,19
5180,1,2022,34,Michael McDowell,Frd,19,3832,76,31.654,170.595,19
5180,1,2022,34,Michael McDowell,Frd,19,3832,77,37.057,145.721,19
5180,1,2022,34,Michael McDowell,Frd,19,3832,78,44.993,120.019,18
5180,1,2022,34,Michael McDowell,Frd,19,3832,79,71.751,75.260,18
5180,1,2022,34,Michael McDowell,Frd,19,3832,80,100.522,53.720,18
5180,1,2022,34,Michael McDowell,Frd,19,3832,81,98.407,54.874,18
5180,1,2022,34,Michael McDowell,Frd,19,3832,82,105.733,51.072,19
5180,1,2022,34,Michael McDowell,Frd,19,3832,83,90.094,59.937,16
5180,1,2022,34,Michael McDowell,Frd,19,3832,84,97.995,55.105,15
5180,1,2022,34,Michael McDowell,Frd,19,3832,85,86.085,62.729,15
5180,1,2022,34,Michael McDowell,Frd,19,3832,86,32.463,166.343,14
5180,1,2022,34,Michael McDowell,Frd,19,3832,87,30.635,176.269,15
5180,1,2022,34,Michael McDowell,Frd,19,3832,88,30.423,177.497,16
5180,1,2022,34,Michael McDowell,Frd,19,3832,89,30.603,176.453,15
5180,1,2022,34,Michael McDowell,Frd,19,3832,90,30.447,177.357,15
5180,1,2022,34,Michael McDowell,Frd,19,3832,91,30.673,176.051,15
5180,1,2022,34,Michael McDowell,Frd,19,3832,92,30.654,176.160,15
5180,1,2022,34,Michael McDowell,Frd,19,3832,93,31.022,174.070,17
5180,1,2022,34,Michael McDowell,Frd,19,3832,94,32.789,164.689,18
5180,1,2022,34,Michael McDowell,Frd,19,3832,95,54.012,99.978,14
5180,1,2022,34,Michael McDowell,Frd,19,3832,96,114.209,47.282,14
5180,1,2022,34,Michael McDowell,Frd,19,3832,97,117.811,45.836,17
5180,1,2022,34,Michael McDowell,Frd,19,3832,98,90.279,59.815,11
5180,1,2022,34,Michael McDowell,Frd,19,3832,99,106.557,50.677,11
5180,1,2022,34,Michael McDowell,Frd,19,3832,100,94.652,57.051,11
5180,1,2022,34,Michael McDowell,Frd,19,3832,101,100.028,53.985,11
5180,1,2022,34,Michael McDowell,Frd,19,3832,102,89.153,60.570,11
5180,1,2022,34,Michael McDowell,Frd,19,3832,103,45.417,118.898,11
5180,1,2022,34,Michael McDowell,Frd,19,3832,104,92.336,58.482,11
5180,1,2022,34,Michael McDowell,Frd,19,3832,105,101.237,53.340,12
5180,1,2022,34,Michael McDowell,Frd,19,3832,106,103.12,52.366,12
5180,1,2022,34,Michael McDowell,Frd,19,3832,107,89.88,60.080,12
5180,1,2022,34,Michael McDowell,Frd,19,3832,108,32.611,165.588,12
5180,1,2022,34,Michael McDowell,Frd,19,3832,109,30.638,176.252,14
5180,1,2022,34,Michael McDowell,Frd,19,3832,110,30.276,178.359,14
5180,1,2022,34,Michael McDowell,Frd,19,3832,111,30.502,177.038,14
5180,1,2022,34,Michael McDowell,Frd,19,3832,112,30.608,176.424,13
5180,1,2022,34,Michael McDowell,Frd,19,3832,113,30.566,176.667,13
5180,1,2022,34,Michael McDowell,Frd,19,3832,114,30.712,175.827,13
5180,1,2022,34,Michael McDowell,Frd,19,3832,115,30.629,176.304,13
5180,1,2022,34,Michael McDowell,Frd,19,3832,116,30.667,176.085,13
5180,1,2022,34,Michael McDowell,Frd,19,3832,117,31.055,173.885,14
5180,1,2022,34,Michael McDowell,Frd,19,3832,118,30.764,175.530,14
5180,1,2022,34,Michael McDowell,Frd,19,3832,119,30.772,175.484,14
5180,1,2022,34,Michael McDowell,Frd,19,3832,120,30.803,175.308,14
5180,1,2022,34,Michael McDowell,Frd,19,3832,121,31.007,174.154,14
5180,1,2022,34,Michael McDowell,Frd,19,3832,122,31.134,173.444,14
5180,1,2022,34,Michael McDowell,Frd,19,3832,123,31.42,171.865,15
5180,1,2022,34,Michael McDowell,Frd,19,3832,124,31.207,173.038,15
5180,1,2022,34,Michael McDowell,Frd,19,3832,125,31.219,172.972,15
5180,1,2022,34,Michael McDowell,Frd,19,3832,126,31.427,171.827,15
5180,1,2022,34,Michael McDowell,Frd,19,3832,127,31.483,171.521,16
5180,1,2022,34,Michael McDowell,Frd,19,3832,128,31.216,172.988,16
5180,1,2022,34,Michael McDowell,Frd,19,3832,129,31.311,172.463,16
5180,1,2022,34,Michael McDowell,Frd,19,3832,130,31.255,172.772,16
5180,1,2022,34,Michael McDowell,Frd,19,3832,131,31.311,172.463,16
5180,1,2022,34,Michael McDowell,Frd,19,3832,132,31.282,172.623,16
5180,1,2022,34,Michael McDowell,Frd,19,3832,133,31.628,170.735,16
5180,1,2022,34,Michael McDowell,Frd,19,3832,134,31.643,170.654,16
5180,1,2022,34,Michael McDowell,Frd,19,3832,135,31.552,171.146,16
5180,1,2022,34,Michael McDowell,Frd,19,3832,136,31.382,172.073,16
5180,1,2022,34,Michael McDowell,Frd,19,3832,137,31.441,171.750,16
5180,1,2022,34,Michael McDowell,Frd,19,3832,138,31.551,171.151,16
5180,1,2022,34,Michael McDowell,Frd,19,3832,139,31.65,170.616,16
5180,1,2022,34,Michael McDowell,Frd,19,3832,140,31.529,171.271,16
5180,1,2022,34,Michael McDowell,Frd,19,3832,141,31.582,170.983,16
5180,1,2022,34,Michael McDowell,Frd,19,3832,142,31.556,171.124,16
5180,1,2022,34,Michael McDowell,Frd,19,3832,143,31.592,170.929,16
5180,1,2022,34,Michael McDowell,Frd,19,3832,144,31.722,170.229,17
5180,1,2022,34,Michael McDowell,Frd,19,3832,145,31.839,169.603,17
5180,1,2022,34,Michael McDowell,Frd,19,3832,146,31.728,170.197,17
5180,1,2022,34,Michael McDowell,Frd,19,3832,147,31.73,170.186,17
5180,1,2022,34,Michael McDowell,Frd,19,3832,148,31.78,169.918,17
5180,1,2022,34,Michael McDowell,Frd,19,3832,149,31.696,170.369,17
5180,1,2022,34,Michael McDowell,Frd,19,3832,150,31.728,170.197,17
5180,1,2022,34,Michael McDowell,Frd,19,3832,151,31.719,170.245,17
5180,1,2022,34,Michael McDowell,Frd,19,3832,152,31.825,169.678,17
5180,1,2022,34,Michael McDowell,Frd,19,3832,153,31.842,169.587,17
5180,1,2022,34,Michael McDowell,Frd,19,3832,154,31.851,169.539,16
5180,1,2022,34,Michael McDowell,Frd,19,3832,155,31.779,169.924,16
5180,1,2022,34,Michael McDowell,Frd,19,3832,156,31.804,169.790,16
5180,1,2022,34,Michael McDowell,Frd,19,3832,157,31.98,168.856,16
5180,1,2022,34,Michael McDowell,Frd,19,3832,158,31.902,169.268,16
5180,1,2022,34,Michael McDowell,Frd,19,3832,159,31.995,168.776,16
5180,1,2022,34,Michael McDowell,Frd,19,3832,160,31.862,169.481,16
5180,1,2022,34,Michael McDowell,Frd,19,3832,161,32.174,167.837,16
5180,1,2022,34,Michael McDowell,Frd,19,3832,162,31.761,170.020,16
5180,1,2022,34,Michael McDowell,Frd,19,3832,163,31.685,170.428,16
5180,1,2022,34,Michael McDowell,Frd,19,3832,164,31.905,169.252,16
5180,1,2022,34,Michael McDowell,Frd,19,3832,165,32.384,166.749,16
5180,1,2022,34,Michael McDowell,Frd,19,3832,166,47.175,114.467,16
5180,1,2022,34,Michael McDowell,Frd,19,3832,167,90.665,59.560,16
5180,1,2022,34,Michael McDowell,Frd,19,3832,168,110.365,48.929,22
5180,1,2022,34,Michael McDowell,Frd,19,3832,169,89.059,60.634,21
5180,1,2022,34,Michael McDowell,Frd,19,3832,170,99.427,54.311,19
5180,1,2022,34,Michael McDowell,Frd,19,3832,171,80.607,66.992,19
5180,1,2022,34,Michael McDowell,Frd,19,3832,172,32.281,167.281,16
5180,1,2022,34,Michael McDowell,Frd,19,3832,173,30.511,176.985,17
5180,1,2022,34,Michael McDowell,Frd,19,3832,174,30.678,176.022,18
5180,1,2022,34,Michael McDowell,Frd,19,3832,175,30.661,176.120,18
5180,1,2022,34,Michael McDowell,Frd,19,3832,176,30.615,176.384,18
5180,1,2022,34,Michael McDowell,Frd,19,3832,177,30.946,174.498,18
5180,1,2022,34,Michael McDowell,Frd,19,3832,178,31.053,173.896,20
5180,1,2022,34,Michael McDowell,Frd,19,3832,179,31.014,174.115,20
5180,1,2022,34,Michael McDowell,Frd,19,3832,180,30.802,175.313,20
5180,1,2022,34,Michael McDowell,Frd,19,3832,181,31.252,172.789,21
5180,1,2022,34,Michael McDowell,Frd,19,3832,182,31.001,174.188,21
5180,1,2022,34,Michael McDowell,Frd,19,3832,183,30.968,174.374,21
5180,1,2022,34,Michael McDowell,Frd,19,3832,184,31.26,172.745,21
5180,1,2022,34,Michael McDowell,Frd,19,3832,185,30.974,174.340,21
5180,1,2022,34,Michael McDowell,Frd,19,3832,186,30.969,174.368,21
5180,1,2022,34,Michael McDowell,Frd,19,3832,187,31.041,173.963,21
5180,1,2022,34,Michael McDowell,Frd,19,3832,188,31.2,173.077,21
5180,1,2022,34,Michael McDowell,Frd,19,3832,189,31.119,173.527,21
5180,1,2022,34,Michael McDowell,Frd,19,3832,190,31.333,172.342,21
5180,1,2022,34,Michael McDowell,Frd,19,3832,191,31.297,172.540,21
5180,1,2022,34,Michael McDowell,Frd,19,3832,192,31.289,172.585,21
5180,1,2022,34,Michael McDowell,Frd,19,3832,193,31.368,172.150,21
5180,1,2022,34,Michael McDowell,Frd,19,3832,194,36.38,148.433,21
5180,1,2022,34,Michael McDowell,Frd,19,3832,195,74.257,72.720,21
5180,1,2022,34,Michael McDowell,Frd,19,3832,196,108.712,49.673,24
5180,1,2022,34,Michael McDowell,Frd,19,3832,197,89.222,60.523,21
5180,1,2022,34,Michael McDowell,Frd,19,3832,198,100.466,53.750,21
5180,1,2022,34,Michael McDowell,Frd,19,3832,199,88.088,61.302,19
5180,1,2022,34,Michael McDowell,Frd,19,3832,200,32.804,164.614,19
5180,1,2022,34,Michael McDowell,Frd,19,3832,201,30.673,176.051,19
5180,1,2022,34,Michael McDowell,Frd,19,3832,202,30.835,175.126,21
5180,1,2022,34,Michael McDowell,Frd,19,3832,203,30.851,175.035,20
5180,1,2022,34,Michael McDowell,Frd,19,3832,204,30.958,174.430,20
5180,1,2022,34,Michael McDowell,Frd,19,3832,205,30.704,175.873,19
5180,1,2022,34,Michael McDowell,Frd,19,3832,206,30.721,175.776,19
5180,1,2022,34,Michael McDowell,Frd,19,3832,207,30.875,174.899,18
5180,1,2022,34,Michael McDowell,Frd,19,3832,208,31.077,173.762,19
5180,1,2022,34,Michael McDowell,Frd,19,3832,209,31.171,173.238,20
5180,1,2022,34,Michael McDowell,Frd,19,3832,210,31.279,172.640,21
5180,1,2022,34,Michael McDowell,Frd,19,3832,211,31.449,171.707,22
5180,1,2022,34,Michael McDowell,Frd,19,3832,212,31.139,173.416,22
5180,1,2022,34,Michael McDowell,Frd,19,3832,213,31.283,172.618,22
5180,1,2022,34,Michael McDowell,Frd,19,3832,214,31.272,172.678,23
5180,1,2022,34,Michael McDowell,Frd,19,3832,215,31.42,171.865,23
5180,1,2022,34,Michael McDowell,Frd,19,3832,216,31.367,172.155,23
5180,1,2022,34,Michael McDowell,Frd,19,3832,217,31.489,171.488,23
5180,1,2022,34,Michael McDowell,Frd,19,3832,218,31.415,171.892,24
5180,1,2022,34,Michael McDowell,Frd,19,3832,219,31.266,172.712,24
5180,1,2022,34,Michael McDowell,Frd,19,3832,220,31.25,172.800,24
5180,1,2022,34,Michael McDowell,Frd,19,3832,221,31.344,172.282,24
5180,1,2022,34,Michael McDowell,Frd,19,3832,222,31.437,171.772,24
5180,1,2022,34,Michael McDowell,Frd,19,3832,223,31.441,171.750,24
5180,1,2022,34,Michael McDowell,Frd,19,3832,224,31.571,171.043,24
5180,1,2022,34,Michael McDowell,Frd,19,3832,225,31.596,170.908,24
5180,1,2022,34,Michael McDowell,Frd,19,3832,226,31.423,171.849,24
5180,1,2022,34,Michael McDowell,Frd,19,3832,227,31.589,170.946,24
5180,1,2022,34,Michael McDowell,Frd,19,3832,228,44.514,121.310,23
5180,1,2022,34,Michael McDowell,Frd,19,3832,229,86.565,62.381,26
5180,1,2022,34,Michael McDowell,Frd,19,3832,230,91.989,58.703,21
5180,1,2022,34,Michael McDowell,Frd,19,3832,231,102.845,52.506,21
5180,1,2022,34,Michael McDowell,Frd,19,3832,232,81.004,66.663,23
5180,1,2022,34,Michael McDowell,Frd,19,3832,233,32.914,164.064,22
5180,1,2022,34,Michael McDowell,Frd,19,3832,234,30.845,175.069,23
5180,1,2022,34,Michael McDowell,Frd,19,3832,235,30.876,174.893,22
5180,1,2022,34,Michael McDowell,Frd,19,3832,236,30.971,174.357,24
5180,1,2022,34,Michael McDowell,Frd,19,3832,237,31.049,173.919,23
5180,1,2022,34,Michael McDowell,Frd,19,3832,238,30.831,175.148,23
5180,1,2022,34,Michael McDowell,Frd,19,3832,239,31.156,173.321,23
5180,1,2022,34,Michael McDowell,Frd,19,3832,240,32.075,168.355,21
5180,1,2022,34,Michael McDowell,Frd,19,3832,241,52.435,102.985,21
5180,1,2022,34,Michael McDowell,Frd,19,3832,242,100.693,53.628,23
5180,1,2022,34,Michael McDowell,Frd,19,3832,243,91.88,58.772,21
5180,1,2022,34,Michael McDowell,Frd,19,3832,244,101.572,53.164,21
5180,1,2022,34,Michael McDowell,Frd,19,3832,245,82.609,65.368,22
5180,1,2022,34,Michael McDowell,Frd,19,3832,246,33.414,161.609,20
5180,1,2022,34,Michael McDowell,Frd,19,3832,247,59.773,90.342,19
5180,1,2022,34,Michael McDowell,Frd,19,3832,248,85.342,63.275,19
5180,1,2022,34,Michael McDowell,Frd,19,3832,249,102.009,52.937,18
5180,1,2022,34,Michael McDowell,Frd,19,3832,250,103.506,52.171,18
5180,1,2022,34,Michael McDowell,Frd,19,3832,251,85.208,63.374,18
5180,1,2022,34,Michael McDowell,Frd,19,3832,252,32.209,167.655,15
5180,1,2022,34,Michael McDowell,Frd,19,3832,253,30.971,174.357,16
5180,1,2022,34,Michael McDowell,Frd,19,3832,254,30.371,177.801,14
5180,1,2022,34,Michael McDowell,Frd,19,3832,255,30.396,177.655,14
5180,1,2022,34,Michael McDowell,Frd,19,3832,256,30.631,176.292,14
5180,1,2022,34,Michael McDowell,Frd,19,3832,257,30.946,174.498,14
5180,1,2022,34,Michael McDowell,Frd,19,3832,258,30.862,174.972,15
5180,1,2022,34,Michael McDowell,Frd,19,3832,259,31.075,173.773,16
5180,1,2022,34,Michael McDowell,Frd,19,3832,260,30.984,174.284,16
5180,1,2022,34,Michael McDowell,Frd,19,3832,261,31.037,173.986,16
5180,1,2022,34,Michael McDowell,Frd,19,3832,262,31.063,173.840,16
5180,1,2022,34,Michael McDowell,Frd,19,3832,263,31.36,172.194,18
5180,1,2022,34,Michael McDowell,Frd,19,3832,264,31.028,174.036,18
5180,1,2022,34,Michael McDowell,Frd,19,3832,265,31.292,172.568,18
5180,1,2022,34,Michael McDowell,Frd,19,3832,266,31.399,171.980,19
5180,1,2022,34,Michael McDowell,Frd,19,3832,267,31.239,172.861,19
5180,1,2022,41,Cole Custer,Frd,20,4104,0,,,24
5180,1,2022,41,Cole Custer,Frd,20,4104,1,33.091,163.186,25
5180,1,2022,41,Cole Custer,Frd,20,4104,2,30.554,176.736,25
5180,1,2022,41,Cole Custer,Frd,20,4104,3,30.719,175.787,26
5180,1,2022,41,Cole Custer,Frd,20,4104,4,31.22,172.966,30
5180,1,2022,41,Cole Custer,Frd,20,4104,5,30.898,174.769,31
5180,1,2022,41,Cole Custer,Frd,20,4104,6,30.937,174.548,31
5180,1,2022,41,Cole Custer,Frd,20,4104,7,30.972,174.351,31
5180,1,2022,41,Cole Custer,Frd,20,4104,8,31.126,173.488,31
5180,1,2022,41,Cole Custer,Frd,20,4104,9,31.342,172.293,32
5180,1,2022,41,Cole Custer,Frd,20,4104,10,31.128,173.477,32
5180,1,2022,41,Cole Custer,Frd,20,4104,11,31.1,173.633,32
5180,1,2022,41,Cole Custer,Frd,20,4104,12,31.097,173.650,32
5180,1,2022,41,Cole Custer,Frd,20,4104,13,31.064,173.835,32
5180,1,2022,41,Cole Custer,Frd,20,4104,14,31.122,173.511,32
5180,1,2022,41,Cole Custer,Frd,20,4104,15,31.197,173.094,32
5180,1,2022,41,Cole Custer,Frd,20,4104,16,31.341,172.298,32
5180,1,2022,41,Cole Custer,Frd,20,4104,17,31.658,170.573,33
5180,1,2022,41,Cole Custer,Frd,20,4104,18,31.571,171.043,33
5180,1,2022,41,Cole Custer,Frd,20,4104,19,31.351,172.243,32
5180,1,2022,41,Cole Custer,Frd,20,4104,20,31.216,172.988,32
5180,1,2022,41,Cole Custer,Frd,20,4104,21,31.447,171.717,32
5180,1,2022,41,Cole Custer,Frd,20,4104,22,31.402,171.964,31
5180,1,2022,41,Cole Custer,Frd,20,4104,23,31.241,172.850,31
5180,1,2022,41,Cole Custer,Frd,20,4104,24,31.249,172.806,31
5180,1,2022,41,Cole Custer,Frd,20,4104,25,31.252,172.789,31
5180,1,2022,41,Cole Custer,Frd,20,4104,26,31.329,172.364,31
5180,1,2022,41,Cole Custer,Frd,20,4104,27,31.397,171.991,31
5180,1,2022,41,Cole Custer,Frd,20,4104,28,31.573,171.032,31
5180,1,2022,41,Cole Custer,Frd,20,4104,29,31.336,172.326,31
5180,1,2022,41,Cole Custer,Frd,20,4104,30,31.417,171.881,31
5180,1,2022,41,Cole Custer,Frd,20,4104,31,31.516,171.342,31
5180,1,2022,41,Cole Custer,Frd,20,4104,32,31.8,169.811,31
5180,1,2022,41,Cole Custer,Frd,20,4104,33,32.079,168.334,32
5180,1,2022,41,Cole Custer,Frd,20,4104,34,59.931,90.104,36
5180,1,2022,41,Cole Custer,Frd,20,4104,35,45.909,117.624,36
5180,1,2022,41,Cole Custer,Frd,20,4104,36,30.8,175.325,36
5180,1,2022,41,Cole Custer,Frd,20,4104,37,30.675,176.039,36
5180,1,2022,41,Cole Custer,Frd,20,4104,38,30.466,177.247,36
5180,1,2022,41,Cole Custer,Frd,20,4104,39,30.496,177.072,35
5180,1,2022,41,Cole Custer,Frd,20,4104,40,30.514,176.968,32
5180,1,2022,41,Cole Custer,Frd,20,4104,41,30.973,174.345,31
5180,1,2022,41,Cole Custer,Frd,20,4104,42,30.77,175.496,29
5180,1,2022,41,Cole Custer,Frd,20,4104,43,30.715,175.810,28
5180,1,2022,41,Cole Custer,Frd,20,4104,44,30.61,176.413,28
5180,1,2022,41,Cole Custer,Frd,20,4104,45,30.606,176.436,28
5180,1,2022,41,Cole Custer,Frd,20,4104,46,30.696,175.919,28
5180,1,2022,41,Cole Custer,Frd,20,4104,47,30.661,176.120,28
5180,1,2022,41,Cole Custer,Frd,20,4104,48,30.7,175.896,28
5180,1,2022,41,Cole Custer,Frd,20,4104,49,30.726,175.747,28
5180,1,2022,41,Cole Custer,Frd,20,4104,50,30.801,175.319,28
5180,1,2022,41,Cole Custer,Frd,20,4104,51,30.856,175.006,28
5180,1,2022,41,Cole Custer,Frd,20,4104,52,30.798,175.336,28
5180,1,2022,41,Cole Custer,Frd,20,4104,53,30.957,174.436,28
5180,1,2022,41,Cole Custer,Frd,20,4104,54,31.085,173.717,28
5180,1,2022,41,Cole Custer,Frd,20,4104,55,31.306,172.491,28
5180,1,2022,41,Cole Custer,Frd,20,4104,56,31.169,173.249,28
5180,1,2022,41,Cole Custer,Frd,20,4104,57,31.267,172.706,28
5180,1,2022,41,Cole Custer,Frd,20,4104,58,31.282,172.623,28
5180,1,2022,41,Cole Custer,Frd,20,4104,59,31.942,169.056,29
5180,1,2022,41,Cole Custer,Frd,20,4104,60,31.483,171.521,29
5180,1,2022,41,Cole Custer,Frd,20,4104,61,31.569,171.054,29
5180,1,2022,41,Cole Custer,Frd,20,4104,62,31.517,171.336,29
5180,1,2022,41,Cole Custer,Frd,20,4104,63,31.435,171.783,29
5180,1,2022,41,Cole Custer,Frd,20,4104,64,31.382,172.073,29
5180,1,2022,41,Cole Custer,Frd,20,4104,65,31.445,171.728,29
5180,1,2022,41,Cole Custer,Frd,20,4104,66,31.801,169.806,29
5180,1,2022,41,Cole Custer,Frd,20,4104,67,31.715,170.266,29
5180,1,2022,41,Cole Custer,Frd,20,4104,68,31.495,171.456,29
5180,1,2022,41,Cole Custer,Frd,20,4104,69,31.487,171.499,29
5180,1,2022,41,Cole Custer,Frd,20,4104,70,31.418,171.876,29
5180,1,2022,41,Cole Custer,Frd,20,4104,71,31.829,169.657,29
5180,1,2022,41,Cole Custer,Frd,20,4104,72,31.998,168.761,29
5180,1,2022,41,Cole Custer,Frd,20,4104,73,31.557,171.119,29
5180,1,2022,41,Cole Custer,Frd,20,4104,74,31.634,170.702,29
5180,1,2022,41,Cole Custer,Frd,20,4104,75,31.578,171.005,29
5180,1,2022,41,Cole Custer,Frd,20,4104,76,34.358,157.169,28
5180,1,2022,41,Cole Custer,Frd,20,4104,77,44.02,122.672,28
5180,1,2022,41,Cole Custer,Frd,20,4104,78,78.428,68.853,27
5180,1,2022,41,Cole Custer,Frd,20,4104,79,100.118,53.936,27
5180,1,2022,41,Cole Custer,Frd,20,4104,80,100.503,53.730,27
5180,1,2022,41,Cole Custer,Frd,20,4104,81,90.773,59.489,27
5180,1,2022,41,Cole Custer,Frd,20,4104,82,115.249,46.855,32
5180,1,2022,41,Cole Custer,Frd,20,4104,83,103.856,51.995,28
5180,1,2022,41,Cole Custer,Frd,20,4104,84,76.022,71.032,28
5180,1,2022,41,Cole Custer,Frd,20,4104,85,32.652,165.380,29
5180,1,2022,41,Cole Custer,Frd,20,4104,86,30.816,175.234,30
5180,1,2022,41,Cole Custer,Frd,20,4104,87,30.758,175.564,30
5180,1,2022,41,Cole Custer,Frd,20,4104,88,30.986,174.272,30
5180,1,2022,41,Cole Custer,Frd,20,4104,89,31.018,174.092,30
5180,1,2022,41,Cole Custer,Frd,20,4104,90,30.933,174.571,30
5180,1,2022,41,Cole Custer,Frd,20,4104,91,31.249,172.806,30
5180,1,2022,41,Cole Custer,Frd,20,4104,92,31.236,172.877,31
5180,1,2022,41,Cole Custer,Frd,20,4104,93,35.154,153.610,31
5180,1,2022,41,Cole Custer,Frd,20,4104,94,63.337,85.258,31
5180,1,2022,41,Cole Custer,Frd,20,4104,95,113.99,47.373,28
5180,1,2022,41,Cole Custer,Frd,20,4104,96,87.296,61.859,28
5180,1,2022,41,Cole Custer,Frd,20,4104,97,96.309,56.070,28
5180,1,2022,41,Cole Custer,Frd,20,4104,98,104.45,51.699,28
5180,1,2022,41,Cole Custer,Frd,20,4104,99,97.923,55.145,28
5180,1,2022,41,Cole Custer,Frd,20,4104,100,70.118,77.013,28
5180,1,2022,41,Cole Custer,Frd,20,4104,101,58.163,92.843,28
5180,1,2022,41,Cole Custer,Frd,20,4104,102,70.316,76.796,29
5180,1,2022,41,Cole Custer,Frd,20,4104,103,50.355,107.239,26
5180,1,2022,41,Cole Custer,Frd,20,4104,104,107.821,50.083,28
5180,1,2022,41,Cole Custer,Frd,20,4104,105,89.447,60.371,26
5180,1,2022,41,Cole Custer,Frd,20,4104,106,104.783,51.535,25
5180,1,2022,41,Cole Custer,Frd,20,4104,107,79.871,67.609,24
5180,1,2022,41,Cole Custer,Frd,20,4104,108,32.003,168.734,24
5180,1,2022,41,Cole Custer,Frd,20,4104,109,30.773,175.479,25
5180,1,2022,41,Cole Custer,Frd,20,4104,110,30.633,176.280,25
5180,1,2022,41,Cole Custer,Frd,20,4104,111,30.805,175.296,26
5180,1,2022,41,Cole Custer,Frd,20,4104,112,30.812,175.256,26
5180,1,2022,41,Cole Custer,Frd,20,4104,113,30.963,174.402,26
5180,1,2022,41,Cole Custer,Frd,20,4104,114,31.166,173.266,26
5180,1,2022,41,Cole Custer,Frd,20,4104,115,31.121,173.516,26
5180,1,2022,41,Cole Custer,Frd,20,4104,116,31.249,172.806,26
5180,1,2022,41,Cole Custer,Frd,20,4104,117,31.506,171.396,27
5180,1,2022,41,Cole Custer,Frd,20,4104,118,31.171,173.238,27
5180,1,2022,41,Cole Custer,Frd,20,4104,119,31.238,172.866,27
5180,1,2022,41,Cole Custer,Frd,20,4104,120,31.212,173.010,27
5180,1,2022,41,Cole Custer,Frd,20,4104,121,31.224,172.944,27
5180,1,2022,41,Cole Custer,Frd,20,4104,122,31.306,172.491,27
5180,1,2022,41,Cole Custer,Frd,20,4104,123,31.295,172.552,27
5180,1,2022,41,Cole Custer,Frd,20,4104,124,31.38,172.084,27
5180,1,2022,41,Cole Custer,Frd,20,4104,125,31.341,172.298,27
5180,1,2022,41,Cole Custer,Frd,20,4104,126,31.348,172.260,27
5180,1,2022,41,Cole Custer,Frd,20,4104,127,31.392,172.018,27
5180,1,2022,41,Cole Custer,Frd,20,4104,128,31.369,172.144,27
5180,1,2022,41,Cole Custer,Frd,20,4104,129,31.977,168.871,27
5180,1,2022,41,Cole Custer,Frd,20,4104,130,31.473,171.576,27
5180,1,2022,41,Cole Custer,Frd,20,4104,131,31.541,171.206,27
5180,1,2022,41,Cole Custer,Frd,20,4104,132,31.411,171.914,27
5180,1,2022,41,Cole Custer,Frd,20,4104,133,31.487,171.499,27
5180,1,2022,41,Cole Custer,Frd,20,4104,134,31.532,171.255,27
5180,1,2022,41,Cole Custer,Frd,20,4104,135,31.637,170.686,27
5180,1,2022,41,Cole Custer,Frd,20,4104,136,31.776,169.940,27
5180,1,2022,41,Cole Custer,Frd,20,4104,137,31.578,171.005,27
5180,1,2022,41,Cole Custer,Frd,20,4104,138,31.648,170.627,27
5180,1,2022,41,Cole Custer,Frd,20,4104,139,31.653,170.600,27
5180,1,2022,41,Cole Custer,Frd,20,4104,140,31.616,170.800,27
5180,1,2022,41,Cole Custer,Frd,20,4104,141,31.87,169.438,27
5180,1,2022,41,Cole Custer,Frd,20,4104,142,31.819,169.710,27
5180,1,2022,41,Cole Custer,Frd,20,4104,143,31.883,169.369,27
5180,1,2022,41,Cole Custer,Frd,20,4104,144,31.954,168.993,27
5180,1,2022,41,Cole Custer,Frd,20,4104,145,31.835,169.625,27
5180,1,2022,41,Cole Custer,Frd,20,4104,146,31.651,170.611,27
5180,1,2022,41,Cole Custer,Frd,20,4104,147,31.655,170.589,27
5180,1,2022,41,Cole Custer,Frd,20,4104,148,31.742,170.122,27
5180,1,2022,41,Cole Custer,Frd,20,4104,149,31.758,170.036,27
5180,1,2022,41,Cole Custer,Frd,20,4104,150,31.695,170.374,27
5180,1,2022,41,Cole Custer,Frd,20,4104,151,31.681,170.449,27
5180,1,2022,41,Cole Custer,Frd,20,4104,152,31.688,170.412,27
5180,1,2022,41,Cole Custer,Frd,20,4104,153,31.622,170.767,27
5180,1,2022,41,Cole Custer,Frd,20,4104,154,31.806,169.779,27
5180,1,2022,41,Cole Custer,Frd,20,4104,155,31.761,170.020,27
5180,1,2022,41,Cole Custer,Frd,20,4104,156,32.041,168.534,27
5180,1,2022,41,Cole Custer,Frd,20,4104,157,32.073,168.366,27
5180,1,2022,41,Cole Custer,Frd,20,4104,158,32.108,168.182,27
5180,1,2022,41,Cole Custer,Frd,20,4104,159,32.201,167.697,27
5180,1,2022,41,Cole Custer,Frd,20,4104,160,32.061,168.429,27
5180,1,2022,41,Cole Custer,Frd,20,4104,161,31.993,168.787,27
5180,1,2022,41,Cole Custer,Frd,20,4104,162,32.082,168.319,27
5180,1,2022,41,Cole Custer,Frd,20,4104,163,32.221,167.593,27
5180,1,2022,41,Cole Custer,Frd,20,4104,164,32.294,167.214,27
5180,1,2022,41,Cole Custer,Frd,20,4104,165,34.787,155.230,26
5180,1,2022,41,Cole Custer,Frd,20,4104,166,43.233,124.905,26
5180,1,2022,41,Cole Custer,Frd,20,4104,167,89.609,60.262,26
5180,1,2022,41,Cole Custer,Frd,20,4104,168,106.704,50.607,25
5180,1,2022,41,Cole Custer,Frd,20,4104,169,89.125,60.589,25
5180,1,2022,41,Cole Custer,Frd,20,4104,170,99.381,54.336,23
5180,1,2022,41,Cole Custer,Frd,20,4104,171,76.878,70.241,22
5180,1,2022,41,Cole Custer,Frd,20,4104,172,32.127,168.083,18
5180,1,2022,41,Cole Custer,Frd,20,4104,173,30.742,175.655,21
5180,1,2022,41,Cole Custer,Frd,20,4104,174,30.348,177.936,21
5180,1,2022,41,Cole Custer,Frd,20,4104,175,30.967,174.379,21
5180,1,2022,41,Cole Custer,Frd,20,4104,176,30.8,175.325,21
5180,1,2022,41,Cole Custer,Frd,20,4104,177,30.857,175.001,21
5180,1,2022,41,Cole Custer,Frd,20,4104,178,30.977,174.323,22
5180,1,2022,41,Cole Custer,Frd,20,4104,179,31.01,174.137,22
5180,1,2022,41,Cole Custer,Frd,20,4104,180,30.953,174.458,22
5180,1,2022,41,Cole Custer,Frd,20,4104,181,30.951,174.469,22
5180,1,2022,41,Cole Custer,Frd,20,4104,182,30.987,174.267,22
5180,1,2022,41,Cole Custer,Frd,20,4104,183,31.02,174.081,22
5180,1,2022,41,Cole Custer,Frd,20,4104,184,31.038,173.980,22
5180,1,2022,41,Cole Custer,Frd,20,4104,185,31.023,174.064,22
5180,1,2022,41,Cole Custer,Frd,20,4104,186,31.137,173.427,22
5180,1,2022,41,Cole Custer,Frd,20,4104,187,31.292,172.568,22
5180,1,2022,41,Cole Custer,Frd,20,4104,188,31.298,172.535,22
5180,1,2022,41,Cole Custer,Frd,20,4104,189,31.22,172.966,22
5180,1,2022,41,Cole Custer,Frd,20,4104,190,31.204,173.055,22
5180,1,2022,41,Cole Custer,Frd,20,4104,191,31.363,172.177,22
5180,1,2022,41,Cole Custer,Frd,20,4104,192,31.548,171.168,22
5180,1,2022,41,Cole Custer,Frd,20,4104,193,31.412,171.909,22
5180,1,2022,41,Cole Custer,Frd,20,4104,194,36.846,146.556,22
5180,1,2022,41,Cole Custer,Frd,20,4104,195,73.235,73.735,22
5180,1,2022,41,Cole Custer,Frd,20,4104,196,110.207,48.999,28
5180,1,2022,41,Cole Custer,Frd,20,4104,197,89.267,60.493,26
5180,1,2022,41,Cole Custer,Frd,20,4104,198,106.639,50.638,29
5180,1,2022,41,Cole Custer,Frd,20,4104,199,80.83,66.807,29
5180,1,2022,41,Cole Custer,Frd,20,4104,200,32.282,167.276,27
5180,1,2022,41,Cole Custer,Frd,20,4104,201,31.083,173.728,28
5180,1,2022,41,Cole Custer,Frd,20,4104,202,31.237,172.872,29
5180,1,2022,41,Cole Custer,Frd,20,4104,203,30.992,174.239,29
5180,1,2022,41,Cole Custer,Frd,20,4104,204,31.0,174.194,29
5180,1,2022,41,Cole Custer,Frd,20,4104,205,30.848,175.052,29
5180,1,2022,41,Cole Custer,Frd,20,4104,206,31.093,173.673,29
5180,1,2022,41,Cole Custer,Frd,20,4104,207,31.059,173.863,28
5180,1,2022,41,Cole Custer,Frd,20,4104,208,31.103,173.617,28
5180,1,2022,41,Cole Custer,Frd,20,4104,209,31.106,173.600,28
5180,1,2022,41,Cole Custer,Frd,20,4104,210,31.23,172.911,28
5180,1,2022,41,Cole Custer,Frd,20,4104,211,31.328,172.370,28
5180,1,2022,41,Cole Custer,Frd,20,4104,212,31.386,172.051,27
5180,1,2022,41,Cole Custer,Frd,20,4104,213,31.315,172.441,27
5180,1,2022,41,Cole Custer,Frd,20,4104,214,31.123,173.505,27
5180,1,2022,41,Cole Custer,Frd,20,4104,215,31.157,173.316,27
5180,1,2022,41,Cole Custer,Frd,20,4104,216,31.112,173.566,27
5180,1,2022,41,Cole Custer,Frd,20,4104,217,31.174,173.221,27
5180,1,2022,41,Cole Custer,Frd,20,4104,218,31.355,172.221,27
5180,1,2022,41,Cole Custer,Frd,20,4104,219,31.218,172.977,27
5180,1,2022,41,Cole Custer,Frd,20,4104,220,31.133,173.449,27
5180,1,2022,41,Cole Custer,Frd,20,4104,221,31.378,172.095,27
5180,1,2022,41,Cole Custer,Frd,20,4104,222,31.254,172.778,27
5180,1,2022,41,Cole Custer,Frd,20,4104,223,31.279,172.640,27
5180,1,2022,41,Cole Custer,Frd,20,4104,224,31.334,172.337,27
5180,1,2022,41,Cole Custer,Frd,20,4104,225,31.675,170.481,27
5180,1,2022,41,Cole Custer,Frd,20,4104,226,31.835,169.625,27
5180,1,2022,41,Cole Custer,Frd,20,4104,227,31.576,171.016,27
5180,1,2022,41,Cole Custer,Frd,20,4104,228,46.762,115.478,26
5180,1,2022,41,Cole Custer,Frd,20,4104,229,82.749,65.258,25
5180,1,2022,41,Cole Custer,Frd,20,4104,230,90.548,59.637,18
5180,1,2022,41,Cole Custer,Frd,20,4104,231,101.941,52.972,18
5180,1,2022,41,Cole Custer,Frd,20,4104,232,83.606,64.589,18
5180,1,2022,41,Cole Custer,Frd,20,4104,233,32.822,164.524,16
5180,1,2022,41,Cole Custer,Frd,20,4104,234,30.984,174.284,18
5180,1,2022,41,Cole Custer,Frd,20,4104,235,30.934,174.565,21
5180,1,2022,41,Cole Custer,Frd,20,4104,236,31.046,173.935,23
5180,1,2022,41,Cole Custer,Frd,20,4104,237,31.067,173.818,22
5180,1,2022,41,Cole Custer,Frd,20,4104,238,30.851,175.035,22
5180,1,2022,41,Cole Custer,Frd,20,4104,239,30.871,174.921,22
5180,1,2022,41,Cole Custer,Frd,20,4104,240,31.859,169.497,20
5180,1,2022,41,Cole Custer,Frd,20,4104,241,52.502,102.853,20
5180,1,2022,41,Cole Custer,Frd,20,4104,242,100.756,53.595,22
5180,1,2022,41,Cole Custer,Frd,20,4104,243,91.681,58.900,20
5180,1,2022,41,Cole Custer,Frd,20,4104,244,101.262,53.327,20
5180,1,2022,41,Cole Custer,Frd,20,4104,245,83.382,64.762,19
5180,1,2022,41,Cole Custer,Frd,20,4104,246,33.54,161.002,19
5180,1,2022,41,Cole Custer,Frd,20,4104,247,59.833,90.251,20
5180,1,2022,41,Cole Custer,Frd,20,4104,248,85.452,63.193,20
5180,1,2022,41,Cole Custer,Frd,20,4104,249,101.225,53.347,17
5180,1,2022,41,Cole Custer,Frd,20,4104,250,103.545,52.151,17
5180,1,2022,41,Cole Custer,Frd,20,4104,251,85.725,62.992,17
5180,1,2022,41,Cole Custer,Frd,20,4104,252,32.724,165.017,18
5180,1,2022,41,Cole Custer,Frd,20,4104,253,30.728,175.735,19
5180,1,2022,41,Cole Custer,Frd,20,4104,254,30.85,175.041,20
5180,1,2022,41,Cole Custer,Frd,20,4104,255,30.645,176.211,21
5180,1,2022,41,Cole Custer,Frd,20,4104,256,30.98,174.306,22
5180,1,2022,41,Cole Custer,Frd,20,4104,257,31.076,173.768,23
5180,1,2022,41,Cole Custer,Frd,20,4104,258,30.89,174.814,22
5180,1,2022,41,Cole Custer,Frd,20,4104,259,30.872,174.916,22
5180,1,2022,41,Cole Custer,Frd,20,4104,260,30.941,174.526,21
5180,1,2022,41,Cole Custer,Frd,20,4104,261,31.281,172.629,22
5180,1,2022,41,Cole Custer,Frd,20,4104,262,31.17,173.244,21
5180,1,2022,41,Cole Custer,Frd,20,4104,263,30.99,174.250,21
5180,1,2022,41,Cole Custer,Frd,20,4104,264,31.062,173.846,21
5180,1,2022,41,Cole Custer,Frd,20,4104,265,31.104,173.611,21
5180,1,2022,41,Cole Custer,Frd,20,4104,266,31.274,172.667,21
5180,1,2022,41,Cole Custer,Frd,20,4104,267,31.249,172.806,20
5180,1,2022,9,Chase Elliott (P),Chv,21,4062,0,,,20
5180,1,2022,9,Chase Elliott (P),Chv,21,4062,1,32.897,164.149,18
5180,1,2022,9,Chase Elliott (P),Chv,21,4062,2,30.417,177.532,17
5180,1,2022,9,Chase Elliott (P),Chv,21,4062,3,30.307,178.177,17
5180,1,2022,9,Chase Elliott (P),Chv,21,4062,4,30.477,177.183,17
5180,1,2022,9,Chase Elliott (P),Chv,21,4062,5,30.455,177.311,17
5180,1,2022,9,Chase Elliott (P),Chv,21,4062,6,30.601,176.465,16
5180,1,2022,9,Chase Elliott (P),Chv,21,4062,7,30.775,175.467,16
5180,1,2022,9,Chase Elliott (P),Chv,21,4062,8,30.644,176.217,15
5180,1,2022,9,Chase Elliott (P),Chv,21,4062,9,30.659,176.131,15
5180,1,2022,9,Chase Elliott (P),Chv,21,4062,10,30.451,177.334,15
5180,1,2022,9,Chase Elliott (P),Chv,21,4062,11,30.62,176.355,14
5180,1,2022,9,Chase Elliott (P),Chv,21,4062,12,30.629,176.304,14
5180,1,2022,9,Chase Elliott (P),Chv,21,4062,13,30.629,176.304,14
5180,1,2022,9,Chase Elliott (P),Chv,21,4062,14,30.586,176.551,14
5180,1,2022,9,Chase Elliott (P),Chv,21,4062,15,30.69,175.953,14
5180,1,2022,9,Chase Elliott (P),Chv,21,4062,16,30.821,175.205,14
5180,1,2022,9,Chase Elliott (P),Chv,21,4062,17,30.971,174.357,14
5180,1,2022,9,Chase Elliott (P),Chv,21,4062,18,30.847,175.058,13
5180,1,2022,9,Chase Elliott (P),Chv,21,4062,19,30.866,174.950,13
5180,1,2022,9,Chase Elliott (P),Chv,21,4062,20,30.892,174.803,13
5180,1,2022,9,Chase Elliott (P),Chv,21,4062,21,30.955,174.447,13
5180,1,2022,9,Chase Elliott (P),Chv,21,4062,22,31.139,173.416,13
5180,1,2022,9,Chase Elliott (P),Chv,21,4062,23,31.05,173.913,13
5180,1,2022,9,Chase Elliott (P),Chv,21,4062,24,30.902,174.746,13
5180,1,2022,9,Chase Elliott (P),Chv,21,4062,25,30.847,175.058,13
5180,1,2022,9,Chase Elliott (P),Chv,21,4062,26,30.97,174.362,13
5180,1,2022,9,Chase Elliott (P),Chv,21,4062,27,31.003,174.177,13
5180,1,2022,9,Chase Elliott (P),Chv,21,4062,28,31.003,174.177,13
5180,1,2022,9,Chase Elliott (P),Chv,21,4062,29,31.243,172.839,13
5180,1,2022,9,Chase Elliott (P),Chv,21,4062,30,31.493,171.467,14
5180,1,2022,9,Chase Elliott (P),Chv,21,4062,31,31.084,173.723,14
5180,1,2022,9,Chase Elliott (P),Chv,21,4062,32,31.133,173.449,14
5180,1,2022,9,Chase Elliott (P),Chv,21,4062,33,31.22,172.966,14
5180,1,2022,9,Chase Elliott (P),Chv,21,4062,34,31.401,171.969,14
5180,1,2022,9,Chase Elliott (P),Chv,21,4062,35,31.442,171.745,14
5180,1,2022,9,Chase Elliott (P),Chv,21,4062,36,31.405,171.947,13
5180,1,2022,9,Chase Elliott (P),Chv,21,4062,37,31.822,169.694,11
5180,1,2022,9,Chase Elliott (P),Chv,21,4062,38,31.558,171.114,4
5180,1,2022,9,Chase Elliott (P),Chv,21,4062,39,32.007,168.713,3
5180,1,2022,9,Chase Elliott (P),Chv,21,4062,40,43.815,123.245,4
5180,1,2022,9,Chase Elliott (P),Chv,21,4062,41,59.91,90.135,18
5180,1,2022,9,Chase Elliott (P),Chv,21,4062,42,30.192,178.855,17
5180,1,2022,9,Chase Elliott (P),Chv,21,4062,43,30.123,179.265,15
5180,1,2022,9,Chase Elliott (P),Chv,21,4062,44,30.076,179.545,15
5180,1,2022,9,Chase Elliott (P),Chv,21,4062,45,30.151,179.099,15
5180,1,2022,9,Chase Elliott (P),Chv,21,4062,46,30.592,176.517,15
5180,1,2022,9,Chase Elliott (P),Chv,21,4062,47,30.399,177.637,15
5180,1,2022,9,Chase Elliott (P),Chv,21,4062,48,30.526,176.898,15
5180,1,2022,9,Chase Elliott (P),Chv,21,4062,49,30.507,177.009,15
5180,1,2022,9,Chase Elliott (P),Chv,21,4062,50,30.577,176.603,15
5180,1,2022,9,Chase Elliott (P),Chv,21,4062,51,30.634,176.275,15
5180,1,2022,9,Chase Elliott (P),Chv,21,4062,52,31.257,172.761,16
5180,1,2022,9,Chase Elliott (P),Chv,21,4062,53,31.052,173.902,17
5180,1,2022,9,Chase Elliott (P),Chv,21,4062,54,31.107,173.594,17
5180,1,2022,9,Chase Elliott (P),Chv,21,4062,55,31.505,171.401,19
5180,1,2022,9,Chase Elliott (P),Chv,21,4062,56,31.244,172.833,19
5180,1,2022,9,Chase Elliott (P),Chv,21,4062,57,31.049,173.919,19
5180,1,2022,9,Chase Elliott (P),Chv,21,4062,58,30.984,174.284,19
5180,1,2022,9,Chase Elliott (P),Chv,21,4062,59,31.101,173.628,20
5180,1,2022,9,Chase Elliott (P),Chv,21,4062,60,31.129,173.472,20
5180,1,2022,9,Chase Elliott (P),Chv,21,4062,61,31.179,173.193,20
5180,1,2022,9,Chase Elliott (P),Chv,21,4062,62,31.174,173.221,20
5180,1,2022,9,Chase Elliott (P),Chv,21,4062,63,31.272,172.678,20
5180,1,2022,9,Chase Elliott (P),Chv,21,4062,64,31.223,172.949,20
5180,1,2022,9,Chase Elliott (P),Chv,21,4062,65,31.275,172.662,20
5180,1,2022,9,Chase Elliott (P),Chv,21,4062,66,31.209,173.027,20
5180,1,2022,9,Chase Elliott (P),Chv,21,4062,67,31.18,173.188,20
5180,1,2022,9,Chase Elliott (P),Chv,21,4062,68,31.259,172.750,20
5180,1,2022,9,Chase Elliott (P),Chv,21,4062,69,31.317,172.430,20
5180,1,2022,9,Chase Elliott (P),Chv,21,4062,70,31.223,172.949,20
5180,1,2022,9,Chase Elliott (P),Chv,21,4062,71,31.257,172.761,20
5180,1,2022,9,Chase Elliott (P),Chv,21,4062,72,31.435,171.783,20
5180,1,2022,9,Chase Elliott (P),Chv,21,4062,73,31.384,172.062,20
5180,1,2022,9,Chase Elliott (P),Chv,21,4062,74,31.541,171.206,20
5180,1,2022,9,Chase Elliott (P),Chv,21,4062,75,31.412,171.909,20
5180,1,2022,9,Chase Elliott (P),Chv,21,4062,76,31.412,171.909,20
5180,1,2022,9,Chase Elliott (P),Chv,21,4062,77,38.908,138.789,20
5180,1,2022,9,Chase Elliott (P),Chv,21,4062,78,45.952,117.514,19
5180,1,2022,9,Chase Elliott (P),Chv,21,4062,79,70.041,77.098,19
5180,1,2022,9,Chase Elliott (P),Chv,21,4062,80,100.213,53.885,19
5180,1,2022,9,Chase Elliott (P),Chv,21,4062,81,98.056,55.071,19
5180,1,2022,9,Chase Elliott (P),Chv,21,4062,82,89.708,60.195,10
5180,1,2022,9,Chase Elliott (P),Chv,21,4062,83,105.371,51.247,19
5180,1,2022,9,Chase Elliott (P),Chv,21,4062,84,99.169,54.453,18
5180,1,2022,9,Chase Elliott (P),Chv,21,4062,85,83.734,64.490,19
5180,1,2022,9,Chase Elliott (P),Chv,21,4062,86,32.498,166.164,19
5180,1,2022,9,Chase Elliott (P),Chv,21,4062,87,30.762,175.541,20
5180,1,2022,9,Chase Elliott (P),Chv,21,4062,88,30.737,175.684,21
5180,1,2022,9,Chase Elliott (P),Chv,21,4062,89,30.72,175.781,21
5180,1,2022,9,Chase Elliott (P),Chv,21,4062,90,31.09,173.689,22
5180,1,2022,9,Chase Elliott (P),Chv,21,4062,91,30.808,175.279,22
5180,1,2022,9,Chase Elliott (P),Chv,21,4062,92,30.668,176.079,22
5180,1,2022,9,Chase Elliott (P),Chv,21,4062,93,30.99,174.250,22
5180,1,2022,9,Chase Elliott (P),Chv,21,4062,94,32.979,163.741,22
5180,1,2022,9,Chase Elliott (P),Chv,21,4062,95,57.698,93.591,19
5180,1,2022,9,Chase Elliott (P),Chv,21,4062,96,113.966,47.383,19
5180,1,2022,9,Chase Elliott (P),Chv,21,4062,97,100.563,53.698,11
5180,1,2022,9,Chase Elliott (P),Chv,21,4062,98,122.053,44.243,22
5180,1,2022,9,Chase Elliott (P),Chv,21,4062,99,95.221,56.710,22
5180,1,2022,9,Chase Elliott (P),Chv,21,4062,100,94.575,57.098,22
5180,1,2022,9,Chase Elliott (P),Chv,21,4062,101,102.959,52.448,22
5180,1,2022,9,Chase Elliott (P),Chv,21,4062,102,78.695,68.619,23
5180,1,2022,9,Chase Elliott (P),Chv,21,4062,103,48.324,111.746,21
5180,1,2022,9,Chase Elliott (P),Chv,21,4062,104,92.79,58.196,21
5180,1,2022,9,Chase Elliott (P),Chv,21,4062,105,101.312,53.301,18
5180,1,2022,9,Chase Elliott (P),Chv,21,4062,106,103.829,52.009,18
5180,1,2022,9,Chase Elliott (P),Chv,21,4062,107,85.963,62.818,20
5180,1,2022,9,Chase Elliott (P),Chv,21,4062,108,32.044,168.518,19
5180,1,2022,9,Chase Elliott (P),Chv,21,4062,109,30.479,177.171,18
5180,1,2022,9,Chase Elliott (P),Chv,21,4062,110,30.597,176.488,18
5180,1,2022,9,Chase Elliott (P),Chv,21,4062,111,30.49,177.107,18
5180,1,2022,9,Chase Elliott (P),Chv,21,4062,112,30.567,176.661,17
5180,1,2022,9,Chase Elliott (P),Chv,21,4062,113,30.738,175.678,17
5180,1,2022,9,Chase Elliott (P),Chv,21,4062,114,31.295,172.552,18
5180,1,2022,9,Chase Elliott (P),Chv,21,4062,115,30.69,175.953,18
5180,1,2022,9,Chase Elliott (P),Chv,21,4062,116,31.012,174.126,18
5180,1,2022,9,Chase Elliott (P),Chv,21,4062,117,30.832,175.143,18
5180,1,2022,9,Chase Elliott (P),Chv,21,4062,118,30.796,175.347,18
5180,1,2022,9,Chase Elliott (P),Chv,21,4062,119,30.857,175.001,18
5180,1,2022,9,Chase Elliott (P),Chv,21,4062,120,31.05,173.913,18
5180,1,2022,9,Chase Elliott (P),Chv,21,4062,121,30.888,174.825,18
5180,1,2022,9,Chase Elliott (P),Chv,21,4062,122,31.474,171.570,19
5180,1,2022,9,Chase Elliott (P),Chv,21,4062,123,31.299,172.529,19
5180,1,2022,9,Chase Elliott (P),Chv,21,4062,124,31.308,172.480,19
5180,1,2022,9,Chase Elliott (P),Chv,21,4062,125,31.688,170.412,20
5180,1,2022,9,Chase Elliott (P),Chv,21,4062,126,31.259,172.750,20
5180,1,2022,9,Chase Elliott (P),Chv,21,4062,127,31.331,172.353,20
5180,1,2022,9,Chase Elliott (P),Chv,21,4062,128,31.231,172.905,20
5180,1,2022,9,Chase Elliott (P),Chv,21,4062,129,31.234,172.889,20
5180,1,2022,9,Chase Elliott (P),Chv,21,4062,130,31.415,171.892,20
5180,1,2022,9,Chase Elliott (P),Chv,21,4062,131,31.403,171.958,20
5180,1,2022,9,Chase Elliott (P),Chv,21,4062,132,31.456,171.668,20
5180,1,2022,9,Chase Elliott (P),Chv,21,4062,133,31.531,171.260,20
5180,1,2022,9,Chase Elliott (P),Chv,21,4062,134,31.537,171.227,20
5180,1,2022,9,Chase Elliott (P),Chv,21,4062,135,31.495,171.456,20
5180,1,2022,9,Chase Elliott (P),Chv,21,4062,136,31.322,172.403,20
5180,1,2022,9,Chase Elliott (P),Chv,21,4062,137,31.413,171.903,20
5180,1,2022,9,Chase Elliott (P),Chv,21,4062,138,31.574,171.027,20
5180,1,2022,9,Chase Elliott (P),Chv,21,4062,139,31.661,170.557,20
5180,1,2022,9,Chase Elliott (P),Chv,21,4062,140,31.608,170.843,20
5180,1,2022,9,Chase Elliott (P),Chv,21,4062,141,31.846,169.566,21
5180,1,2022,9,Chase Elliott (P),Chv,21,4062,142,31.625,170.751,21
5180,1,2022,9,Chase Elliott (P),Chv,21,4062,143,31.686,170.422,21
5180,1,2022,9,Chase Elliott (P),Chv,21,4062,144,31.912,169.215,20
5180,1,2022,9,Chase Elliott (P),Chv,21,4062,145,31.719,170.245,20
5180,1,2022,9,Chase Elliott (P),Chv,21,4062,146,31.668,170.519,20
5180,1,2022,9,Chase Elliott (P),Chv,21,4062,147,31.871,169.433,20
5180,1,2022,9,Chase Elliott (P),Chv,21,4062,148,31.959,168.966,20
5180,1,2022,9,Chase Elliott (P),Chv,21,4062,149,31.774,169.950,20
5180,1,2022,9,Chase Elliott (P),Chv,21,4062,150,31.787,169.881,20
5180,1,2022,9,Chase Elliott (P),Chv,21,4062,151,32.101,168.219,20
5180,1,2022,9,Chase Elliott (P),Chv,21,4062,152,32.416,166.584,21
5180,1,2022,9,Chase Elliott (P),Chv,21,4062,153,32.233,167.530,22
5180,1,2022,9,Chase Elliott (P),Chv,21,4062,154,32.258,167.400,22
5180,1,2022,9,Chase Elliott (P),Chv,21,4062,155,32.157,167.926,23
5180,1,2022,9,Chase Elliott (P),Chv,21,4062,156,32.469,166.312,24
5180,1,2022,9,Chase Elliott (P),Chv,21,4062,157,32.125,168.093,24
5180,1,2022,9,Chase Elliott (P),Chv,21,4062,158,32.133,168.052,23
5180,1,2022,9,Chase Elliott (P),Chv,21,4062,159,32.028,168.602,23
5180,1,2022,9,Chase Elliott (P),Chv,21,4062,160,32.102,168.214,23
5180,1,2022,9,Chase Elliott (P),Chv,21,4062,161,32.158,167.921,23
5180,1,2022,9,Chase Elliott (P),Chv,21,4062,162,32.164,167.890,23
5180,1,2022,9,Chase Elliott (P),Chv,21,4062,163,32.048,168.497,23
5180,1,2022,9,Chase Elliott (P),Chv,21,4062,164,32.247,167.457,23
5180,1,2022,9,Chase Elliott (P),Chv,21,4062,165,33.119,163.048,23
5180,1,2022,9,Chase Elliott (P),Chv,21,4062,166,44.198,122.177,23
5180,1,2022,9,Chase Elliott (P),Chv,21,4062,167,90.686,59.546,23
5180,1,2022,9,Chase Elliott (P),Chv,21,4062,168,89.243,60.509,14
5180,1,2022,9,Chase Elliott (P),Chv,21,4062,169,105.008,51.425,22
5180,1,2022,9,Chase Elliott (P),Chv,21,4062,170,99.655,54.187,20
5180,1,2022,9,Chase Elliott (P),Chv,21,4062,171,80.162,67.364,21
5180,1,2022,9,Chase Elliott (P),Chv,21,4062,172,32.423,166.548,19
5180,1,2022,9,Chase Elliott (P),Chv,21,4062,173,30.343,177.965,18
5180,1,2022,9,Chase Elliott (P),Chv,21,4062,174,30.456,177.305,17
5180,1,2022,9,Chase Elliott (P),Chv,21,4062,175,30.432,177.445,17
5180,1,2022,9,Chase Elliott (P),Chv,21,4062,176,30.71,175.838,17
5180,1,2022,9,Chase Elliott (P),Chv,21,4062,177,30.828,175.165,17
5180,1,2022,9,Chase Elliott (P),Chv,21,4062,178,30.832,175.143,17
5180,1,2022,9,Chase Elliott (P),Chv,21,4062,179,30.821,175.205,17
5180,1,2022,9,Chase Elliott (P),Chv,21,4062,180,30.688,175.965,17
5180,1,2022,9,Chase Elliott (P),Chv,21,4062,181,30.762,175.541,17
5180,1,2022,9,Chase Elliott (P),Chv,21,4062,182,30.979,174.312,17
5180,1,2022,9,Chase Elliott (P),Chv,21,4062,183,31.028,174.036,17
5180,1,2022,9,Chase Elliott (P),Chv,21,4062,184,30.97,174.362,17
5180,1,2022,9,Chase Elliott (P),Chv,21,4062,185,31.09,173.689,18
5180,1,2022,9,Chase Elliott (P),Chv,21,4062,186,31.551,171.151,20
5180,1,2022,9,Chase Elliott (P),Chv,21,4062,187,31.218,172.977,20
5180,1,2022,9,Chase Elliott (P),Chv,21,4062,188,31.123,173.505,20
5180,1,2022,9,Chase Elliott (P),Chv,21,4062,189,31.162,173.288,20
5180,1,2022,9,Chase Elliott (P),Chv,21,4062,190,31.43,171.810,20
5180,1,2022,9,Chase Elliott (P),Chv,21,4062,191,31.162,173.288,20
5180,1,2022,9,Chase Elliott (P),Chv,21,4062,192,31.268,172.701,20
5180,1,2022,9,Chase Elliott (P),Chv,21,4062,193,31.286,172.601,20
5180,1,2022,9,Chase Elliott (P),Chv,21,4062,194,36.438,148.197,20
5180,1,2022,9,Chase Elliott (P),Chv,21,4062,195,74.318,72.661,20
5180,1,2022,9,Chase Elliott (P),Chv,21,4062,196,93.581,57.704,12
5180,1,2022,9,Chase Elliott (P),Chv,21,4062,197,100.589,53.684,15
5180,1,2022,9,Chase Elliott (P),Chv,21,4062,198,99.718,54.153,14
5180,1,2022,9,Chase Elliott (P),Chv,21,4062,199,92.924,58.112,14
5180,1,2022,9,Chase Elliott (P),Chv,21,4062,200,32.972,163.775,15
5180,1,2022,9,Chase Elliott (P),Chv,21,4062,201,30.562,176.690,15
5180,1,2022,9,Chase Elliott (P),Chv,21,4062,202,30.676,176.033,14
5180,1,2022,9,Chase Elliott (P),Chv,21,4062,203,31.077,173.762,17
5180,1,2022,9,Chase Elliott (P),Chv,21,4062,204,30.75,175.610,17
5180,1,2022,9,Chase Elliott (P),Chv,21,4062,205,30.621,176.350,17
5180,1,2022,9,Chase Elliott (P),Chv,21,4062,206,30.663,176.108,17
5180,1,2022,9,Chase Elliott (P),Chv,21,4062,207,30.889,174.820,16
5180,1,2022,9,Chase Elliott (P),Chv,21,4062,208,31.153,173.338,16
5180,1,2022,9,Chase Elliott (P),Chv,21,4062,209,30.991,174.244,15
5180,1,2022,9,Chase Elliott (P),Chv,21,4062,210,30.932,174.576,15
5180,1,2022,9,Chase Elliott (P),Chv,21,4062,211,30.882,174.859,15
5180,1,2022,9,Chase Elliott (P),Chv,21,4062,212,30.826,175.177,15
5180,1,2022,9,Chase Elliott (P),Chv,21,4062,213,30.883,174.853,15
5180,1,2022,9,Chase Elliott (P),Chv,21,4062,214,30.887,174.831,15
5180,1,2022,9,Chase Elliott (P),Chv,21,4062,215,30.959,174.424,15
5180,1,2022,9,Chase Elliott (P),Chv,21,4062,216,31.422,171.854,16
5180,1,2022,9,Chase Elliott (P),Chv,21,4062,217,31.162,173.288,17
5180,1,2022,9,Chase Elliott (P),Chv,21,4062,218,31.329,172.364,17
5180,1,2022,9,Chase Elliott (P),Chv,21,4062,219,31.347,172.265,17
5180,1,2022,9,Chase Elliott (P),Chv,21,4062,220,31.289,172.585,18
5180,1,2022,9,Chase Elliott (P),Chv,21,4062,221,31.319,172.419,19
5180,1,2022,9,Chase Elliott (P),Chv,21,4062,222,31.282,172.623,19
5180,1,2022,9,Chase Elliott (P),Chv,21,4062,223,31.395,172.002,19
5180,1,2022,9,Chase Elliott (P),Chv,21,4062,224,31.66,170.562,20
5180,1,2022,9,Chase Elliott (P),Chv,21,4062,225,31.23,172.911,20
5180,1,2022,9,Chase Elliott (P),Chv,21,4062,226,31.496,171.450,20
5180,1,2022,9,Chase Elliott (P),Chv,21,4062,227,31.389,172.035,20
5180,1,2022,9,Chase Elliott (P),Chv,21,4062,228,41.959,128.697,19
5180,1,2022,9,Chase Elliott (P),Chv,21,4062,229,76.787,70.324,11
5180,1,2022,9,Chase Elliott (P),Chv,21,4062,230,130.705,41.314,27
5180,1,2022,9,Chase Elliott (P),Chv,21,4062,231,87.643,61.614,28
5180,1,2022,9,Chase Elliott (P),Chv,21,4062,232,75.002,71.998,28
5180,1,2022,9,Chase Elliott (P),Chv,21,4062,233,32.269,167.343,28
5180,1,2022,9,Chase Elliott (P),Chv,21,4062,234,30.912,174.689,28
5180,1,2022,9,Chase Elliott (P),Chv,21,4062,235,31.016,174.104,28
5180,1,2022,9,Chase Elliott (P),Chv,21,4062,236,30.906,174.723,28
5180,1,2022,9,Chase Elliott (P),Chv,21,4062,237,30.955,174.447,26
5180,1,2022,9,Chase Elliott (P),Chv,21,4062,238,31.023,174.064,26
5180,1,2022,9,Chase Elliott (P),Chv,21,4062,239,30.974,174.340,26
5180,1,2022,9,Chase Elliott (P),Chv,21,4062,240,32.562,165.837,22
5180,1,2022,9,Chase Elliott (P),Chv,21,4062,241,52.001,103.844,22
5180,1,2022,9,Chase Elliott (P),Chv,21,4062,242,86.138,62.690,16
5180,1,2022,9,Chase Elliott (P),Chv,21,4062,243,106.285,50.807,22
5180,1,2022,9,Chase Elliott (P),Chv,21,4062,244,102.03,52.926,22
5180,1,2022,9,Chase Elliott (P),Chv,21,4062,245,81.89,65.942,24
5180,1,2022,9,Chase Elliott (P),Chv,21,4062,246,33.976,158.936,25
5180,1,2022,9,Chase Elliott (P),Chv,21,4062,247,60.932,88.623,25
5180,1,2022,9,Chase Elliott (P),Chv,21,4062,248,85.205,63.377,24
5180,1,2022,9,Chase Elliott (P),Chv,21,4062,249,102.204,52.836,22
5180,1,2022,9,Chase Elliott (P),Chv,21,4062,250,104.829,51.512,23
5180,1,2022,9,Chase Elliott (P),Chv,21,4062,251,82.457,65.489,23
5180,1,2022,9,Chase Elliott (P),Chv,21,4062,252,32.298,167.193,19
5180,1,2022,9,Chase Elliott (P),Chv,21,4062,253,30.564,176.678,20
5180,1,2022,9,Chase Elliott (P),Chv,21,4062,254,30.823,175.194,21
5180,1,2022,9,Chase Elliott (P),Chv,21,4062,255,30.481,177.160,20
5180,1,2022,9,Chase Elliott (P),Chv,21,4062,256,30.801,175.319,19
5180,1,2022,9,Chase Elliott (P),Chv,21,4062,257,30.9,174.757,19
5180,1,2022,9,Chase Elliott (P),Chv,21,4062,258,30.712,175.827,18
5180,1,2022,9,Chase Elliott (P),Chv,21,4062,259,30.943,174.514,18
5180,1,2022,9,Chase Elliott (P),Chv,21,4062,260,30.954,174.452,18
5180,1,2022,9,Chase Elliott (P),Chv,21,4062,261,31.136,173.433,20
5180,1,2022,9,Chase Elliott (P),Chv,21,4062,262,31.195,173.105,20
5180,1,2022,9,Chase Elliott (P),Chv,21,4062,263,31.284,172.612,20
5180,1,2022,9,Chase Elliott (P),Chv,21,4062,264,31.196,173.099,20
5180,1,2022,9,Chase Elliott (P),Chv,21,4062,265,31.104,173.611,20
5180,1,2022,9,Chase Elliott (P),Chv,21,4062,266,31.205,173.049,20
5180,1,2022,9,Chase Elliott (P),Chv,21,4062,267,31.627,170.740,21
5180,1,2022,23,Ty Gibbs(i),Tyt,22,4368,0,,,19
5180,1,2022,23,Ty Gibbs(i),Tyt,22,4368,1,33.001,163.631,21
5180,1,2022,23,Ty Gibbs(i),Tyt,22,4368,2,30.736,175.690,22
5180,1,2022,23,Ty Gibbs(i),Tyt,22,4368,3,30.767,175.513,25
5180,1,2022,23,Ty Gibbs(i),Tyt,22,4368,4,30.961,174.413,26
5180,1,2022,23,Ty Gibbs(i),Tyt,22,4368,5,30.97,174.362,28
5180,1,2022,23,Ty Gibbs(i),Tyt,22,4368,6,30.905,174.729,28
5180,1,2022,23,Ty Gibbs(i),Tyt,22,4368,7,31.012,174.126,28
5180,1,2022,23,Ty Gibbs(i),Tyt,22,4368,8,31.147,173.371,29
5180,1,2022,23,Ty Gibbs(i),Tyt,22,4368,9,30.909,174.706,29
5180,1,2022,23,Ty Gibbs(i),Tyt,22,4368,10,31.088,173.700,29
5180,1,2022,23,Ty Gibbs(i),Tyt,22,4368,11,31.134,173.444,29
5180,1,2022,23,Ty Gibbs(i),Tyt,22,4368,12,31.093,173.673,30
5180,1,2022,23,Ty Gibbs(i),Tyt,22,4368,13,31.293,172.563,30
5180,1,2022,23,Ty Gibbs(i),Tyt,22,4368,14,31.307,172.485,31
5180,1,2022,23,Ty Gibbs(i),Tyt,22,4368,15,31.212,173.010,31
5180,1,2022,23,Ty Gibbs(i),Tyt,22,4368,16,31.383,172.068,30
5180,1,2022,23,Ty Gibbs(i),Tyt,22,4368,17,31.13,173.466,30
5180,1,2022,23,Ty Gibbs(i),Tyt,22,4368,18,31.084,173.723,30
5180,1,2022,23,Ty Gibbs(i),Tyt,22,4368,19,31.072,173.790,30
5180,1,2022,23,Ty Gibbs(i),Tyt,22,4368,20,31.391,172.024,30
5180,1,2022,23,Ty Gibbs(i),Tyt,22,4368,21,31.062,173.846,30
5180,1,2022,23,Ty Gibbs(i),Tyt,22,4368,22,31.273,172.673,30
5180,1,2022,23,Ty Gibbs(i),Tyt,22,4368,23,31.442,171.745,30
5180,1,2022,23,Ty Gibbs(i),Tyt,22,4368,24,31.5,171.429,30
5180,1,2022,23,Ty Gibbs(i),Tyt,22,4368,25,31.582,170.983,30
5180,1,2022,23,Ty Gibbs(i),Tyt,22,4368,26,31.323,172.397,30
5180,1,2022,23,Ty Gibbs(i),Tyt,22,4368,27,31.598,170.897,30
5180,1,2022,23,Ty Gibbs(i),Tyt,22,4368,28,31.288,172.590,30
5180,1,2022,23,Ty Gibbs(i),Tyt,22,4368,29,31.326,172.381,30
5180,1,2022,23,Ty Gibbs(i),Tyt,22,4368,30,31.62,170.778,30
5180,1,2022,23,Ty Gibbs(i),Tyt,22,4368,31,31.628,170.735,30
5180,1,2022,23,Ty Gibbs(i),Tyt,22,4368,32,31.372,172.128,30
5180,1,2022,23,Ty Gibbs(i),Tyt,22,4368,33,31.392,172.018,29
5180,1,2022,23,Ty Gibbs(i),Tyt,22,4368,34,31.696,170.369,28
5180,1,2022,23,Ty Gibbs(i),Tyt,22,4368,35,31.51,171.374,28
5180,1,2022,23,Ty Gibbs(i),Tyt,22,4368,36,31.511,171.369,27
5180,1,2022,23,Ty Gibbs(i),Tyt,22,4368,37,31.424,171.843,27
5180,1,2022,23,Ty Gibbs(i),Tyt,22,4368,38,31.666,170.530,19
5180,1,2022,23,Ty Gibbs(i),Tyt,22,4368,39,60.285,89.575,29
5180,1,2022,23,Ty Gibbs(i),Tyt,22,4368,40,46.269,116.709,34
5180,1,2022,23,Ty Gibbs(i),Tyt,22,4368,41,30.335,178.012,33
5180,1,2022,23,Ty Gibbs(i),Tyt,22,4368,42,30.365,177.836,31
5180,1,2022,23,Ty Gibbs(i),Tyt,22,4368,43,30.142,179.152,30
5180,1,2022,23,Ty Gibbs(i),Tyt,22,4368,44,30.234,178.607,30
5180,1,2022,23,Ty Gibbs(i),Tyt,22,4368,45,30.417,177.532,30
5180,1,2022,23,Ty Gibbs(i),Tyt,22,4368,46,30.948,174.486,29
5180,1,2022,23,Ty Gibbs(i),Tyt,22,4368,47,30.752,175.598,29
5180,1,2022,23,Ty Gibbs(i),Tyt,22,4368,48,30.628,176.309,29
5180,1,2022,23,Ty Gibbs(i),Tyt,22,4368,49,30.59,176.528,29
5180,1,2022,23,Ty Gibbs(i),Tyt,22,4368,50,30.69,175.953,29
5180,1,2022,23,Ty Gibbs(i),Tyt,22,4368,51,30.794,175.359,29
5180,1,2022,23,Ty Gibbs(i),Tyt,22,4368,52,30.732,175.713,29
5180,1,2022,23,Ty Gibbs(i),Tyt,22,4368,53,31.199,173.082,29
5180,1,2022,23,Ty Gibbs(i),Tyt,22,4368,54,31.009,174.143,29
5180,1,2022,23,Ty Gibbs(i),Tyt,22,4368,55,30.896,174.780,29
5180,1,2022,23,Ty Gibbs(i),Tyt,22,4368,56,31.186,173.155,29
5180,1,2022,23,Ty Gibbs(i),Tyt,22,4368,57,31.013,174.121,29
5180,1,2022,23,Ty Gibbs(i),Tyt,22,4368,58,31.125,173.494,29
5180,1,2022,23,Ty Gibbs(i),Tyt,22,4368,59,31.063,173.840,28
5180,1,2022,23,Ty Gibbs(i),Tyt,22,4368,60,30.884,174.848,28
5180,1,2022,23,Ty Gibbs(i),Tyt,22,4368,61,30.784,175.416,28
5180,1,2022,23,Ty Gibbs(i),Tyt,22,4368,62,31.164,173.277,28
5180,1,2022,23,Ty Gibbs(i),Tyt,22,4368,63,31.07,173.801,28
5180,1,2022,23,Ty Gibbs(i),Tyt,22,4368,64,30.963,174.402,27
5180,1,2022,23,Ty Gibbs(i),Tyt,22,4368,65,31.09,173.689,27
5180,1,2022,23,Ty Gibbs(i),Tyt,22,4368,66,31.0,174.194,27
5180,1,2022,23,Ty Gibbs(i),Tyt,22,4368,67,30.926,174.610,27
5180,1,2022,23,Ty Gibbs(i),Tyt,22,4368,68,31.203,173.060,27
5180,1,2022,23,Ty Gibbs(i),Tyt,22,4368,69,31.223,172.949,27
5180,1,2022,23,Ty Gibbs(i),Tyt,22,4368,70,31.259,172.750,27
5180,1,2022,23,Ty Gibbs(i),Tyt,22,4368,71,31.164,173.277,27
5180,1,2022,23,Ty Gibbs(i),Tyt,22,4368,72,31.043,173.952,27
5180,1,2022,23,Ty Gibbs(i),Tyt,22,4368,73,31.123,173.505,27
5180,1,2022,23,Ty Gibbs(i),Tyt,22,4368,74,31.252,172.789,27
5180,1,2022,23,Ty Gibbs(i),Tyt,22,4368,75,31.75,170.079,27
5180,1,2022,23,Ty Gibbs(i),Tyt,22,4368,76,33.351,161.914,27
5180,1,2022,23,Ty Gibbs(i),Tyt,22,4368,77,44.141,122.335,27
5180,1,2022,23,Ty Gibbs(i),Tyt,22,4368,78,82.724,65.277,26
5180,1,2022,23,Ty Gibbs(i),Tyt,22,4368,79,99.324,54.368,26
5180,1,2022,23,Ty Gibbs(i),Tyt,22,4368,80,100.8,53.571,26
5180,1,2022,23,Ty Gibbs(i),Tyt,22,4368,81,94.898,56.903,26
5180,1,2022,23,Ty Gibbs(i),Tyt,22,4368,82,115.407,46.791,31
5180,1,2022,23,Ty Gibbs(i),Tyt,22,4368,83,102.501,52.682,26
5180,1,2022,23,Ty Gibbs(i),Tyt,22,4368,84,77.624,69.566,26
5180,1,2022,23,Ty Gibbs(i),Tyt,22,4368,85,32.456,166.379,27
5180,1,2022,23,Ty Gibbs(i),Tyt,22,4368,86,30.67,176.068,27
5180,1,2022,23,Ty Gibbs(i),Tyt,22,4368,87,30.656,176.148,27
5180,1,2022,23,Ty Gibbs(i),Tyt,22,4368,88,30.479,177.171,26
5180,1,2022,23,Ty Gibbs(i),Tyt,22,4368,89,30.576,176.609,26
5180,1,2022,23,Ty Gibbs(i),Tyt,22,4368,90,30.767,175.513,26
5180,1,2022,23,Ty Gibbs(i),Tyt,22,4368,91,30.686,175.976,26
5180,1,2022,23,Ty Gibbs(i),Tyt,22,4368,92,30.794,175.359,26
5180,1,2022,23,Ty Gibbs(i),Tyt,22,4368,93,32.556,165.868,26
5180,1,2022,23,Ty Gibbs(i),Tyt,22,4368,94,56.431,95.692,26
5180,1,2022,23,Ty Gibbs(i),Tyt,22,4368,95,114.594,47.123,23
5180,1,2022,23,Ty Gibbs(i),Tyt,22,4368,96,94.043,57.421,23
5180,1,2022,23,Ty Gibbs(i),Tyt,22,4368,97,47.926,112.674,23
5180,1,2022,23,Ty Gibbs(i),Tyt,22,4368,98,88.601,60.947,23
5180,1,2022,23,Ty Gibbs(i),Tyt,22,4368,99,89.682,60.213,23
5180,1,2022,23,Ty Gibbs(i),Tyt,22,4368,100,94.394,57.207,23
5180,1,2022,23,Ty Gibbs(i),Tyt,22,4368,101,104.013,51.917,23
5180,1,2022,23,Ty Gibbs(i),Tyt,22,4368,102,77.016,70.115,22
5180,1,2022,23,Ty Gibbs(i),Tyt,22,4368,103,48.563,111.196,22
5180,1,2022,23,Ty Gibbs(i),Tyt,22,4368,104,93.105,57.999,23
5180,1,2022,23,Ty Gibbs(i),Tyt,22,4368,105,101.369,53.271,19
5180,1,2022,23,Ty Gibbs(i),Tyt,22,4368,106,104.457,51.696,19
5180,1,2022,23,Ty Gibbs(i),Tyt,22,4368,107,84.26,64.087,17
5180,1,2022,23,Ty Gibbs(i),Tyt,22,4368,108,32.476,166.277,18
5180,1,2022,23,Ty Gibbs(i),Tyt,22,4368,109,30.335,178.012,15
5180,1,2022,23,Ty Gibbs(i),Tyt,22,4368,110,30.447,177.357,15
5180,1,2022,23,Ty Gibbs(i),Tyt,22,4368,111,30.477,177.183,15
5180,1,2022,23,Ty Gibbs(i),Tyt,22,4368,112,30.548,176.771,15
5180,1,2022,23,Ty Gibbs(i),Tyt,22,4368,113,30.769,175.501,14
5180,1,2022,23,Ty Gibbs(i),Tyt,22,4368,114,30.73,175.724,15
5180,1,2022,23,Ty Gibbs(i),Tyt,22,4368,115,30.801,175.319,15
5180,1,2022,23,Ty Gibbs(i),Tyt,22,4368,116,30.903,174.740,15
5180,1,2022,23,Ty Gibbs(i),Tyt,22,4368,117,30.909,174.706,16
5180,1,2022,23,Ty Gibbs(i),Tyt,22,4368,118,30.917,174.661,16
5180,1,2022,23,Ty Gibbs(i),Tyt,22,4368,119,31.136,173.433,16
5180,1,2022,23,Ty Gibbs(i),Tyt,22,4368,120,30.995,174.222,16
5180,1,2022,23,Ty Gibbs(i),Tyt,22,4368,121,30.899,174.763,16
5180,1,2022,23,Ty Gibbs(i),Tyt,22,4368,122,31.322,172.403,17
5180,1,2022,23,Ty Gibbs(i),Tyt,22,4368,123,31.467,171.608,18
5180,1,2022,23,Ty Gibbs(i),Tyt,22,4368,124,31.359,172.199,18
5180,1,2022,23,Ty Gibbs(i),Tyt,22,4368,125,31.194,173.110,18
5180,1,2022,23,Ty Gibbs(i),Tyt,22,4368,126,31.233,172.894,18
5180,1,2022,23,Ty Gibbs(i),Tyt,22,4368,127,31.301,172.518,18
5180,1,2022,23,Ty Gibbs(i),Tyt,22,4368,128,31.279,172.640,18
5180,1,2022,23,Ty Gibbs(i),Tyt,22,4368,129,31.419,171.871,18
5180,1,2022,23,Ty Gibbs(i),Tyt,22,4368,130,31.392,172.018,18
5180,1,2022,23,Ty Gibbs(i),Tyt,22,4368,131,31.545,171.184,19
5180,1,2022,23,Ty Gibbs(i),Tyt,22,4368,132,31.415,171.892,19
5180,1,2022,23,Ty Gibbs(i),Tyt,22,4368,133,31.434,171.789,19
5180,1,2022,23,Ty Gibbs(i),Tyt,22,4368,134,31.545,171.184,19
5180,1,2022,23,Ty Gibbs(i),Tyt,22,4368,135,31.502,171.418,19
5180,1,2022,23,Ty Gibbs(i),Tyt,22,4368,136,31.414,171.898,19
5180,1,2022,23,Ty Gibbs(i),Tyt,22,4368,137,31.533,171.249,19
5180,1,2022,23,Ty Gibbs(i),Tyt,22,4368,138,31.559,171.108,19
5180,1,2022,23,Ty Gibbs(i),Tyt,22,4368,139,31.463,171.630,19
5180,1,2022,23,Ty Gibbs(i),Tyt,22,4368,140,31.934,169.099,19
5180,1,2022,23,Ty Gibbs(i),Tyt,22,4368,141,31.608,170.843,19
5180,1,2022,23,Ty Gibbs(i),Tyt,22,4368,142,31.694,170.379,19
5180,1,2022,23,Ty Gibbs(i),Tyt,22,4368,143,31.673,170.492,18
5180,1,2022,23,Ty Gibbs(i),Tyt,22,4368,144,31.509,171.380,18
5180,1,2022,23,Ty Gibbs(i),Tyt,22,4368,145,31.539,171.217,18
5180,1,2022,23,Ty Gibbs(i),Tyt,22,4368,146,31.622,170.767,18
5180,1,2022,23,Ty Gibbs(i),Tyt,22,4368,147,31.631,170.719,18
5180,1,2022,23,Ty Gibbs(i),Tyt,22,4368,148,31.667,170.525,18
5180,1,2022,23,Ty Gibbs(i),Tyt,22,4368,149,31.973,168.893,18
5180,1,2022,23,Ty Gibbs(i),Tyt,22,4368,150,31.641,170.665,18
5180,1,2022,23,Ty Gibbs(i),Tyt,22,4368,151,31.691,170.395,18
5180,1,2022,23,Ty Gibbs(i),Tyt,22,4368,152,31.747,170.095,18
5180,1,2022,23,Ty Gibbs(i),Tyt,22,4368,153,31.776,169.940,18
5180,1,2022,23,Ty Gibbs(i),Tyt,22,4368,154,31.811,169.753,18
5180,1,2022,23,Ty Gibbs(i),Tyt,22,4368,155,31.923,169.157,18
5180,1,2022,23,Ty Gibbs(i),Tyt,22,4368,156,31.763,170.009,18
5180,1,2022,23,Ty Gibbs(i),Tyt,22,4368,157,31.641,170.665,18
5180,1,2022,23,Ty Gibbs(i),Tyt,22,4368,158,31.739,170.138,18
5180,1,2022,23,Ty Gibbs(i),Tyt,22,4368,159,31.753,170.063,17
5180,1,2022,23,Ty Gibbs(i),Tyt,22,4368,160,31.662,170.551,17
5180,1,2022,23,Ty Gibbs(i),Tyt,22,4368,161,31.78,169.918,17
5180,1,2022,23,Ty Gibbs(i),Tyt,22,4368,162,32.041,168.534,17
5180,1,2022,23,Ty Gibbs(i),Tyt,22,4368,163,31.664,170.541,17
5180,1,2022,23,Ty Gibbs(i),Tyt,22,4368,164,31.647,170.632,17
5180,1,2022,23,Ty Gibbs(i),Tyt,22,4368,165,32.487,166.220,17
5180,1,2022,23,Ty Gibbs(i),Tyt,22,4368,166,47.666,113.288,17
5180,1,2022,23,Ty Gibbs(i),Tyt,22,4368,167,90.583,59.614,17
5180,1,2022,23,Ty Gibbs(i),Tyt,22,4368,168,110.026,49.079,23
5180,1,2022,23,Ty Gibbs(i),Tyt,22,4368,169,87.72,61.560,20
5180,1,2022,23,Ty Gibbs(i),Tyt,22,4368,170,110.042,49.072,28
5180,1,2022,23,Ty Gibbs(i),Tyt,22,4368,171,72.478,74.505,28
5180,1,2022,23,Ty Gibbs(i),Tyt,22,4368,172,31.882,169.375,27
5180,1,2022,23,Ty Gibbs(i),Tyt,22,4368,173,30.497,177.067,24
5180,1,2022,23,Ty Gibbs(i),Tyt,22,4368,174,30.725,175.753,26
5180,1,2022,23,Ty Gibbs(i),Tyt,22,4368,175,30.656,176.148,24
5180,1,2022,23,Ty Gibbs(i),Tyt,22,4368,176,30.609,176.419,24
5180,1,2022,23,Ty Gibbs(i),Tyt,22,4368,177,30.661,176.120,22
5180,1,2022,23,Ty Gibbs(i),Tyt,22,4368,178,30.549,176.765,21
5180,1,2022,23,Ty Gibbs(i),Tyt,22,4368,179,30.774,175.473,21
5180,1,2022,23,Ty Gibbs(i),Tyt,22,4368,180,30.824,175.188,21
5180,1,2022,23,Ty Gibbs(i),Tyt,22,4368,181,30.661,176.120,19
5180,1,2022,23,Ty Gibbs(i),Tyt,22,4368,182,30.994,174.227,19
5180,1,2022,23,Ty Gibbs(i),Tyt,22,4368,183,30.743,175.650,19
5180,1,2022,23,Ty Gibbs(i),Tyt,22,4368,184,30.949,174.481,19
5180,1,2022,23,Ty Gibbs(i),Tyt,22,4368,185,30.826,175.177,19
5180,1,2022,23,Ty Gibbs(i),Tyt,22,4368,186,30.907,174.718,18
5180,1,2022,23,Ty Gibbs(i),Tyt,22,4368,187,31.093,173.673,19
5180,1,2022,23,Ty Gibbs(i),Tyt,22,4368,188,31.16,173.299,19
5180,1,2022,23,Ty Gibbs(i),Tyt,22,4368,189,31.126,173.488,19
5180,1,2022,23,Ty Gibbs(i),Tyt,22,4368,190,31.018,174.092,18
5180,1,2022,23,Ty Gibbs(i),Tyt,22,4368,191,30.947,174.492,18
5180,1,2022,23,Ty Gibbs(i),Tyt,22,4368,192,31.148,173.366,18
5180,1,2022,23,Ty Gibbs(i),Tyt,22,4368,193,31.205,173.049,18
5180,1,2022,23,Ty Gibbs(i),Tyt,22,4368,194,36.215,149.109,18
5180,1,2022,23,Ty Gibbs(i),Tyt,22,4368,195,74.975,72.024,18
5180,1,2022,23,Ty Gibbs(i),Tyt,22,4368,196,108.216,49.900,20
5180,1,2022,23,Ty Gibbs(i),Tyt,22,4368,197,86.631,62.333,14
5180,1,2022,23,Ty Gibbs(i),Tyt,22,4368,198,99.47,54.288,13
5180,1,2022,23,Ty Gibbs(i),Tyt,22,4368,199,93.372,57.833,12
5180,1,2022,23,Ty Gibbs(i),Tyt,22,4368,200,32.754,164.865,12
5180,1,2022,23,Ty Gibbs(i),Tyt,22,4368,201,30.608,176.424,12
5180,1,2022,23,Ty Gibbs(i),Tyt,22,4368,202,30.512,176.980,11
5180,1,2022,23,Ty Gibbs(i),Tyt,22,4368,203,30.311,178.153,11
5180,1,2022,23,Ty Gibbs(i),Tyt,22,4368,204,30.461,177.276,11
5180,1,2022,23,Ty Gibbs(i),Tyt,22,4368,205,30.477,177.183,11
5180,1,2022,23,Ty Gibbs(i),Tyt,22,4368,206,30.591,176.523,11
5180,1,2022,23,Ty Gibbs(i),Tyt,22,4368,207,30.378,177.760,10
5180,1,2022,23,Ty Gibbs(i),Tyt,22,4368,208,30.48,177.165,10
5180,1,2022,23,Ty Gibbs(i),Tyt,22,4368,209,30.665,176.097,10
5180,1,2022,23,Ty Gibbs(i),Tyt,22,4368,210,31.071,173.796,10
5180,1,2022,23,Ty Gibbs(i),Tyt,22,4368,211,30.946,174.498,11
5180,1,2022,23,Ty Gibbs(i),Tyt,22,4368,212,30.74,175.667,11
5180,1,2022,23,Ty Gibbs(i),Tyt,22,4368,213,31.067,173.818,12
5180,1,2022,23,Ty Gibbs(i),Tyt,22,4368,214,31.271,172.684,12
5180,1,2022,23,Ty Gibbs(i),Tyt,22,4368,215,30.996,174.216,12
5180,1,2022,23,Ty Gibbs(i),Tyt,22,4368,216,30.913,174.684,12
5180,1,2022,23,Ty Gibbs(i),Tyt,22,4368,217,31.036,173.991,12
5180,1,2022,23,Ty Gibbs(i),Tyt,22,4368,218,30.799,175.330,12
5180,1,2022,23,Ty Gibbs(i),Tyt,22,4368,219,30.959,174.424,12
5180,1,2022,23,Ty Gibbs(i),Tyt,22,4368,220,30.999,174.199,12
5180,1,2022,23,Ty Gibbs(i),Tyt,22,4368,221,31.219,172.972,12
5180,1,2022,23,Ty Gibbs(i),Tyt,22,4368,222,31.083,173.728,12
5180,1,2022,23,Ty Gibbs(i),Tyt,22,4368,223,30.992,174.239,12
5180,1,2022,23,Ty Gibbs(i),Tyt,22,4368,224,31.23,172.911,12
5180,1,2022,23,Ty Gibbs(i),Tyt,22,4368,225,31.29,172.579,12
5180,1,2022,23,Ty Gibbs(i),Tyt,22,4368,226,31.553,171.141,12
5180,1,2022,23,Ty Gibbs(i),Tyt,22,4368,227,31.271,172.684,12
5180,1,2022,23,Ty Gibbs(i),Tyt,22,4368,228,39.433,136.941,11
5180,1,2022,23,Ty Gibbs(i),Tyt,22,4368,229,103.002,52.426,27
5180,1,2022,23,Ty Gibbs(i),Tyt,22,4368,230,91.422,59.067,24
5180,1,2022,23,Ty Gibbs(i),Tyt,22,4368,231,103.942,51.952,23
5180,1,2022,23,Ty Gibbs(i),Tyt,22,4368,232,78.629,68.677,22
5180,1,2022,23,Ty Gibbs(i),Tyt,22,4368,233,32.747,164.901,19
5180,1,2022,23,Ty Gibbs(i),Tyt,22,4368,234,30.913,174.684,21
5180,1,2022,23,Ty Gibbs(i),Tyt,22,4368,235,30.707,175.856,20
5180,1,2022,23,Ty Gibbs(i),Tyt,22,4368,236,30.469,177.229,19
5180,1,2022,23,Ty Gibbs(i),Tyt,22,4368,237,30.741,175.661,18
5180,1,2022,23,Ty Gibbs(i),Tyt,22,4368,238,30.852,175.029,18
5180,1,2022,23,Ty Gibbs(i),Tyt,22,4368,239,30.717,175.798,18
5180,1,2022,23,Ty Gibbs(i),Tyt,22,4368,240,31.273,172.673,17
5180,1,2022,23,Ty Gibbs(i),Tyt,22,4368,241,51.778,104.291,17
5180,1,2022,23,Ty Gibbs(i),Tyt,22,4368,242,111.23,48.548,26
5180,1,2022,23,Ty Gibbs(i),Tyt,22,4368,243,87.314,61.846,26
5180,1,2022,23,Ty Gibbs(i),Tyt,22,4368,244,102.957,52.449,26
5180,1,2022,23,Ty Gibbs(i),Tyt,22,4368,245,78.676,68.636,26
5180,1,2022,23,Ty Gibbs(i),Tyt,22,4368,246,33.433,161.517,23
5180,1,2022,23,Ty Gibbs(i),Tyt,22,4368,247,60.793,88.826,24
5180,1,2022,23,Ty Gibbs(i),Tyt,22,4368,248,85.265,63.332,23
5180,1,2022,23,Ty Gibbs(i),Tyt,22,4368,249,101.947,52.969,21
5180,1,2022,23,Ty Gibbs(i),Tyt,22,4368,250,104.779,51.537,22
5180,1,2022,23,Ty Gibbs(i),Tyt,22,4368,251,82.709,65.289,20
5180,1,2022,23,Ty Gibbs(i),Tyt,22,4368,252,32.819,164.539,20
5180,1,2022,23,Ty Gibbs(i),Tyt,22,4368,253,30.374,177.784,18
5180,1,2022,23,Ty Gibbs(i),Tyt,22,4368,254,30.5,177.049,18
5180,1,2022,23,Ty Gibbs(i),Tyt,22,4368,255,30.711,175.833,18
5180,1,2022,23,Ty Gibbs(i),Tyt,22,4368,256,31.05,173.913,21
5180,1,2022,23,Ty Gibbs(i),Tyt,22,4368,257,30.936,174.554,21
5180,1,2022,23,Ty Gibbs(i),Tyt,22,4368,258,30.847,175.058,21
5180,1,2022,23,Ty Gibbs(i),Tyt,22,4368,259,31.088,173.700,21
5180,1,2022,23,Ty Gibbs(i),Tyt,22,4368,260,31.157,173.316,22
5180,1,2022,23,Ty Gibbs(i),Tyt,22,4368,261,31.232,172.900,21
5180,1,2022,23,Ty Gibbs(i),Tyt,22,4368,262,31.319,172.419,22
5180,1,2022,23,Ty Gibbs(i),Tyt,22,4368,263,30.961,174.413,22
5180,1,2022,23,Ty Gibbs(i),Tyt,22,4368,264,31.283,172.618,22
5180,1,2022,23,Ty Gibbs(i),Tyt,22,4368,265,30.81,175.268,22
5180,1,2022,23,Ty Gibbs(i),Tyt,22,4368,266,31.379,172.090,22
5180,1,2022,23,Ty Gibbs(i),Tyt,22,4368,267,31.18,173.188,22
5180,1,2022,47,Ricky Stenhouse Jr.,Chv,23,3888,0,,,29
5180,1,2022,47,Ricky Stenhouse Jr.,Chv,23,3888,1,33.02,163.537,31
5180,1,2022,47,Ricky Stenhouse Jr.,Chv,23,3888,2,30.606,176.436,28
5180,1,2022,47,Ricky Stenhouse Jr.,Chv,23,3888,3,30.466,177.247,28
5180,1,2022,47,Ricky Stenhouse Jr.,Chv,23,3888,4,30.678,176.022,27
5180,1,2022,47,Ricky Stenhouse Jr.,Chv,23,3888,5,30.822,175.200,26
5180,1,2022,47,Ricky Stenhouse Jr.,Chv,23,3888,6,30.941,174.526,27
5180,1,2022,47,Ricky Stenhouse Jr.,Chv,23,3888,7,30.808,175.279,27
5180,1,2022,47,Ricky Stenhouse Jr.,Chv,23,3888,8,30.847,175.058,27
5180,1,2022,47,Ricky Stenhouse Jr.,Chv,23,3888,9,31.041,173.963,27
5180,1,2022,47,Ricky Stenhouse Jr.,Chv,23,3888,10,31.098,173.645,27
5180,1,2022,47,Ricky Stenhouse Jr.,Chv,23,3888,11,31.008,174.149,27
5180,1,2022,47,Ricky Stenhouse Jr.,Chv,23,3888,12,31.027,174.042,28
5180,1,2022,47,Ricky Stenhouse Jr.,Chv,23,3888,13,30.98,174.306,27
5180,1,2022,47,Ricky Stenhouse Jr.,Chv,23,3888,14,30.867,174.944,27
5180,1,2022,47,Ricky Stenhouse Jr.,Chv,23,3888,15,31.087,173.706,27
5180,1,2022,47,Ricky Stenhouse Jr.,Chv,23,3888,16,31.133,173.449,27
5180,1,2022,47,Ricky Stenhouse Jr.,Chv,23,3888,17,31.29,172.579,27
5180,1,2022,47,Ricky Stenhouse Jr.,Chv,23,3888,18,31.294,172.557,26
5180,1,2022,47,Ricky Stenhouse Jr.,Chv,23,3888,19,31.175,173.216,26
5180,1,2022,47,Ricky Stenhouse Jr.,Chv,23,3888,20,30.96,174.419,26
5180,1,2022,47,Ricky Stenhouse Jr.,Chv,23,3888,21,31.175,173.216,25
5180,1,2022,47,Ricky Stenhouse Jr.,Chv,23,3888,22,31.146,173.377,25
5180,1,2022,47,Ricky Stenhouse Jr.,Chv,23,3888,23,31.037,173.986,25
5180,1,2022,47,Ricky Stenhouse Jr.,Chv,23,3888,24,31.251,172.794,25
5180,1,2022,47,Ricky Stenhouse Jr.,Chv,23,3888,25,31.343,172.287,25
5180,1,2022,47,Ricky Stenhouse Jr.,Chv,23,3888,26,31.154,173.332,24
5180,1,2022,47,Ricky Stenhouse Jr.,Chv,23,3888,27,31.199,173.082,24
5180,1,2022,47,Ricky Stenhouse Jr.,Chv,23,3888,28,31.141,173.405,24
5180,1,2022,47,Ricky Stenhouse Jr.,Chv,23,3888,29,31.122,173.511,24
5180,1,2022,47,Ricky Stenhouse Jr.,Chv,23,3888,30,31.204,173.055,24
5180,1,2022,47,Ricky Stenhouse Jr.,Chv,23,3888,31,31.18,173.188,24
5180,1,2022,47,Ricky Stenhouse Jr.,Chv,23,3888,32,31.324,172.392,24
5180,1,2022,47,Ricky Stenhouse Jr.,Chv,23,3888,33,31.427,171.827,24
5180,1,2022,47,Ricky Stenhouse Jr.,Chv,23,3888,34,31.326,172.381,24
5180,1,2022,47,Ricky Stenhouse Jr.,Chv,23,3888,35,31.278,172.645,24
5180,1,2022,47,Ricky Stenhouse Jr.,Chv,23,3888,36,31.553,171.141,23
5180,1,2022,47,Ricky Stenhouse Jr.,Chv,23,3888,37,31.538,171.222,22
5180,1,2022,47,Ricky Stenhouse Jr.,Chv,23,3888,38,31.548,171.168,16
5180,1,2022,47,Ricky Stenhouse Jr.,Chv,23,3888,39,31.97,168.908,8
5180,1,2022,47,Ricky Stenhouse Jr.,Chv,23,3888,40,31.613,170.816,3
5180,1,2022,47,Ricky Stenhouse Jr.,Chv,23,3888,41,31.575,171.021,1
5180,1,2022,47,Ricky Stenhouse Jr.,Chv,23,3888,42,58.587,92.171,16
5180,1,2022,47,Ricky Stenhouse Jr.,Chv,23,3888,43,45.948,117.524,27
5180,1,2022,47,Ricky Stenhouse Jr.,Chv,23,3888,44,30.304,178.194,27
5180,1,2022,47,Ricky Stenhouse Jr.,Chv,23,3888,45,30.089,179.468,27
5180,1,2022,47,Ricky Stenhouse Jr.,Chv,23,3888,46,30.192,178.855,26
5180,1,2022,47,Ricky Stenhouse Jr.,Chv,23,3888,47,30.19,178.867,26
5180,1,2022,47,Ricky Stenhouse Jr.,Chv,23,3888,48,30.399,177.637,26
5180,1,2022,47,Ricky Stenhouse Jr.,Chv,23,3888,49,30.329,178.047,26
5180,1,2022,47,Ricky Stenhouse Jr.,Chv,23,3888,50,30.397,177.649,25
5180,1,2022,47,Ricky Stenhouse Jr.,Chv,23,3888,51,30.676,176.033,25
5180,1,2022,47,Ricky Stenhouse Jr.,Chv,23,3888,52,30.548,176.771,24
5180,1,2022,47,Ricky Stenhouse Jr.,Chv,23,3888,53,30.713,175.821,24
5180,1,2022,47,Ricky Stenhouse Jr.,Chv,23,3888,54,30.566,176.667,24
5180,1,2022,47,Ricky Stenhouse Jr.,Chv,23,3888,55,30.704,175.873,24
5180,1,2022,47,Ricky Stenhouse Jr.,Chv,23,3888,56,30.699,175.901,24
5180,1,2022,47,Ricky Stenhouse Jr.,Chv,23,3888,57,30.846,175.063,24
5180,1,2022,47,Ricky Stenhouse Jr.,Chv,23,3888,58,30.894,174.791,24
5180,1,2022,47,Ricky Stenhouse Jr.,Chv,23,3888,59,31.043,173.952,24
5180,1,2022,47,Ricky Stenhouse Jr.,Chv,23,3888,60,31.127,173.483,24
5180,1,2022,47,Ricky Stenhouse Jr.,Chv,23,3888,61,30.956,174.441,24
5180,1,2022,47,Ricky Stenhouse Jr.,Chv,23,3888,62,30.975,174.334,24
5180,1,2022,47,Ricky Stenhouse Jr.,Chv,23,3888,63,31.056,173.879,24
5180,1,2022,47,Ricky Stenhouse Jr.,Chv,23,3888,64,31.098,173.645,24
5180,1,2022,47,Ricky Stenhouse Jr.,Chv,23,3888,65,31.198,173.088,24
5180,1,2022,47,Ricky Stenhouse Jr.,Chv,23,3888,66,31.216,172.988,24
5180,1,2022,47,Ricky Stenhouse Jr.,Chv,23,3888,67,31.221,172.961,24
5180,1,2022,47,Ricky Stenhouse Jr.,Chv,23,3888,68,31.245,172.828,24
5180,1,2022,47,Ricky Stenhouse Jr.,Chv,23,3888,69,31.28,172.634,24
5180,1,2022,47,Ricky Stenhouse Jr.,Chv,23,3888,70,31.137,173.427,24
5180,1,2022,47,Ricky Stenhouse Jr.,Chv,23,3888,71,31.238,172.866,24
5180,1,2022,47,Ricky Stenhouse Jr.,Chv,23,3888,72,31.333,172.342,24
5180,1,2022,47,Ricky Stenhouse Jr.,Chv,23,3888,73,31.432,171.799,24
5180,1,2022,47,Ricky Stenhouse Jr.,Chv,23,3888,74,31.383,172.068,24
5180,1,2022,47,Ricky Stenhouse Jr.,Chv,23,3888,75,31.604,170.864,24
5180,1,2022,47,Ricky Stenhouse Jr.,Chv,23,3888,76,31.572,171.038,24
5180,1,2022,47,Ricky Stenhouse Jr.,Chv,23,3888,77,36.562,147.694,24
5180,1,2022,47,Ricky Stenhouse Jr.,Chv,23,3888,78,48.223,111.980,23
5180,1,2022,47,Ricky Stenhouse Jr.,Chv,23,3888,79,66.739,80.912,23
5180,1,2022,47,Ricky Stenhouse Jr.,Chv,23,3888,80,100.376,53.798,23
5180,1,2022,47,Ricky Stenhouse Jr.,Chv,23,3888,81,97.253,55.525,23
5180,1,2022,47,Ricky Stenhouse Jr.,Chv,23,3888,82,105.169,51.346,23
5180,1,2022,47,Ricky Stenhouse Jr.,Chv,23,3888,83,90.625,59.586,23
5180,1,2022,47,Ricky Stenhouse Jr.,Chv,23,3888,84,99.629,54.201,22
5180,1,2022,47,Ricky Stenhouse Jr.,Chv,23,3888,85,80.156,67.369,22
5180,1,2022,47,Ricky Stenhouse Jr.,Chv,23,3888,86,32.569,165.802,23
5180,1,2022,47,Ricky Stenhouse Jr.,Chv,23,3888,87,30.681,176.005,23
5180,1,2022,47,Ricky Stenhouse Jr.,Chv,23,3888,88,30.979,174.312,23
5180,1,2022,47,Ricky Stenhouse Jr.,Chv,23,3888,89,30.434,177.433,22
5180,1,2022,47,Ricky Stenhouse Jr.,Chv,23,3888,90,30.541,176.811,21
5180,1,2022,47,Ricky Stenhouse Jr.,Chv,23,3888,91,30.427,177.474,21
5180,1,2022,47,Ricky Stenhouse Jr.,Chv,23,3888,92,30.751,175.604,20
5180,1,2022,47,Ricky Stenhouse Jr.,Chv,23,3888,93,30.786,175.404,20
5180,1,2022,47,Ricky Stenhouse Jr.,Chv,23,3888,94,32.612,165.583,20
5180,1,2022,47,Ricky Stenhouse Jr.,Chv,23,3888,95,55.923,96.561,17
5180,1,2022,47,Ricky Stenhouse Jr.,Chv,23,3888,96,114.256,47.262,17
5180,1,2022,47,Ricky Stenhouse Jr.,Chv,23,3888,97,118.794,45.457,22
5180,1,2022,47,Ricky Stenhouse Jr.,Chv,23,3888,98,93.601,57.692,20
5180,1,2022,47,Ricky Stenhouse Jr.,Chv,23,3888,99,106.091,50.900,20
5180,1,2022,47,Ricky Stenhouse Jr.,Chv,23,3888,100,94.418,57.192,20
5180,1,2022,47,Ricky Stenhouse Jr.,Chv,23,3888,101,102.956,52.450,20
5180,1,2022,47,Ricky Stenhouse Jr.,Chv,23,3888,102,80.637,66.967,20
5180,1,2022,47,Ricky Stenhouse Jr.,Chv,23,3888,103,100.722,53.613,29
5180,1,2022,47,Ricky Stenhouse Jr.,Chv,23,3888,104,54.354,99.349,26
5180,1,2022,47,Ricky Stenhouse Jr.,Chv,23,3888,105,112.597,47.959,30
5180,1,2022,47,Ricky Stenhouse Jr.,Chv,23,3888,106,90.795,59.475,30
5180,1,2022,47,Ricky Stenhouse Jr.,Chv,23,3888,107,75.205,71.804,30
5180,1,2022,47,Ricky Stenhouse Jr.,Chv,23,3888,108,32.078,168.340,29
5180,1,2022,47,Ricky Stenhouse Jr.,Chv,23,3888,109,30.522,176.922,29
5180,1,2022,47,Ricky Stenhouse Jr.,Chv,23,3888,110,30.781,175.433,29
5180,1,2022,47,Ricky Stenhouse Jr.,Chv,23,3888,111,30.941,174.526,29
5180,1,2022,47,Ricky Stenhouse Jr.,Chv,23,3888,112,30.834,175.131,29
5180,1,2022,47,Ricky Stenhouse Jr.,Chv,23,3888,113,30.945,174.503,29
5180,1,2022,47,Ricky Stenhouse Jr.,Chv,23,3888,114,31.098,173.645,29
5180,1,2022,47,Ricky Stenhouse Jr.,Chv,23,3888,115,31.257,172.761,28
5180,1,2022,47,Ricky Stenhouse Jr.,Chv,23,3888,116,31.1,173.633,28
5180,1,2022,47,Ricky Stenhouse Jr.,Chv,23,3888,117,31.191,173.127,28
5180,1,2022,47,Ricky Stenhouse Jr.,Chv,23,3888,118,31.426,171.832,28
5180,1,2022,47,Ricky Stenhouse Jr.,Chv,23,3888,119,31.309,172.474,28
5180,1,2022,47,Ricky Stenhouse Jr.,Chv,23,3888,120,31.389,172.035,28
5180,1,2022,47,Ricky Stenhouse Jr.,Chv,23,3888,121,31.479,171.543,28
5180,1,2022,47,Ricky Stenhouse Jr.,Chv,23,3888,122,31.428,171.821,28
5180,1,2022,47,Ricky Stenhouse Jr.,Chv,23,3888,123,31.426,171.832,28
5180,1,2022,47,Ricky Stenhouse Jr.,Chv,23,3888,124,31.378,172.095,28
5180,1,2022,47,Ricky Stenhouse Jr.,Chv,23,3888,125,31.671,170.503,29
5180,1,2022,47,Ricky Stenhouse Jr.,Chv,23,3888,126,31.798,169.822,29
5180,1,2022,47,Ricky Stenhouse Jr.,Chv,23,3888,127,31.705,170.320,29
5180,1,2022,47,Ricky Stenhouse Jr.,Chv,23,3888,128,31.916,169.194,30
5180,1,2022,47,Ricky Stenhouse Jr.,Chv,23,3888,129,31.669,170.514,30
5180,1,2022,47,Ricky Stenhouse Jr.,Chv,23,3888,130,31.832,169.641,30
5180,1,2022,47,Ricky Stenhouse Jr.,Chv,23,3888,131,31.602,170.875,30
5180,1,2022,47,Ricky Stenhouse Jr.,Chv,23,3888,132,31.898,169.290,30
5180,1,2022,47,Ricky Stenhouse Jr.,Chv,23,3888,133,31.759,170.031,30
5180,1,2022,47,Ricky Stenhouse Jr.,Chv,23,3888,134,31.753,170.063,30
5180,1,2022,47,Ricky Stenhouse Jr.,Chv,23,3888,135,31.832,169.641,30
5180,1,2022,47,Ricky Stenhouse Jr.,Chv,23,3888,136,31.904,169.258,30
5180,1,2022,47,Ricky Stenhouse Jr.,Chv,23,3888,137,31.856,169.513,30
5180,1,2022,47,Ricky Stenhouse Jr.,Chv,23,3888,138,31.837,169.614,30
5180,1,2022,47,Ricky Stenhouse Jr.,Chv,23,3888,139,31.794,169.843,30
5180,1,2022,47,Ricky Stenhouse Jr.,Chv,23,3888,140,31.908,169.237,30
5180,1,2022,47,Ricky Stenhouse Jr.,Chv,23,3888,141,32.034,168.571,30
5180,1,2022,47,Ricky Stenhouse Jr.,Chv,23,3888,142,31.855,169.518,30
5180,1,2022,47,Ricky Stenhouse Jr.,Chv,23,3888,143,31.879,169.391,30
5180,1,2022,47,Ricky Stenhouse Jr.,Chv,23,3888,144,32.157,167.926,30
5180,1,2022,47,Ricky Stenhouse Jr.,Chv,23,3888,145,32.196,167.723,30
5180,1,2022,47,Ricky Stenhouse Jr.,Chv,23,3888,146,31.997,168.766,30
5180,1,2022,47,Ricky Stenhouse Jr.,Chv,23,3888,147,32.051,168.481,30
5180,1,2022,47,Ricky Stenhouse Jr.,Chv,23,3888,148,32.551,165.894,30
5180,1,2022,47,Ricky Stenhouse Jr.,Chv,23,3888,149,32.154,167.942,30
5180,1,2022,47,Ricky Stenhouse Jr.,Chv,23,3888,150,32.069,168.387,30
5180,1,2022,47,Ricky Stenhouse Jr.,Chv,23,3888,151,32.139,168.020,30
5180,1,2022,47,Ricky Stenhouse Jr.,Chv,23,3888,152,32.3,167.183,30
5180,1,2022,47,Ricky Stenhouse Jr.,Chv,23,3888,153,32.72,165.037,30
5180,1,2022,47,Ricky Stenhouse Jr.,Chv,23,3888,154,32.873,164.269,30
5180,1,2022,47,Ricky Stenhouse Jr.,Chv,23,3888,155,32.742,164.926,30
5180,1,2022,47,Ricky Stenhouse Jr.,Chv,23,3888,156,32.75,164.885,30
5180,1,2022,47,Ricky Stenhouse Jr.,Chv,23,3888,157,32.444,166.441,30
5180,1,2022,47,Ricky Stenhouse Jr.,Chv,23,3888,158,32.731,164.981,30
5180,1,2022,47,Ricky Stenhouse Jr.,Chv,23,3888,159,32.646,165.411,30
5180,1,2022,47,Ricky Stenhouse Jr.,Chv,23,3888,160,32.522,166.041,30
5180,1,2022,47,Ricky Stenhouse Jr.,Chv,23,3888,161,32.289,167.240,30
5180,1,2022,47,Ricky Stenhouse Jr.,Chv,23,3888,162,32.268,167.348,30
5180,1,2022,47,Ricky Stenhouse Jr.,Chv,23,3888,163,32.564,165.827,30
5180,1,2022,47,Ricky Stenhouse Jr.,Chv,23,3888,164,32.787,164.699,30
5180,1,2022,47,Ricky Stenhouse Jr.,Chv,23,3888,165,47.961,112.591,30
5180,1,2022,47,Ricky Stenhouse Jr.,Chv,23,3888,166,92.239,58.544,30
5180,1,2022,47,Ricky Stenhouse Jr.,Chv,23,3888,167,90.58,59.616,30
5180,1,2022,47,Ricky Stenhouse Jr.,Chv,23,3888,168,182.014,29.668,30
5180,1,2022,47,Ricky Stenhouse Jr.,Chv,23,3888,169,60.71,88.947,30
5180,1,2022,47,Ricky Stenhouse Jr.,Chv,23,3888,170,53.118,101.660,30
5180,1,2022,47,Ricky Stenhouse Jr.,Chv,23,3888,171,30.609,176.419,30
5180,1,2022,47,Ricky Stenhouse Jr.,Chv,23,3888,172,30.168,178.998,30
5180,1,2022,47,Ricky Stenhouse Jr.,Chv,23,3888,173,30.458,177.293,30
5180,1,2022,47,Ricky Stenhouse Jr.,Chv,23,3888,174,30.987,174.267,30
5180,1,2022,47,Ricky Stenhouse Jr.,Chv,23,3888,175,30.783,175.421,30
5180,1,2022,47,Ricky Stenhouse Jr.,Chv,23,3888,176,30.753,175.593,30
5180,1,2022,47,Ricky Stenhouse Jr.,Chv,23,3888,177,30.823,175.194,30
5180,1,2022,47,Ricky Stenhouse Jr.,Chv,23,3888,178,31.222,172.955,30
5180,1,2022,47,Ricky Stenhouse Jr.,Chv,23,3888,179,31.253,172.783,30
5180,1,2022,47,Ricky Stenhouse Jr.,Chv,23,3888,180,31.178,173.199,30
5180,1,2022,47,Ricky Stenhouse Jr.,Chv,23,3888,181,31.174,173.221,30
5180,1,2022,47,Ricky Stenhouse Jr.,Chv,23,3888,182,31.29,172.579,30
5180,1,2022,47,Ricky Stenhouse Jr.,Chv,23,3888,183,31.177,173.205,30
5180,1,2022,47,Ricky Stenhouse Jr.,Chv,23,3888,184,31.109,173.583,30
5180,1,2022,47,Ricky Stenhouse Jr.,Chv,23,3888,185,31.343,172.287,30
5180,1,2022,47,Ricky Stenhouse Jr.,Chv,23,3888,186,31.236,172.877,30
5180,1,2022,47,Ricky Stenhouse Jr.,Chv,23,3888,187,31.215,172.994,30
5180,1,2022,47,Ricky Stenhouse Jr.,Chv,23,3888,188,31.282,172.623,30
5180,1,2022,47,Ricky Stenhouse Jr.,Chv,23,3888,189,31.464,171.625,30
5180,1,2022,47,Ricky Stenhouse Jr.,Chv,23,3888,190,31.434,171.789,30
5180,1,2022,47,Ricky Stenhouse Jr.,Chv,23,3888,191,31.556,171.124,30
5180,1,2022,47,Ricky Stenhouse Jr.,Chv,23,3888,192,31.38,172.084,30
5180,1,2022,47,Ricky Stenhouse Jr.,Chv,23,3888,193,39.784,135.733,30
5180,1,2022,47,Ricky Stenhouse Jr.,Chv,23,3888,194,71.134,75.913,30
5180,1,2022,47,Ricky Stenhouse Jr.,Chv,23,3888,195,83.799,64.440,30
5180,1,2022,47,Ricky Stenhouse Jr.,Chv,23,3888,196,150.856,35.796,30
5180,1,2022,47,Ricky Stenhouse Jr.,Chv,23,3888,197,80.879,66.766,30
5180,1,2022,47,Ricky Stenhouse Jr.,Chv,23,3888,198,67.738,79.719,30
5180,1,2022,47,Ricky Stenhouse Jr.,Chv,23,3888,199,32.11,168.172,30
5180,1,2022,47,Ricky Stenhouse Jr.,Chv,23,3888,200,30.752,175.598,30
5180,1,2022,47,Ricky Stenhouse Jr.,Chv,23,3888,201,31.162,173.288,30
5180,1,2022,47,Ricky Stenhouse Jr.,Chv,23,3888,202,31.099,173.639,30
5180,1,2022,47,Ricky Stenhouse Jr.,Chv,23,3888,203,31.262,172.734,30
5180,1,2022,47,Ricky Stenhouse Jr.,Chv,23,3888,204,31.021,174.076,30
5180,1,2022,47,Ricky Stenhouse Jr.,Chv,23,3888,205,31.086,173.712,30
5180,1,2022,47,Ricky Stenhouse Jr.,Chv,23,3888,206,31.195,173.105,30
5180,1,2022,47,Ricky Stenhouse Jr.,Chv,23,3888,207,31.099,173.639,30
5180,1,2022,47,Ricky Stenhouse Jr.,Chv,23,3888,208,31.08,173.745,29
5180,1,2022,47,Ricky Stenhouse Jr.,Chv,23,3888,209,31.194,173.110,29
5180,1,2022,47,Ricky Stenhouse Jr.,Chv,23,3888,210,31.325,172.386,29
5180,1,2022,47,Ricky Stenhouse Jr.,Chv,23,3888,211,31.322,172.403,29
5180,1,2022,47,Ricky Stenhouse Jr.,Chv,23,3888,212,31.364,172.172,29
5180,1,2022,47,Ricky Stenhouse Jr.,Chv,23,3888,213,31.522,171.309,29
5180,1,2022,47,Ricky Stenhouse Jr.,Chv,23,3888,214,31.416,171.887,29
5180,1,2022,47,Ricky Stenhouse Jr.,Chv,23,3888,215,31.377,172.101,29
5180,1,2022,47,Ricky Stenhouse Jr.,Chv,23,3888,216,31.359,172.199,29
5180,1,2022,47,Ricky Stenhouse Jr.,Chv,23,3888,217,31.42,171.865,29
5180,1,2022,47,Ricky Stenhouse Jr.,Chv,23,3888,218,31.309,172.474,29
5180,1,2022,47,Ricky Stenhouse Jr.,Chv,23,3888,219,31.301,172.518,29
5180,1,2022,47,Ricky Stenhouse Jr.,Chv,23,3888,220,31.192,173.121,29
5180,1,2022,47,Ricky Stenhouse Jr.,Chv,23,3888,221,31.379,172.090,29
5180,1,2022,47,Ricky Stenhouse Jr.,Chv,23,3888,222,31.574,171.027,29
5180,1,2022,47,Ricky Stenhouse Jr.,Chv,23,3888,223,31.453,171.685,29
5180,1,2022,47,Ricky Stenhouse Jr.,Chv,23,3888,224,31.524,171.298,29
5180,1,2022,47,Ricky Stenhouse Jr.,Chv,23,3888,225,31.489,171.488,29
5180,1,2022,47,Ricky Stenhouse Jr.,Chv,23,3888,226,31.718,170.250,29
5180,1,2022,47,Ricky Stenhouse Jr.,Chv,23,3888,227,47.453,113.797,29
5180,1,2022,47,Ricky Stenhouse Jr.,Chv,23,3888,228,58.866,91.734,28
5180,1,2022,47,Ricky Stenhouse Jr.,Chv,23,3888,229,43.285,124.755,28
5180,1,2022,47,Ricky Stenhouse Jr.,Chv,23,3888,230,110.901,48.692,28
5180,1,2022,47,Ricky Stenhouse Jr.,Chv,23,3888,231,68.763,78.531,27
5180,1,2022,47,Ricky Stenhouse Jr.,Chv,23,3888,232,75.761,71.277,27
5180,1,2022,47,Ricky Stenhouse Jr.,Chv,23,3888,233,32.475,166.282,27
5180,1,2022,47,Ricky Stenhouse Jr.,Chv,23,3888,234,30.816,175.234,27
5180,1,2022,47,Ricky Stenhouse Jr.,Chv,23,3888,235,31.066,173.823,27
5180,1,2022,47,Ricky Stenhouse Jr.,Chv,23,3888,236,30.796,175.347,27
5180,1,2022,47,Ricky Stenhouse Jr.,Chv,23,3888,237,31.542,171.200,27
5180,1,2022,47,Ricky Stenhouse Jr.,Chv,23,3888,238,30.795,175.353,27
5180,1,2022,47,Ricky Stenhouse Jr.,Chv,23,3888,239,31.097,173.650,27
5180,1,2022,47,Ricky Stenhouse Jr.,Chv,23,3888,240,32.439,166.466,23
5180,1,2022,47,Ricky Stenhouse Jr.,Chv,23,3888,241,52.178,103.492,23
5180,1,2022,47,Ricky Stenhouse Jr.,Chv,23,3888,242,106.929,50.501,25
5180,1,2022,47,Ricky Stenhouse Jr.,Chv,23,3888,243,87.091,62.004,25
5180,1,2022,47,Ricky Stenhouse Jr.,Chv,23,3888,244,102.612,52.625,25
5180,1,2022,47,Ricky Stenhouse Jr.,Chv,23,3888,245,79.476,67.945,25
5180,1,2022,47,Ricky Stenhouse Jr.,Chv,23,3888,246,33.769,159.910,24
5180,1,2022,47,Ricky Stenhouse Jr.,Chv,23,3888,247,60.461,89.314,23
5180,1,2022,47,Ricky Stenhouse Jr.,Chv,23,3888,248,86.249,62.609,25
5180,1,2022,47,Ricky Stenhouse Jr.,Chv,23,3888,249,103.147,52.352,23
5180,1,2022,47,Ricky Stenhouse Jr.,Chv,23,3888,250,104.615,51.618,24
5180,1,2022,47,Ricky Stenhouse Jr.,Chv,23,3888,251,81.097,66.587,22
5180,1,2022,47,Ricky Stenhouse Jr.,Chv,23,3888,252,32.595,165.670,21
5180,1,2022,47,Ricky Stenhouse Jr.,Chv,23,3888,253,31.012,174.126,24
5180,1,2022,47,Ricky Stenhouse Jr.,Chv,23,3888,254,30.637,176.257,24
5180,1,2022,47,Ricky Stenhouse Jr.,Chv,23,3888,255,30.976,174.329,24
5180,1,2022,47,Ricky Stenhouse Jr.,Chv,23,3888,256,30.791,175.376,24
5180,1,2022,47,Ricky Stenhouse Jr.,Chv,23,3888,257,30.949,174.481,24
5180,1,2022,47,Ricky Stenhouse Jr.,Chv,23,3888,258,31.042,173.958,24
5180,1,2022,47,Ricky Stenhouse Jr.,Chv,23,3888,259,31.221,172.961,24
5180,1,2022,47,Ricky Stenhouse Jr.,Chv,23,3888,260,30.968,174.374,24
5180,1,2022,47,Ricky Stenhouse Jr.,Chv,23,3888,261,31.024,174.059,24
5180,1,2022,47,Ricky Stenhouse Jr.,Chv,23,3888,262,31.298,172.535,23
5180,1,2022,47,Ricky Stenhouse Jr.,Chv,23,3888,263,31.135,173.438,23
5180,1,2022,47,Ricky Stenhouse Jr.,Chv,23,3888,264,31.195,173.105,23
5180,1,2022,47,Ricky Stenhouse Jr.,Chv,23,3888,265,31.183,173.171,23
5180,1,2022,47,Ricky Stenhouse Jr.,Chv,23,3888,266,31.387,172.046,23
5180,1,2022,47,Ricky Stenhouse Jr.,Chv,23,3888,267,31.27,172.689,23
5180,1,2022,7,Corey LaJoie,Chv,24,4096,0,,,30
5180,1,2022,7,Corey LaJoie,Chv,24,4096,1,33.015,163.562,29
5180,1,2022,7,Corey LaJoie,Chv,24,4096,2,30.816,175.234,29
5180,1,2022,7,Corey LaJoie,Chv,24,4096,3,30.562,176.690,29
5180,1,2022,7,Corey LaJoie,Chv,24,4096,4,30.697,175.913,29
5180,1,2022,7,Corey LaJoie,Chv,24,4096,5,30.835,175.126,30
5180,1,2022,7,Corey LaJoie,Chv,24,4096,6,30.776,175.461,29
5180,1,2022,7,Corey LaJoie,Chv,24,4096,7,30.992,174.239,30
5180,1,2022,7,Corey LaJoie,Chv,24,4096,8,31.269,172.695,30
5180,1,2022,7,Corey LaJoie,Chv,24,4096,9,30.929,174.593,30
5180,1,2022,7,Corey LaJoie,Chv,24,4096,10,30.93,174.588,30
5180,1,2022,7,Corey LaJoie,Chv,24,4096,11,31.148,173.366,30
5180,1,2022,7,Corey LaJoie,Chv,24,4096,12,30.98,174.306,29
5180,1,2022,7,Corey LaJoie,Chv,24,4096,13,30.986,174.272,29
5180,1,2022,7,Corey LaJoie,Chv,24,4096,14,30.969,174.368,29
5180,1,2022,7,Corey LaJoie,Chv,24,4096,15,31.039,173.975,29
5180,1,2022,7,Corey LaJoie,Chv,24,4096,16,31.182,173.177,29
5180,1,2022,7,Corey LaJoie,Chv,24,4096,17,31.076,173.768,29
5180,1,2022,7,Corey LaJoie,Chv,24,4096,18,31.323,172.397,29
5180,1,2022,7,Corey LaJoie,Chv,24,4096,19,31.455,171.674,29
5180,1,2022,7,Corey LaJoie,Chv,24,4096,20,31.522,171.309,28
5180,1,2022,7,Corey LaJoie,Chv,24,4096,21,31.318,172.425,28
5180,1,2022,7,Corey LaJoie,Chv,24,4096,22,31.294,172.557,29
5180,1,2022,7,Corey LaJoie,Chv,24,4096,23,31.41,171.920,29
5180,1,2022,7,Corey LaJoie,Chv,24,4096,24,31.394,172.007,29
5180,1,2022,7,Corey LaJoie,Chv,24,4096,25,31.469,171.597,29
5180,1,2022,7,Corey LaJoie,Chv,24,4096,26,31.378,172.095,29
5180,1,2022,7,Corey LaJoie,Chv,24,4096,27,31.385,172.057,29
5180,1,2022,7,Corey LaJoie,Chv,24,4096,28,31.386,172.051,29
5180,1,2022,7,Corey LaJoie,Chv,24,4096,29,31.558,171.114,29
5180,1,2022,7,Corey LaJoie,Chv,24,4096,30,31.473,171.576,29
5180,1,2022,7,Corey LaJoie,Chv,24,4096,31,31.583,170.978,29
5180,1,2022,7,Corey LaJoie,Chv,24,4096,32,31.57,171.048,29
5180,1,2022,7,Corey LaJoie,Chv,24,4096,33,31.607,170.848,30
5180,1,2022,7,Corey LaJoie,Chv,24,4096,34,31.99,168.803,29
5180,1,2022,7,Corey LaJoie,Chv,24,4096,35,31.748,170.089,29
5180,1,2022,7,Corey LaJoie,Chv,24,4096,36,31.65,170.616,28
5180,1,2022,7,Corey LaJoie,Chv,24,4096,37,31.609,170.837,28
5180,1,2022,7,Corey LaJoie,Chv,24,4096,38,31.704,170.326,20
5180,1,2022,7,Corey LaJoie,Chv,24,4096,39,43.344,124.585,14
5180,1,2022,7,Corey LaJoie,Chv,24,4096,40,60.817,88.791,33
5180,1,2022,7,Corey LaJoie,Chv,24,4096,41,30.547,176.777,32
5180,1,2022,7,Corey LaJoie,Chv,24,4096,42,30.748,175.621,30
5180,1,2022,7,Corey LaJoie,Chv,24,4096,43,30.403,177.614,29
5180,1,2022,7,Corey LaJoie,Chv,24,4096,44,30.392,177.678,29
5180,1,2022,7,Corey LaJoie,Chv,24,4096,45,30.701,175.890,29
5180,1,2022,7,Corey LaJoie,Chv,24,4096,46,31.199,173.082,30
5180,1,2022,7,Corey LaJoie,Chv,24,4096,47,31.14,173.410,30
5180,1,2022,7,Corey LaJoie,Chv,24,4096,48,31.658,170.573,30
5180,1,2022,7,Corey LaJoie,Chv,24,4096,49,31.365,172.166,30
5180,1,2022,7,Corey LaJoie,Chv,24,4096,50,31.335,172.331,30
5180,1,2022,7,Corey LaJoie,Chv,24,4096,51,31.317,172.430,30
5180,1,2022,7,Corey LaJoie,Chv,24,4096,52,31.205,173.049,30
5180,1,2022,7,Corey LaJoie,Chv,24,4096,53,31.235,172.883,30
5180,1,2022,7,Corey LaJoie,Chv,24,4096,54,31.223,172.949,30
5180,1,2022,7,Corey LaJoie,Chv,24,4096,55,31.456,171.668,30
5180,1,2022,7,Corey LaJoie,Chv,24,4096,56,31.286,172.601,30
5180,1,2022,7,Corey LaJoie,Chv,24,4096,57,31.416,171.887,30
5180,1,2022,7,Corey LaJoie,Chv,24,4096,58,31.376,172.106,30
5180,1,2022,7,Corey LaJoie,Chv,24,4096,59,31.677,170.471,30
5180,1,2022,7,Corey LaJoie,Chv,24,4096,60,31.473,171.576,30
5180,1,2022,7,Corey LaJoie,Chv,24,4096,61,31.546,171.179,30
5180,1,2022,7,Corey LaJoie,Chv,24,4096,62,31.617,170.794,30
5180,1,2022,7,Corey LaJoie,Chv,24,4096,63,31.432,171.799,30
5180,1,2022,7,Corey LaJoie,Chv,24,4096,64,31.593,170.924,30
5180,1,2022,7,Corey LaJoie,Chv,24,4096,65,31.701,170.342,30
5180,1,2022,7,Corey LaJoie,Chv,24,4096,66,31.91,169.226,30
5180,1,2022,7,Corey LaJoie,Chv,24,4096,67,31.927,169.136,30
5180,1,2022,7,Corey LaJoie,Chv,24,4096,68,31.904,169.258,31
5180,1,2022,7,Corey LaJoie,Chv,24,4096,69,32.154,167.942,32
5180,1,2022,7,Corey LaJoie,Chv,24,4096,70,32.33,167.028,32
5180,1,2022,7,Corey LaJoie,Chv,24,4096,71,31.762,170.014,32
5180,1,2022,7,Corey LaJoie,Chv,24,4096,72,31.827,169.667,32
5180,1,2022,7,Corey LaJoie,Chv,24,4096,73,32.026,168.613,32
5180,1,2022,7,Corey LaJoie,Chv,24,4096,74,32.012,168.687,32
5180,1,2022,7,Corey LaJoie,Chv,24,4096,75,32.344,166.955,32
5180,1,2022,7,Corey LaJoie,Chv,24,4096,76,38.18,141.435,32
5180,1,2022,7,Corey LaJoie,Chv,24,4096,77,45.187,119.503,32
5180,1,2022,7,Corey LaJoie,Chv,24,4096,78,70.615,76.471,31
5180,1,2022,7,Corey LaJoie,Chv,24,4096,79,100.647,53.653,31
5180,1,2022,7,Corey LaJoie,Chv,24,4096,80,98.126,55.031,31
5180,1,2022,7,Corey LaJoie,Chv,24,4096,81,87.717,61.562,31
5180,1,2022,7,Corey LaJoie,Chv,24,4096,82,97.882,55.168,28
5180,1,2022,7,Corey LaJoie,Chv,24,4096,83,123.189,43.835,31
5180,1,2022,7,Corey LaJoie,Chv,24,4096,84,72.13,74.865,32
5180,1,2022,7,Corey LaJoie,Chv,24,4096,85,32.235,167.520,30
5180,1,2022,7,Corey LaJoie,Chv,24,4096,86,30.519,176.939,29
5180,1,2022,7,Corey LaJoie,Chv,24,4096,87,30.903,174.740,29
5180,1,2022,7,Corey LaJoie,Chv,24,4096,88,31.023,174.064,29
5180,1,2022,7,Corey LaJoie,Chv,24,4096,89,30.935,174.560,29
5180,1,2022,7,Corey LaJoie,Chv,24,4096,90,31.054,173.891,29
5180,1,2022,7,Corey LaJoie,Chv,24,4096,91,30.891,174.808,29
5180,1,2022,7,Corey LaJoie,Chv,24,4096,92,30.884,174.848,29
5180,1,2022,7,Corey LaJoie,Chv,24,4096,93,35.116,153.776,29
5180,1,2022,7,Corey LaJoie,Chv,24,4096,94,62.427,86.501,29
5180,1,2022,7,Corey LaJoie,Chv,24,4096,95,113.232,47.690,26
5180,1,2022,7,Corey LaJoie,Chv,24,4096,96,88.833,60.788,26
5180,1,2022,7,Corey LaJoie,Chv,24,4096,97,95.963,56.272,26
5180,1,2022,7,Corey LaJoie,Chv,24,4096,98,104.408,51.720,26
5180,1,2022,7,Corey LaJoie,Chv,24,4096,99,97.948,55.131,26
5180,1,2022,7,Corey LaJoie,Chv,24,4096,100,69.843,77.316,26
5180,1,2022,7,Corey LaJoie,Chv,24,4096,101,57.156,94.478,26
5180,1,2022,7,Corey LaJoie,Chv,24,4096,102,72.679,74.299,26
5180,1,2022,7,Corey LaJoie,Chv,24,4096,103,50.577,106.768,27
5180,1,2022,7,Corey LaJoie,Chv,24,4096,104,91.294,59.150,24
5180,1,2022,7,Corey LaJoie,Chv,24,4096,105,104.228,51.809,22
5180,1,2022,7,Corey LaJoie,Chv,24,4096,106,104.111,51.868,22
5180,1,2022,7,Corey LaJoie,Chv,24,4096,107,81.842,65.981,21
5180,1,2022,7,Corey LaJoie,Chv,24,4096,108,32.163,167.895,21
5180,1,2022,7,Corey LaJoie,Chv,24,4096,109,30.558,176.713,21
5180,1,2022,7,Corey LaJoie,Chv,24,4096,110,30.592,176.517,21
5180,1,2022,7,Corey LaJoie,Chv,24,4096,111,30.656,176.148,21
5180,1,2022,7,Corey LaJoie,Chv,24,4096,112,30.791,175.376,21
5180,1,2022,7,Corey LaJoie,Chv,24,4096,113,30.832,175.143,21
5180,1,2022,7,Corey LaJoie,Chv,24,4096,114,31.026,174.048,22
5180,1,2022,7,Corey LaJoie,Chv,24,4096,115,31.07,173.801,21
5180,1,2022,7,Corey LaJoie,Chv,24,4096,116,31.153,173.338,21
5180,1,2022,7,Corey LaJoie,Chv,24,4096,117,31.044,173.947,22
5180,1,2022,7,Corey LaJoie,Chv,24,4096,118,31.014,174.115,22
5180,1,2022,7,Corey LaJoie,Chv,24,4096,119,31.242,172.844,22
5180,1,2022,7,Corey LaJoie,Chv,24,4096,120,31.346,172.271,23
5180,1,2022,7,Corey LaJoie,Chv,24,4096,121,31.197,173.094,23
5180,1,2022,7,Corey LaJoie,Chv,24,4096,122,31.146,173.377,23
5180,1,2022,7,Corey LaJoie,Chv,24,4096,123,31.315,172.441,23
5180,1,2022,7,Corey LaJoie,Chv,24,4096,124,31.362,172.183,23
5180,1,2022,7,Corey LaJoie,Chv,24,4096,125,31.309,172.474,23
5180,1,2022,7,Corey LaJoie,Chv,24,4096,126,31.248,172.811,23
5180,1,2022,7,Corey LaJoie,Chv,24,4096,127,31.296,172.546,23
5180,1,2022,7,Corey LaJoie,Chv,24,4096,128,31.358,172.205,23
5180,1,2022,7,Corey LaJoie,Chv,24,4096,129,31.393,172.013,23
5180,1,2022,7,Corey LaJoie,Chv,24,4096,130,31.299,172.529,23
5180,1,2022,7,Corey LaJoie,Chv,24,4096,131,31.345,172.276,23
5180,1,2022,7,Corey LaJoie,Chv,24,4096,132,31.337,172.320,23
5180,1,2022,7,Corey LaJoie,Chv,24,4096,133,31.573,171.032,23
5180,1,2022,7,Corey LaJoie,Chv,24,4096,134,31.555,171.130,23
5180,1,2022,7,Corey LaJoie,Chv,24,4096,135,31.681,170.449,23
5180,1,2022,7,Corey LaJoie,Chv,24,4096,136,31.544,171.189,23
5180,1,2022,7,Corey LaJoie,Chv,24,4096,137,31.5,171.429,23
5180,1,2022,7,Corey LaJoie,Chv,24,4096,138,31.452,171.690,23
5180,1,2022,7,Corey LaJoie,Chv,24,4096,139,31.606,170.854,23
5180,1,2022,7,Corey LaJoie,Chv,24,4096,140,31.721,170.234,23
5180,1,2022,7,Corey LaJoie,Chv,24,4096,141,31.528,171.276,23
5180,1,2022,7,Corey LaJoie,Chv,24,4096,142,31.58,170.994,23
5180,1,2022,7,Corey LaJoie,Chv,24,4096,143,31.538,171.222,23
5180,1,2022,7,Corey LaJoie,Chv,24,4096,144,31.561,171.097,23
5180,1,2022,7,Corey LaJoie,Chv,24,4096,145,31.578,171.005,23
5180,1,2022,7,Corey LaJoie,Chv,24,4096,146,31.753,170.063,23
5180,1,2022,7,Corey LaJoie,Chv,24,4096,147,31.693,170.385,23
5180,1,2022,7,Corey LaJoie,Chv,24,4096,148,31.991,168.797,23
5180,1,2022,7,Corey LaJoie,Chv,24,4096,149,31.81,169.758,23
5180,1,2022,7,Corey LaJoie,Chv,24,4096,150,31.875,169.412,23
5180,1,2022,7,Corey LaJoie,Chv,24,4096,151,31.653,170.600,23
5180,1,2022,7,Corey LaJoie,Chv,24,4096,152,32.047,168.503,23
5180,1,2022,7,Corey LaJoie,Chv,24,4096,153,32.064,168.413,23
5180,1,2022,7,Corey LaJoie,Chv,24,4096,154,32.009,168.703,23
5180,1,2022,7,Corey LaJoie,Chv,24,4096,155,31.99,168.803,22
5180,1,2022,7,Corey LaJoie,Chv,24,4096,156,31.908,169.237,21
5180,1,2022,7,Corey LaJoie,Chv,24,4096,157,31.885,169.359,20
5180,1,2022,7,Corey LaJoie,Chv,24,4096,158,31.612,170.821,20
5180,1,2022,7,Corey LaJoie,Chv,24,4096,159,31.866,169.460,20
5180,1,2022,7,Corey LaJoie,Chv,24,4096,160,31.887,169.348,20
5180,1,2022,7,Corey LaJoie,Chv,24,4096,161,31.723,170.223,20
5180,1,2022,7,Corey LaJoie,Chv,24,4096,162,31.884,169.364,20
5180,1,2022,7,Corey LaJoie,Chv,24,4096,163,32.245,167.468,21
5180,1,2022,7,Corey LaJoie,Chv,24,4096,164,32.185,167.780,21
5180,1,2022,7,Corey LaJoie,Chv,24,4096,165,33.047,163.404,21
5180,1,2022,7,Corey LaJoie,Chv,24,4096,166,45.459,118.788,21
5180,1,2022,7,Corey LaJoie,Chv,24,4096,167,90.699,59.538,21
5180,1,2022,7,Corey LaJoie,Chv,24,4096,168,89.123,60.590,12
5180,1,2022,7,Corey LaJoie,Chv,24,4096,169,109.594,49.273,24
5180,1,2022,7,Corey LaJoie,Chv,24,4096,170,98.879,54.612,22
5180,1,2022,7,Corey LaJoie,Chv,24,4096,171,77.925,69.297,23
5180,1,2022,7,Corey LaJoie,Chv,24,4096,172,32.419,166.569,24
5180,1,2022,7,Corey LaJoie,Chv,24,4096,173,30.892,174.803,26
5180,1,2022,7,Corey LaJoie,Chv,24,4096,174,30.642,176.229,25
5180,1,2022,7,Corey LaJoie,Chv,24,4096,175,30.761,175.547,26
5180,1,2022,7,Corey LaJoie,Chv,24,4096,176,30.779,175.444,25
5180,1,2022,7,Corey LaJoie,Chv,24,4096,177,30.916,174.667,25
5180,1,2022,7,Corey LaJoie,Chv,24,4096,178,31.164,173.277,25
5180,1,2022,7,Corey LaJoie,Chv,24,4096,179,31.303,172.507,26
5180,1,2022,7,Corey LaJoie,Chv,24,4096,180,31.029,174.031,26
5180,1,2022,7,Corey LaJoie,Chv,24,4096,181,31.134,173.444,26
5180,1,2022,7,Corey LaJoie,Chv,24,4096,182,31.105,173.606,26
5180,1,2022,7,Corey LaJoie,Chv,24,4096,183,31.122,173.511,26
5180,1,2022,7,Corey LaJoie,Chv,24,4096,184,31.187,173.149,26
5180,1,2022,7,Corey LaJoie,Chv,24,4096,185,31.084,173.723,26
5180,1,2022,7,Corey LaJoie,Chv,24,4096,186,31.342,172.293,26
5180,1,2022,7,Corey LaJoie,Chv,24,4096,187,31.163,173.282,26
5180,1,2022,7,Corey LaJoie,Chv,24,4096,188,31.269,172.695,26
5180,1,2022,7,Corey LaJoie,Chv,24,4096,189,31.413,171.903,26
5180,1,2022,7,Corey LaJoie,Chv,24,4096,190,31.21,173.021,26
5180,1,2022,7,Corey LaJoie,Chv,24,4096,191,31.243,172.839,26
5180,1,2022,7,Corey LaJoie,Chv,24,4096,192,31.422,171.854,26
5180,1,2022,7,Corey LaJoie,Chv,24,4096,193,31.299,172.529,26
5180,1,2022,7,Corey LaJoie,Chv,24,4096,194,40.146,134.509,26
5180,1,2022,7,Corey LaJoie,Chv,24,4096,195,70.874,76.192,26
5180,1,2022,7,Corey LaJoie,Chv,24,4096,196,91.162,59.235,14
5180,1,2022,7,Corey LaJoie,Chv,24,4096,197,101.897,52.995,18
5180,1,2022,7,Corey LaJoie,Chv,24,4096,198,99.539,54.250,17
5180,1,2022,7,Corey LaJoie,Chv,24,4096,199,90.404,59.732,15
5180,1,2022,7,Corey LaJoie,Chv,24,4096,200,32.72,165.037,14
5180,1,2022,7,Corey LaJoie,Chv,24,4096,201,30.589,176.534,13
5180,1,2022,7,Corey LaJoie,Chv,24,4096,202,30.718,175.793,13
5180,1,2022,7,Corey LaJoie,Chv,24,4096,203,30.693,175.936,13
5180,1,2022,7,Corey LaJoie,Chv,24,4096,204,30.516,176.956,13
5180,1,2022,7,Corey LaJoie,Chv,24,4096,205,30.66,176.125,14
5180,1,2022,7,Corey LaJoie,Chv,24,4096,206,30.876,174.893,15
5180,1,2022,7,Corey LaJoie,Chv,24,4096,207,31.271,172.684,15
5180,1,2022,7,Corey LaJoie,Chv,24,4096,208,31.182,173.177,15
5180,1,2022,7,Corey LaJoie,Chv,24,4096,209,31.339,172.309,17
5180,1,2022,7,Corey LaJoie,Chv,24,4096,210,31.435,171.783,19
5180,1,2022,7,Corey LaJoie,Chv,24,4096,211,31.102,173.622,19
5180,1,2022,7,Corey LaJoie,Chv,24,4096,212,31.333,172.342,21
5180,1,2022,7,Corey LaJoie,Chv,24,4096,213,31.333,172.342,21
5180,1,2022,7,Corey LaJoie,Chv,24,4096,214,31.295,172.552,21
5180,1,2022,7,Corey LaJoie,Chv,24,4096,215,31.31,172.469,21
5180,1,2022,7,Corey LaJoie,Chv,24,4096,216,31.214,172.999,21
5180,1,2022,7,Corey LaJoie,Chv,24,4096,217,31.532,171.255,22
5180,1,2022,7,Corey LaJoie,Chv,24,4096,218,31.368,172.150,22
5180,1,2022,7,Corey LaJoie,Chv,24,4096,219,31.328,172.370,22
5180,1,2022,7,Corey LaJoie,Chv,24,4096,220,31.288,172.590,22
5180,1,2022,7,Corey LaJoie,Chv,24,4096,221,31.29,172.579,22
5180,1,2022,7,Corey LaJoie,Chv,24,4096,222,31.25,172.800,22
5180,1,2022,7,Corey LaJoie,Chv,24,4096,223,31.317,172.430,22
5180,1,2022,7,Corey LaJoie,Chv,24,4096,224,31.423,171.849,22
5180,1,2022,7,Corey LaJoie,Chv,24,4096,225,31.266,172.712,22
5180,1,2022,7,Corey LaJoie,Chv,24,4096,226,31.387,172.046,22
5180,1,2022,7,Corey LaJoie,Chv,24,4096,227,31.558,171.114,22
5180,1,2022,7,Corey LaJoie,Chv,24,4096,228,44.248,122.039,21
5180,1,2022,7,Corey LaJoie,Chv,24,4096,229,72.203,74.789,12
5180,1,2022,7,Corey LaJoie,Chv,24,4096,230,105.498,51.186,17
5180,1,2022,7,Corey LaJoie,Chv,24,4096,231,101.542,53.180,17
5180,1,2022,7,Corey LaJoie,Chv,24,4096,232,84.409,63.974,17
5180,1,2022,7,Corey LaJoie,Chv,24,4096,233,33.12,163.043,18
5180,1,2022,7,Corey LaJoie,Chv,24,4096,234,30.81,175.268,19
5180,1,2022,7,Corey LaJoie,Chv,24,4096,235,30.638,176.252,18
5180,1,2022,7,Corey LaJoie,Chv,24,4096,236,30.594,176.505,18
5180,1,2022,7,Corey LaJoie,Chv,24,4096,237,30.79,175.382,17
5180,1,2022,7,Corey LaJoie,Chv,24,4096,238,31.023,174.064,19
5180,1,2022,7,Corey LaJoie,Chv,24,4096,239,30.889,174.820,19
5180,1,2022,7,Corey LaJoie,Chv,24,4096,240,31.281,172.629,18
5180,1,2022,7,Corey LaJoie,Chv,24,4096,241,52.169,103.510,18
5180,1,2022,7,Corey LaJoie,Chv,24,4096,242,86.663,62.310,14
5180,1,2022,7,Corey LaJoie,Chv,24,4096,243,100.971,53.481,12
5180,1,2022,7,Corey LaJoie,Chv,24,4096,244,100.958,53.488,12
5180,1,2022,7,Corey LaJoie,Chv,24,4096,245,89.708,60.195,11
5180,1,2022,7,Corey LaJoie,Chv,24,4096,246,33.945,159.081,18
5180,1,2022,7,Corey LaJoie,Chv,24,4096,247,59.545,90.688,18
5180,1,2022,7,Corey LaJoie,Chv,24,4096,248,85.223,63.363,17
5180,1,2022,7,Corey LaJoie,Chv,24,4096,249,107.495,50.235,25
5180,1,2022,7,Corey LaJoie,Chv,24,4096,250,99.206,54.432,19
5180,1,2022,7,Corey LaJoie,Chv,24,4096,251,85.667,63.035,25
5180,1,2022,7,Corey LaJoie,Chv,24,4096,252,31.959,168.966,25
5180,1,2022,7,Corey LaJoie,Chv,24,4096,253,30.749,175.615,23
5180,1,2022,7,Corey LaJoie,Chv,24,4096,254,30.608,176.424,23
5180,1,2022,7,Corey LaJoie,Chv,24,4096,255,30.679,176.016,23
5180,1,2022,7,Corey LaJoie,Chv,24,4096,256,30.722,175.770,23
5180,1,2022,7,Corey LaJoie,Chv,24,4096,257,30.979,174.312,22
5180,1,2022,7,Corey LaJoie,Chv,24,4096,258,31.126,173.488,23
5180,1,2022,7,Corey LaJoie,Chv,24,4096,259,30.986,174.272,23
5180,1,2022,7,Corey LaJoie,Chv,24,4096,260,31.043,173.952,23
5180,1,2022,7,Corey LaJoie,Chv,24,4096,261,31.305,172.496,23
5180,1,2022,7,Corey LaJoie,Chv,24,4096,262,31.702,170.336,24
5180,1,2022,7,Corey LaJoie,Chv,24,4096,263,31.393,172.013,24
5180,1,2022,7,Corey LaJoie,Chv,24,4096,264,31.417,171.881,24
5180,1,2022,7,Corey LaJoie,Chv,24,4096,265,31.313,172.452,24
5180,1,2022,7,Corey LaJoie,Chv,24,4096,266,31.375,172.112,24
5180,1,2022,7,Corey LaJoie,Chv,24,4096,267,31.413,171.903,24
5180,1,2022,38,Todd Gilliland #,Frd,25,4231,0,,,35
5180,1,2022,38,Todd Gilliland #,Frd,25,4231,1,33.007,163.602,35
5180,1,2022,38,Todd Gilliland #,Frd,25,4231,2,30.624,176.332,34
5180,1,2022,38,Todd Gilliland #,Frd,25,4231,3,30.524,176.910,32
5180,1,2022,38,Todd Gilliland #,Frd,25,4231,4,30.637,176.257,32
5180,1,2022,38,Todd Gilliland #,Frd,25,4231,5,30.791,175.376,32
5180,1,2022,38,Todd Gilliland #,Frd,25,4231,6,31.192,173.121,33
5180,1,2022,38,Todd Gilliland #,Frd,25,4231,7,30.91,174.701,32
5180,1,2022,38,Todd Gilliland #,Frd,25,4231,8,30.844,175.075,32
5180,1,2022,38,Todd Gilliland #,Frd,25,4231,9,30.958,174.430,31
5180,1,2022,38,Todd Gilliland #,Frd,25,4231,10,31.071,173.796,31
5180,1,2022,38,Todd Gilliland #,Frd,25,4231,11,31.058,173.868,31
5180,1,2022,38,Todd Gilliland #,Frd,25,4231,12,31.004,174.171,31
5180,1,2022,38,Todd Gilliland #,Frd,25,4231,13,31.209,173.027,31
5180,1,2022,38,Todd Gilliland #,Frd,25,4231,14,31.069,173.807,30
5180,1,2022,38,Todd Gilliland #,Frd,25,4231,15,31.206,173.044,30
5180,1,2022,38,Todd Gilliland #,Frd,25,4231,16,31.63,170.724,31
5180,1,2022,38,Todd Gilliland #,Frd,25,4231,17,31.467,171.608,31
5180,1,2022,38,Todd Gilliland #,Frd,25,4231,18,31.356,172.216,31
5180,1,2022,38,Todd Gilliland #,Frd,25,4231,19,31.41,171.920,31
5180,1,2022,38,Todd Gilliland #,Frd,25,4231,20,31.461,171.641,31
5180,1,2022,38,Todd Gilliland #,Frd,25,4231,21,31.6,170.886,31
5180,1,2022,38,Todd Gilliland #,Frd,25,4231,22,31.779,169.924,32
5180,1,2022,38,Todd Gilliland #,Frd,25,4231,23,31.883,169.369,33
5180,1,2022,38,Todd Gilliland #,Frd,25,4231,24,31.662,170.551,33
5180,1,2022,38,Todd Gilliland #,Frd,25,4231,25,31.643,170.654,33
5180,1,2022,38,Todd Gilliland #,Frd,25,4231,26,31.66,170.562,33
5180,1,2022,38,Todd Gilliland #,Frd,25,4231,27,31.645,170.643,33
5180,1,2022,38,Todd Gilliland #,Frd,25,4231,28,31.48,171.537,33
5180,1,2022,38,Todd Gilliland #,Frd,25,4231,29,31.436,171.778,33
5180,1,2022,38,Todd Gilliland #,Frd,25,4231,30,31.505,171.401,33
5180,1,2022,38,Todd Gilliland #,Frd,25,4231,31,31.512,171.363,33
5180,1,2022,38,Todd Gilliland #,Frd,25,4231,32,31.506,171.396,33
5180,1,2022,38,Todd Gilliland #,Frd,25,4231,33,31.456,171.668,33
5180,1,2022,38,Todd Gilliland #,Frd,25,4231,34,31.608,170.843,31
5180,1,2022,38,Todd Gilliland #,Frd,25,4231,35,31.546,171.179,31
5180,1,2022,38,Todd Gilliland #,Frd,25,4231,36,31.625,170.751,31
5180,1,2022,38,Todd Gilliland #,Frd,25,4231,37,31.656,170.584,30
5180,1,2022,38,Todd Gilliland #,Frd,25,4231,38,31.668,170.519,23
5180,1,2022,38,Todd Gilliland #,Frd,25,4231,39,31.801,169.806,12
5180,1,2022,38,Todd Gilliland #,Frd,25,4231,40,44.118,122.399,14
5180,1,2022,38,Todd Gilliland #,Frd,25,4231,41,62.237,86.765,34
5180,1,2022,38,Todd Gilliland #,Frd,25,4231,42,31.052,173.902,32
5180,1,2022,38,Todd Gilliland #,Frd,25,4231,43,30.755,175.581,31
5180,1,2022,38,Todd Gilliland #,Frd,25,4231,44,30.944,174.509,32
5180,1,2022,38,Todd Gilliland #,Frd,25,4231,45,31.135,173.438,32
5180,1,2022,38,Todd Gilliland #,Frd,25,4231,46,30.767,175.513,32
5180,1,2022,38,Todd Gilliland #,Frd,25,4231,47,31.302,172.513,32
5180,1,2022,38,Todd Gilliland #,Frd,25,4231,48,31.477,171.554,32
5180,1,2022,38,Todd Gilliland #,Frd,25,4231,49,31.01,174.137,32
5180,1,2022,38,Todd Gilliland #,Frd,25,4231,50,31.005,174.165,32
5180,1,2022,38,Todd Gilliland #,Frd,25,4231,51,31.411,171.914,32
5180,1,2022,38,Todd Gilliland #,Frd,25,4231,52,31.126,173.488,32
5180,1,2022,38,Todd Gilliland #,Frd,25,4231,53,31.101,173.628,32
5180,1,2022,38,Todd Gilliland #,Frd,25,4231,54,31.069,173.807,32
5180,1,2022,38,Todd Gilliland #,Frd,25,4231,55,30.936,174.554,32
5180,1,2022,38,Todd Gilliland #,Frd,25,4231,56,30.937,174.548,32
5180,1,2022,38,Todd Gilliland #,Frd,25,4231,57,30.962,174.407,32
5180,1,2022,38,Todd Gilliland #,Frd,25,4231,58,31.051,173.907,32
5180,1,2022,38,Todd Gilliland #,Frd,25,4231,59,31.106,173.600,32
5180,1,2022,38,Todd Gilliland #,Frd,25,4231,60,31.035,173.997,32
5180,1,2022,38,Todd Gilliland #,Frd,25,4231,61,31.111,173.572,32
5180,1,2022,38,Todd Gilliland #,Frd,25,4231,62,31.164,173.277,32
5180,1,2022,38,Todd Gilliland #,Frd,25,4231,63,31.306,172.491,32
5180,1,2022,38,Todd Gilliland #,Frd,25,4231,64,31.09,173.689,32
5180,1,2022,38,Todd Gilliland #,Frd,25,4231,65,31.328,172.370,32
5180,1,2022,38,Todd Gilliland #,Frd,25,4231,66,31.271,172.684,32
5180,1,2022,38,Todd Gilliland #,Frd,25,4231,67,31.36,172.194,32
5180,1,2022,38,Todd Gilliland #,Frd,25,4231,68,31.301,172.518,32
5180,1,2022,38,Todd Gilliland #,Frd,25,4231,69,31.862,169.481,31
5180,1,2022,38,Todd Gilliland #,Frd,25,4231,70,31.455,171.674,31
5180,1,2022,38,Todd Gilliland #,Frd,25,4231,71,31.374,172.117,31
5180,1,2022,38,Todd Gilliland #,Frd,25,4231,72,31.768,169.982,31
5180,1,2022,38,Todd Gilliland #,Frd,25,4231,73,31.825,169.678,31
5180,1,2022,38,Todd Gilliland #,Frd,25,4231,74,31.81,169.758,31
5180,1,2022,38,Todd Gilliland #,Frd,25,4231,75,31.752,170.068,31
5180,1,2022,38,Todd Gilliland #,Frd,25,4231,76,36.997,145.958,31
5180,1,2022,38,Todd Gilliland #,Frd,25,4231,77,45.416,118.901,31
5180,1,2022,38,Todd Gilliland #,Frd,25,4231,78,72.453,74.531,30
5180,1,2022,38,Todd Gilliland #,Frd,25,4231,79,100.75,53.598,30
5180,1,2022,38,Todd Gilliland #,Frd,25,4231,80,98.486,54.830,30
5180,1,2022,38,Todd Gilliland #,Frd,25,4231,81,87.866,61.457,30
5180,1,2022,38,Todd Gilliland #,Frd,25,4231,82,98.566,54.786,27
5180,1,2022,38,Todd Gilliland #,Frd,25,4231,83,120.7,44.739,30
5180,1,2022,38,Todd Gilliland #,Frd,25,4231,84,74.563,72.422,30
5180,1,2022,38,Todd Gilliland #,Frd,25,4231,85,32.334,167.007,28
5180,1,2022,38,Todd Gilliland #,Frd,25,4231,86,30.626,176.321,28
5180,1,2022,38,Todd Gilliland #,Frd,25,4231,87,30.676,176.033,28
5180,1,2022,38,Todd Gilliland #,Frd,25,4231,88,30.953,174.458,28
5180,1,2022,38,Todd Gilliland #,Frd,25,4231,89,31.219,172.972,28
5180,1,2022,38,Todd Gilliland #,Frd,25,4231,90,30.904,174.735,28
5180,1,2022,38,Todd Gilliland #,Frd,25,4231,91,30.805,175.296,28
5180,1,2022,38,Todd Gilliland #,Frd,25,4231,92,30.992,174.239,28
5180,1,2022,38,Todd Gilliland #,Frd,25,4231,93,34.899,154.732,28
5180,1,2022,38,Todd Gilliland #,Frd,25,4231,94,59.218,91.188,28
5180,1,2022,38,Todd Gilliland #,Frd,25,4231,95,115.072,46.927,25
5180,1,2022,38,Todd Gilliland #,Frd,25,4231,96,88.88,60.756,25
5180,1,2022,38,Todd Gilliland #,Frd,25,4231,97,96.932,55.709,25
5180,1,2022,38,Todd Gilliland #,Frd,25,4231,98,104.454,51.697,25
5180,1,2022,38,Todd Gilliland #,Frd,25,4231,99,97.824,55.201,25
5180,1,2022,38,Todd Gilliland #,Frd,25,4231,100,69.442,77.763,25
5180,1,2022,38,Todd Gilliland #,Frd,25,4231,101,57.142,94.501,25
5180,1,2022,38,Todd Gilliland #,Frd,25,4231,102,73.965,73.008,25
5180,1,2022,38,Todd Gilliland #,Frd,25,4231,103,49.724,108.599,24
5180,1,2022,38,Todd Gilliland #,Frd,25,4231,104,91.026,59.324,20
5180,1,2022,38,Todd Gilliland #,Frd,25,4231,105,104.52,51.665,21
5180,1,2022,38,Todd Gilliland #,Frd,25,4231,106,103.663,52.092,21
5180,1,2022,38,Todd Gilliland #,Frd,25,4231,107,83.211,64.895,22
5180,1,2022,38,Todd Gilliland #,Frd,25,4231,108,32.24,167.494,22
5180,1,2022,38,Todd Gilliland #,Frd,25,4231,109,31.121,173.516,27
5180,1,2022,38,Todd Gilliland #,Frd,25,4231,110,30.782,175.427,27
5180,1,2022,38,Todd Gilliland #,Frd,25,4231,111,30.851,175.035,27
5180,1,2022,38,Todd Gilliland #,Frd,25,4231,112,30.957,174.436,28
5180,1,2022,38,Todd Gilliland #,Frd,25,4231,113,30.989,174.255,28
5180,1,2022,38,Todd Gilliland #,Frd,25,4231,114,31.317,172.430,28
5180,1,2022,38,Todd Gilliland #,Frd,25,4231,115,31.377,172.101,29
5180,1,2022,38,Todd Gilliland #,Frd,25,4231,116,31.213,173.005,29
5180,1,2022,38,Todd Gilliland #,Frd,25,4231,117,31.19,173.132,29
5180,1,2022,38,Todd Gilliland #,Frd,25,4231,118,31.355,172.221,29
5180,1,2022,38,Todd Gilliland #,Frd,25,4231,119,31.61,170.832,29
5180,1,2022,38,Todd Gilliland #,Frd,25,4231,120,31.407,171.936,29
5180,1,2022,38,Todd Gilliland #,Frd,25,4231,121,31.495,171.456,29
5180,1,2022,38,Todd Gilliland #,Frd,25,4231,122,31.375,172.112,29
5180,1,2022,38,Todd Gilliland #,Frd,25,4231,123,31.398,171.985,29
5180,1,2022,38,Todd Gilliland #,Frd,25,4231,124,31.222,172.955,29
5180,1,2022,38,Todd Gilliland #,Frd,25,4231,125,31.37,172.139,28
5180,1,2022,38,Todd Gilliland #,Frd,25,4231,126,31.4,171.975,28
5180,1,2022,38,Todd Gilliland #,Frd,25,4231,127,31.382,172.073,28
5180,1,2022,38,Todd Gilliland #,Frd,25,4231,128,31.338,172.315,28
5180,1,2022,38,Todd Gilliland #,Frd,25,4231,129,31.485,171.510,28
5180,1,2022,38,Todd Gilliland #,Frd,25,4231,130,31.264,172.723,28
5180,1,2022,38,Todd Gilliland #,Frd,25,4231,131,31.391,172.024,28
5180,1,2022,38,Todd Gilliland #,Frd,25,4231,132,31.738,170.143,28
5180,1,2022,38,Todd Gilliland #,Frd,25,4231,133,31.851,169.539,28
5180,1,2022,38,Todd Gilliland #,Frd,25,4231,134,31.536,171.233,28
5180,1,2022,38,Todd Gilliland #,Frd,25,4231,135,31.596,170.908,28
5180,1,2022,38,Todd Gilliland #,Frd,25,4231,136,31.841,169.593,28
5180,1,2022,38,Todd Gilliland #,Frd,25,4231,137,31.804,169.790,28
5180,1,2022,38,Todd Gilliland #,Frd,25,4231,138,31.522,171.309,28
5180,1,2022,38,Todd Gilliland #,Frd,25,4231,139,31.653,170.600,28
5180,1,2022,38,Todd Gilliland #,Frd,25,4231,140,31.546,171.179,28
5180,1,2022,38,Todd Gilliland #,Frd,25,4231,141,31.618,170.789,28
5180,1,2022,38,Todd Gilliland #,Frd,25,4231,142,31.621,170.773,28
5180,1,2022,38,Todd Gilliland #,Frd,25,4231,143,31.708,170.304,28
5180,1,2022,38,Todd Gilliland #,Frd,25,4231,144,31.671,170.503,28
5180,1,2022,38,Todd Gilliland #,Frd,25,4231,145,31.745,170.106,28
5180,1,2022,38,Todd Gilliland #,Frd,25,4231,146,31.946,169.035,28
5180,1,2022,38,Todd Gilliland #,Frd,25,4231,147,31.836,169.619,28
5180,1,2022,38,Todd Gilliland #,Frd,25,4231,148,31.853,169.529,28
5180,1,2022,38,Todd Gilliland #,Frd,25,4231,149,31.731,170.181,28
5180,1,2022,38,Todd Gilliland #,Frd,25,4231,150,32.12,168.120,28
5180,1,2022,38,Todd Gilliland #,Frd,25,4231,151,32.012,168.687,28
5180,1,2022,38,Todd Gilliland #,Frd,25,4231,152,31.884,169.364,28
5180,1,2022,38,Todd Gilliland #,Frd,25,4231,153,31.743,170.116,28
5180,1,2022,38,Todd Gilliland #,Frd,25,4231,154,31.937,169.083,28
5180,1,2022,38,Todd Gilliland #,Frd,25,4231,155,31.997,168.766,28
5180,1,2022,38,Todd Gilliland #,Frd,25,4231,156,31.98,168.856,28
5180,1,2022,38,Todd Gilliland #,Frd,25,4231,157,32.206,167.671,28
5180,1,2022,38,Todd Gilliland #,Frd,25,4231,158,32.151,167.957,28
5180,1,2022,38,Todd Gilliland #,Frd,25,4231,159,32.092,168.266,28
5180,1,2022,38,Todd Gilliland #,Frd,25,4231,160,32.082,168.319,28
5180,1,2022,38,Todd Gilliland #,Frd,25,4231,161,32.228,167.556,28
5180,1,2022,38,Todd Gilliland #,Frd,25,4231,162,32.331,167.022,28
5180,1,2022,38,Todd Gilliland #,Frd,25,4231,163,32.453,166.394,28
5180,1,2022,38,Todd Gilliland #,Frd,25,4231,164,32.497,166.169,28
5180,1,2022,38,Todd Gilliland #,Frd,25,4231,165,49.704,108.643,28
5180,1,2022,38,Todd Gilliland #,Frd,25,4231,166,95.553,56.513,28
5180,1,2022,38,Todd Gilliland #,Frd,25,4231,167,91.703,58.886,28
5180,1,2022,38,Todd Gilliland #,Frd,25,4231,168,38.075,141.825,27
5180,1,2022,38,Todd Gilliland #,Frd,25,4231,169,69.272,77.954,6
5180,1,2022,38,Todd Gilliland #,Frd,25,4231,170,119.654,45.130,27
5180,1,2022,38,Todd Gilliland #,Frd,25,4231,171,73.06,73.912,27
5180,1,2022,38,Todd Gilliland #,Frd,25,4231,172,32.288,167.245,28
5180,1,2022,38,Todd Gilliland #,Frd,25,4231,173,30.566,176.667,28
5180,1,2022,38,Todd Gilliland #,Frd,25,4231,174,30.753,175.593,27
5180,1,2022,38,Todd Gilliland #,Frd,25,4231,175,31.029,174.031,28
5180,1,2022,38,Todd Gilliland #,Frd,25,4231,176,31.118,173.533,28
5180,1,2022,38,Todd Gilliland #,Frd,25,4231,177,31.127,173.483,28
5180,1,2022,38,Todd Gilliland #,Frd,25,4231,178,30.959,174.424,28
5180,1,2022,38,Todd Gilliland #,Frd,25,4231,179,31.291,172.574,28
5180,1,2022,38,Todd Gilliland #,Frd,25,4231,180,31.316,172.436,28
5180,1,2022,38,Todd Gilliland #,Frd,25,4231,181,31.165,173.271,28
5180,1,2022,38,Todd Gilliland #,Frd,25,4231,182,31.383,172.068,28
5180,1,2022,38,Todd Gilliland #,Frd,25,4231,183,31.177,173.205,28
5180,1,2022,38,Todd Gilliland #,Frd,25,4231,184,31.286,172.601,28
5180,1,2022,38,Todd Gilliland #,Frd,25,4231,185,31.356,172.216,28
5180,1,2022,38,Todd Gilliland #,Frd,25,4231,186,31.454,171.679,28
5180,1,2022,38,Todd Gilliland #,Frd,25,4231,187,31.158,173.310,28
5180,1,2022,38,Todd Gilliland #,Frd,25,4231,188,31.347,172.265,28
5180,1,2022,38,Todd Gilliland #,Frd,25,4231,189,31.573,171.032,28
5180,1,2022,38,Todd Gilliland #,Frd,25,4231,190,31.542,171.200,28
5180,1,2022,38,Todd Gilliland #,Frd,25,4231,191,31.361,172.188,28
5180,1,2022,38,Todd Gilliland #,Frd,25,4231,192,31.41,171.920,28
5180,1,2022,38,Todd Gilliland #,Frd,25,4231,193,31.638,170.681,28
5180,1,2022,38,Todd Gilliland #,Frd,25,4231,194,39.775,135.764,28
5180,1,2022,38,Todd Gilliland #,Frd,25,4231,195,71.03,76.024,28
5180,1,2022,38,Todd Gilliland #,Frd,25,4231,196,88.85,60.777,15
5180,1,2022,38,Todd Gilliland #,Frd,25,4231,197,106.071,50.909,28
5180,1,2022,38,Todd Gilliland #,Frd,25,4231,198,100.763,53.591,26
5180,1,2022,38,Todd Gilliland #,Frd,25,4231,199,84.964,63.556,24
5180,1,2022,38,Todd Gilliland #,Frd,25,4231,200,33.235,162.479,28
5180,1,2022,38,Todd Gilliland #,Frd,25,4231,201,30.792,175.370,27
5180,1,2022,38,Todd Gilliland #,Frd,25,4231,202,31.012,174.126,27
5180,1,2022,38,Todd Gilliland #,Frd,25,4231,203,30.875,174.899,27
5180,1,2022,38,Todd Gilliland #,Frd,25,4231,204,30.869,174.933,27
5180,1,2022,38,Todd Gilliland #,Frd,25,4231,205,30.96,174.419,27
5180,1,2022,38,Todd Gilliland #,Frd,25,4231,206,31.08,173.745,27
5180,1,2022,38,Todd Gilliland #,Frd,25,4231,207,31.144,173.388,26
5180,1,2022,38,Todd Gilliland #,Frd,25,4231,208,31.026,174.048,26
5180,1,2022,38,Todd Gilliland #,Frd,25,4231,209,31.105,173.606,26
5180,1,2022,38,Todd Gilliland #,Frd,25,4231,210,31.538,171.222,27
5180,1,2022,38,Todd Gilliland #,Frd,25,4231,211,31.368,172.150,27
5180,1,2022,38,Todd Gilliland #,Frd,25,4231,212,31.448,171.712,28
5180,1,2022,38,Todd Gilliland #,Frd,25,4231,213,31.466,171.614,28
5180,1,2022,38,Todd Gilliland #,Frd,25,4231,214,31.498,171.439,28
5180,1,2022,38,Todd Gilliland #,Frd,25,4231,215,31.323,172.397,28
5180,1,2022,38,Todd Gilliland #,Frd,25,4231,216,31.305,172.496,28
5180,1,2022,38,Todd Gilliland #,Frd,25,4231,217,31.525,171.293,28
5180,1,2022,38,Todd Gilliland #,Frd,25,4231,218,31.665,170.535,28
5180,1,2022,38,Todd Gilliland #,Frd,25,4231,219,31.638,170.681,28
5180,1,2022,38,Todd Gilliland #,Frd,25,4231,220,31.422,171.854,28
5180,1,2022,38,Todd Gilliland #,Frd,25,4231,221,31.422,171.854,28
5180,1,2022,38,Todd Gilliland #,Frd,25,4231,222,31.442,171.745,28
5180,1,2022,38,Todd Gilliland #,Frd,25,4231,223,31.4,171.975,28
5180,1,2022,38,Todd Gilliland #,Frd,25,4231,224,31.606,170.854,28
5180,1,2022,38,Todd Gilliland #,Frd,25,4231,225,31.61,170.832,28
5180,1,2022,38,Todd Gilliland #,Frd,25,4231,226,31.627,170.740,28
5180,1,2022,38,Todd Gilliland #,Frd,25,4231,227,32.079,168.334,28
5180,1,2022,38,Todd Gilliland #,Frd,25,4231,228,46.973,114.960,27
5180,1,2022,38,Todd Gilliland #,Frd,25,4231,229,65.66,82.242,15
5180,1,2022,38,Todd Gilliland #,Frd,25,4231,230,108.091,49.958,25
5180,1,2022,38,Todd Gilliland #,Frd,25,4231,231,104.104,51.871,24
5180,1,2022,38,Todd Gilliland #,Frd,25,4231,232,78.376,68.899,25
5180,1,2022,38,Todd Gilliland #,Frd,25,4231,233,32.665,165.315,26
5180,1,2022,38,Todd Gilliland #,Frd,25,4231,234,30.936,174.554,26
5180,1,2022,38,Todd Gilliland #,Frd,25,4231,235,30.888,174.825,26
5180,1,2022,38,Todd Gilliland #,Frd,25,4231,236,30.873,174.910,26
5180,1,2022,38,Todd Gilliland #,Frd,25,4231,237,30.999,174.199,24
5180,1,2022,38,Todd Gilliland #,Frd,25,4231,238,31.006,174.160,25
5180,1,2022,38,Todd Gilliland #,Frd,25,4231,239,31.154,173.332,25
5180,1,2022,38,Todd Gilliland #,Frd,25,4231,240,34.168,158.043,25
5180,1,2022,38,Todd Gilliland #,Frd,25,4231,241,52.198,103.452,25
5180,1,2022,38,Todd Gilliland #,Frd,25,4231,242,85.023,63.512,18
5180,1,2022,38,Todd Gilliland #,Frd,25,4231,243,106.377,50.763,23
5180,1,2022,38,Todd Gilliland #,Frd,25,4231,244,102.247,52.813,23
5180,1,2022,38,Todd Gilliland #,Frd,25,4231,245,80.896,66.752,21
5180,1,2022,38,Todd Gilliland #,Frd,25,4231,246,33.825,159.645,22
5180,1,2022,38,Todd Gilliland #,Frd,25,4231,247,60.367,89.453,22
5180,1,2022,38,Todd Gilliland #,Frd,25,4231,248,85.248,63.345,22
5180,1,2022,38,Todd Gilliland #,Frd,25,4231,249,102.013,52.934,20
5180,1,2022,38,Todd Gilliland #,Frd,25,4231,250,104.045,51.901,21
5180,1,2022,38,Todd Gilliland #,Frd,25,4231,251,83.933,64.337,21
5180,1,2022,38,Todd Gilliland #,Frd,25,4231,252,32.897,164.149,24
5180,1,2022,38,Todd Gilliland #,Frd,25,4231,253,31.023,174.064,25
5180,1,2022,38,Todd Gilliland #,Frd,25,4231,254,30.898,174.769,25
5180,1,2022,38,Todd Gilliland #,Frd,25,4231,255,30.774,175.473,25
5180,1,2022,38,Todd Gilliland #,Frd,25,4231,256,30.834,175.131,25
5180,1,2022,38,Todd Gilliland #,Frd,25,4231,257,30.831,175.148,25
5180,1,2022,38,Todd Gilliland #,Frd,25,4231,258,31.103,173.617,25
5180,1,2022,38,Todd Gilliland #,Frd,25,4231,259,31.162,173.288,25
5180,1,2022,38,Todd Gilliland #,Frd,25,4231,260,31.106,173.600,25
5180,1,2022,38,Todd Gilliland #,Frd,25,4231,261,31.18,173.188,25
5180,1,2022,38,Todd Gilliland #,Frd,25,4231,262,31.315,172.441,25
5180,1,2022,38,Todd Gilliland #,Frd,25,4231,263,31.316,172.436,25
5180,1,2022,38,Todd Gilliland #,Frd,25,4231,264,31.312,172.458,25
5180,1,2022,38,Todd Gilliland #,Frd,25,4231,265,31.399,171.980,25
5180,1,2022,38,Todd Gilliland #,Frd,25,4231,266,31.553,171.141,25
5180,1,2022,38,Todd Gilliland #,Frd,25,4231,267,31.438,171.767,25
5180,1,2022,21,Harrison Burton #,Frd,26,4217,0,,,8
5180,1,2022,21,Harrison Burton #,Frd,26,4217,1,33.235,162.479,10
5180,1,2022,21,Harrison Burton #,Frd,26,4217,2,30.121,179.277,9
5180,1,2022,21,Harrison Burton #,Frd,26,4217,3,30.118,179.295,10
5180,1,2022,21,Harrison Burton #,Frd,26,4217,4,30.467,177.241,10
5180,1,2022,21,Harrison Burton #,Frd,26,4217,5,30.404,177.608,9
5180,1,2022,21,Harrison Burton #,Frd,26,4217,6,30.13,179.223,9
5180,1,2022,21,Harrison Burton #,Frd,26,4217,7,30.17,178.986,9
5180,1,2022,21,Harrison Burton #,Frd,26,4217,8,30.663,176.108,10
5180,1,2022,21,Harrison Burton #,Frd,26,4217,9,30.708,175.850,10
5180,1,2022,21,Harrison Burton #,Frd,26,4217,10,30.939,174.537,10
5180,1,2022,21,Harrison Burton #,Frd,26,4217,11,31.064,173.835,12
5180,1,2022,21,Harrison Burton #,Frd,26,4217,12,31.211,173.016,13
5180,1,2022,21,Harrison Burton #,Frd,26,4217,13,30.848,175.052,13
5180,1,2022,21,Harrison Burton #,Frd,26,4217,14,30.825,175.182,13
5180,1,2022,21,Harrison Burton #,Frd,26,4217,15,30.719,175.787,13
5180,1,2022,21,Harrison Burton #,Frd,26,4217,16,30.805,175.296,13
5180,1,2022,21,Harrison Burton #,Frd,26,4217,17,30.91,174.701,13
5180,1,2022,21,Harrison Burton #,Frd,26,4217,18,31.224,172.944,14
5180,1,2022,21,Harrison Burton #,Frd,26,4217,19,31.176,173.210,14
5180,1,2022,21,Harrison Burton #,Frd,26,4217,20,30.838,175.109,14
5180,1,2022,21,Harrison Burton #,Frd,26,4217,21,30.968,174.374,14
5180,1,2022,21,Harrison Burton #,Frd,26,4217,22,31.236,172.877,14
5180,1,2022,21,Harrison Burton #,Frd,26,4217,23,31.354,172.227,15
5180,1,2022,21,Harrison Burton #,Frd,26,4217,24,31.587,170.956,17
5180,1,2022,21,Harrison Burton #,Frd,26,4217,25,31.791,169.859,18
5180,1,2022,21,Harrison Burton #,Frd,26,4217,26,31.378,172.095,18
5180,1,2022,21,Harrison Burton #,Frd,26,4217,27,31.66,170.562,19
5180,1,2022,21,Harrison Burton #,Frd,26,4217,28,31.42,171.865,19
5180,1,2022,21,Harrison Burton #,Frd,26,4217,29,31.498,171.439,20
5180,1,2022,21,Harrison Burton #,Frd,26,4217,30,31.692,170.390,21
5180,1,2022,21,Harrison Burton #,Frd,26,4217,31,31.79,169.865,22
5180,1,2022,21,Harrison Burton #,Frd,26,4217,32,31.914,169.205,23
5180,1,2022,21,Harrison Burton #,Frd,26,4217,33,32.019,168.650,23
5180,1,2022,21,Harrison Burton #,Frd,26,4217,34,31.802,169.801,23
5180,1,2022,21,Harrison Burton #,Frd,26,4217,35,31.827,169.667,23
5180,1,2022,21,Harrison Burton #,Frd,26,4217,36,31.773,169.956,22
5180,1,2022,21,Harrison Burton #,Frd,26,4217,37,31.82,169.705,21
5180,1,2022,21,Harrison Burton #,Frd,26,4217,38,57.835,93.369,30
5180,1,2022,21,Harrison Burton #,Frd,26,4217,39,46.974,114.957,31
5180,1,2022,21,Harrison Burton #,Frd,26,4217,40,30.186,178.891,26
5180,1,2022,21,Harrison Burton #,Frd,26,4217,41,30.746,175.633,26
5180,1,2022,21,Harrison Burton #,Frd,26,4217,42,30.441,177.392,25
5180,1,2022,21,Harrison Burton #,Frd,26,4217,43,30.153,179.087,23
5180,1,2022,21,Harrison Burton #,Frd,26,4217,44,30.268,178.406,23
5180,1,2022,21,Harrison Burton #,Frd,26,4217,45,30.245,178.542,23
5180,1,2022,21,Harrison Burton #,Frd,26,4217,46,30.402,177.620,23
5180,1,2022,21,Harrison Burton #,Frd,26,4217,47,30.396,177.655,23
5180,1,2022,21,Harrison Burton #,Frd,26,4217,48,30.295,178.247,23
5180,1,2022,21,Harrison Burton #,Frd,26,4217,49,30.529,176.881,23
5180,1,2022,21,Harrison Burton #,Frd,26,4217,50,30.582,176.574,23
5180,1,2022,21,Harrison Burton #,Frd,26,4217,51,30.39,177.690,23
5180,1,2022,21,Harrison Burton #,Frd,26,4217,52,30.491,177.101,23
5180,1,2022,21,Harrison Burton #,Frd,26,4217,53,30.645,176.211,23
5180,1,2022,21,Harrison Burton #,Frd,26,4217,54,30.735,175.695,23
5180,1,2022,21,Harrison Burton #,Frd,26,4217,55,30.989,174.255,23
5180,1,2022,21,Harrison Burton #,Frd,26,4217,56,31.087,173.706,23
5180,1,2022,21,Harrison Burton #,Frd,26,4217,57,31.118,173.533,23
5180,1,2022,21,Harrison Burton #,Frd,26,4217,58,31.062,173.846,23
5180,1,2022,21,Harrison Burton #,Frd,26,4217,59,31.026,174.048,23
5180,1,2022,21,Harrison Burton #,Frd,26,4217,60,31.066,173.823,23
5180,1,2022,21,Harrison Burton #,Frd,26,4217,61,31.188,173.144,23
5180,1,2022,21,Harrison Burton #,Frd,26,4217,62,31.314,172.447,23
5180,1,2022,21,Harrison Burton #,Frd,26,4217,63,31.202,173.066,23
5180,1,2022,21,Harrison Burton #,Frd,26,4217,64,31.138,173.422,23
5180,1,2022,21,Harrison Burton #,Frd,26,4217,65,31.319,172.419,23
5180,1,2022,21,Harrison Burton #,Frd,26,4217,66,31.342,172.293,23
5180,1,2022,21,Harrison Burton #,Frd,26,4217,67,31.294,172.557,23
5180,1,2022,21,Harrison Burton #,Frd,26,4217,68,31.357,172.210,23
5180,1,2022,21,Harrison Burton #,Frd,26,4217,69,31.301,172.518,23
5180,1,2022,21,Harrison Burton #,Frd,26,4217,70,31.269,172.695,23
5180,1,2022,21,Harrison Burton #,Frd,26,4217,71,31.326,172.381,23
5180,1,2022,21,Harrison Burton #,Frd,26,4217,72,31.269,172.695,23
5180,1,2022,21,Harrison Burton #,Frd,26,4217,73,31.291,172.574,23
5180,1,2022,21,Harrison Burton #,Frd,26,4217,74,31.443,171.739,23
5180,1,2022,21,Harrison Burton #,Frd,26,4217,75,31.596,170.908,23
5180,1,2022,21,Harrison Burton #,Frd,26,4217,76,31.372,172.128,23
5180,1,2022,21,Harrison Burton #,Frd,26,4217,77,38.623,139.813,23
5180,1,2022,21,Harrison Burton #,Frd,26,4217,78,47.771,113.039,22
5180,1,2022,21,Harrison Burton #,Frd,26,4217,79,67.096,80.482,22
5180,1,2022,21,Harrison Burton #,Frd,26,4217,80,99.848,54.082,22
5180,1,2022,21,Harrison Burton #,Frd,26,4217,81,97.649,55.300,22
5180,1,2022,21,Harrison Burton #,Frd,26,4217,82,103.758,52.044,20
5180,1,2022,21,Harrison Burton #,Frd,26,4217,83,90.512,59.661,21
5180,1,2022,21,Harrison Burton #,Frd,26,4217,84,99.581,54.227,20
5180,1,2022,21,Harrison Burton #,Frd,26,4217,85,82.188,65.703,20
5180,1,2022,21,Harrison Burton #,Frd,26,4217,86,32.432,166.502,20
5180,1,2022,21,Harrison Burton #,Frd,26,4217,87,30.62,176.355,19
5180,1,2022,21,Harrison Burton #,Frd,26,4217,88,30.548,176.771,19
5180,1,2022,21,Harrison Burton #,Frd,26,4217,89,30.795,175.353,20
5180,1,2022,21,Harrison Burton #,Frd,26,4217,90,30.691,175.947,20
5180,1,2022,21,Harrison Burton #,Frd,26,4217,91,30.526,176.898,20
5180,1,2022,21,Harrison Burton #,Frd,26,4217,92,31.09,173.689,21
5180,1,2022,21,Harrison Burton #,Frd,26,4217,93,30.931,174.582,21
5180,1,2022,21,Harrison Burton #,Frd,26,4217,94,32.55,165.899,21
5180,1,2022,21,Harrison Burton #,Frd,26,4217,95,57.609,93.735,18
5180,1,2022,21,Harrison Burton #,Frd,26,4217,96,114.105,47.325,18
5180,1,2022,21,Harrison Burton #,Frd,26,4217,97,114.741,47.063,20
5180,1,2022,21,Harrison Burton #,Frd,26,4217,98,94.431,57.185,18
5180,1,2022,21,Harrison Burton #,Frd,26,4217,99,106.202,50.847,18
5180,1,2022,21,Harrison Burton #,Frd,26,4217,100,94.145,57.358,18
5180,1,2022,21,Harrison Burton #,Frd,26,4217,101,102.511,52.677,18
5180,1,2022,21,Harrison Burton #,Frd,26,4217,102,82.612,65.366,19
5180,1,2022,21,Harrison Burton #,Frd,26,4217,103,47.798,112.975,19
5180,1,2022,21,Harrison Burton #,Frd,26,4217,104,93.081,58.014,19
5180,1,2022,21,Harrison Burton #,Frd,26,4217,105,101.54,53.181,17
5180,1,2022,21,Harrison Burton #,Frd,26,4217,106,103.268,52.291,17
5180,1,2022,21,Harrison Burton #,Frd,26,4217,107,86.316,62.561,18
5180,1,2022,21,Harrison Burton #,Frd,26,4217,108,32.31,167.131,16
5180,1,2022,21,Harrison Burton #,Frd,26,4217,109,30.562,176.690,17
5180,1,2022,21,Harrison Burton #,Frd,26,4217,110,30.561,176.696,16
5180,1,2022,21,Harrison Burton #,Frd,26,4217,111,30.514,176.968,16
5180,1,2022,21,Harrison Burton #,Frd,26,4217,112,30.848,175.052,18
5180,1,2022,21,Harrison Burton #,Frd,26,4217,113,31.025,174.053,19
5180,1,2022,21,Harrison Burton #,Frd,26,4217,114,31.095,173.661,20
5180,1,2022,21,Harrison Burton #,Frd,26,4217,115,31.713,170.277,23
5180,1,2022,21,Harrison Burton #,Frd,26,4217,116,31.438,171.767,23
5180,1,2022,21,Harrison Burton #,Frd,26,4217,117,31.042,173.958,24
5180,1,2022,21,Harrison Burton #,Frd,26,4217,118,31.204,173.055,24
5180,1,2022,21,Harrison Burton #,Frd,26,4217,119,30.982,174.295,24
5180,1,2022,21,Harrison Burton #,Frd,26,4217,120,31.215,172.994,24
5180,1,2022,21,Harrison Burton #,Frd,26,4217,121,31.291,172.574,24
5180,1,2022,21,Harrison Burton #,Frd,26,4217,122,31.183,173.171,24
5180,1,2022,21,Harrison Burton #,Frd,26,4217,123,31.395,172.002,24
5180,1,2022,21,Harrison Burton #,Frd,26,4217,124,31.234,172.889,24
5180,1,2022,21,Harrison Burton #,Frd,26,4217,125,31.319,172.419,24
5180,1,2022,21,Harrison Burton #,Frd,26,4217,126,31.237,172.872,24
5180,1,2022,21,Harrison Burton #,Frd,26,4217,127,31.361,172.188,24
5180,1,2022,21,Harrison Burton #,Frd,26,4217,128,31.292,172.568,24
5180,1,2022,21,Harrison Burton #,Frd,26,4217,129,31.302,172.513,24
5180,1,2022,21,Harrison Burton #,Frd,26,4217,130,31.296,172.546,24
5180,1,2022,21,Harrison Burton #,Frd,26,4217,131,31.358,172.205,24
5180,1,2022,21,Harrison Burton #,Frd,26,4217,132,31.4,171.975,24
5180,1,2022,21,Harrison Burton #,Frd,26,4217,133,31.428,171.821,24
5180,1,2022,21,Harrison Burton #,Frd,26,4217,134,31.456,171.668,24
5180,1,2022,21,Harrison Burton #,Frd,26,4217,135,31.907,169.242,24
5180,1,2022,21,Harrison Burton #,Frd,26,4217,136,31.824,169.683,24
5180,1,2022,21,Harrison Burton #,Frd,26,4217,137,31.712,170.283,24
5180,1,2022,21,Harrison Burton #,Frd,26,4217,138,31.723,170.223,24
5180,1,2022,21,Harrison Burton #,Frd,26,4217,139,31.656,170.584,24
5180,1,2022,21,Harrison Burton #,Frd,26,4217,140,31.556,171.124,24
5180,1,2022,21,Harrison Burton #,Frd,26,4217,141,31.525,171.293,24
5180,1,2022,21,Harrison Burton #,Frd,26,4217,142,31.558,171.114,24
5180,1,2022,21,Harrison Burton #,Frd,26,4217,143,31.639,170.675,24
5180,1,2022,21,Harrison Burton #,Frd,26,4217,144,31.575,171.021,24
5180,1,2022,21,Harrison Burton #,Frd,26,4217,145,31.64,170.670,24
5180,1,2022,21,Harrison Burton #,Frd,26,4217,146,31.808,169.769,24
5180,1,2022,21,Harrison Burton #,Frd,26,4217,147,31.7,170.347,24
5180,1,2022,21,Harrison Burton #,Frd,26,4217,148,31.938,169.078,24
5180,1,2022,21,Harrison Burton #,Frd,26,4217,149,32.344,166.955,25
5180,1,2022,21,Harrison Burton #,Frd,26,4217,150,31.809,169.763,25
5180,1,2022,21,Harrison Burton #,Frd,26,4217,151,31.812,169.747,25
5180,1,2022,21,Harrison Burton #,Frd,26,4217,152,31.856,169.513,25
5180,1,2022,21,Harrison Burton #,Frd,26,4217,153,31.867,169.454,25
5180,1,2022,21,Harrison Burton #,Frd,26,4217,154,32.094,168.256,25
5180,1,2022,21,Harrison Burton #,Frd,26,4217,155,32.384,166.749,26
5180,1,2022,21,Harrison Burton #,Frd,26,4217,156,32.264,167.369,26
5180,1,2022,21,Harrison Burton #,Frd,26,4217,157,32.089,168.282,26
5180,1,2022,21,Harrison Burton #,Frd,26,4217,158,32.113,168.156,26
5180,1,2022,21,Harrison Burton #,Frd,26,4217,159,32.229,167.551,26
5180,1,2022,21,Harrison Burton #,Frd,26,4217,160,32.076,168.350,26
5180,1,2022,21,Harrison Burton #,Frd,26,4217,161,32.046,168.508,26
5180,1,2022,21,Harrison Burton #,Frd,26,4217,162,32.165,167.884,26
5180,1,2022,21,Harrison Burton #,Frd,26,4217,163,32.355,166.898,26
5180,1,2022,21,Harrison Burton #,Frd,26,4217,164,32.471,166.302,25
5180,1,2022,21,Harrison Burton #,Frd,26,4217,165,34.178,157.996,25
5180,1,2022,21,Harrison Burton #,Frd,26,4217,166,43.137,125.183,25
5180,1,2022,21,Harrison Burton #,Frd,26,4217,167,89.955,60.030,25
5180,1,2022,21,Harrison Burton #,Frd,26,4217,168,106.515,50.697,24
5180,1,2022,21,Harrison Burton #,Frd,26,4217,169,92.524,58.363,27
5180,1,2022,21,Harrison Burton #,Frd,26,4217,170,98.756,54.680,25
5180,1,2022,21,Harrison Burton #,Frd,26,4217,171,75.216,71.793,24
5180,1,2022,21,Harrison Burton #,Frd,26,4217,172,32.205,167.676,23
5180,1,2022,21,Harrison Burton #,Frd,26,4217,173,30.636,176.263,22
5180,1,2022,21,Harrison Burton #,Frd,26,4217,174,30.455,177.311,22
5180,1,2022,21,Harrison Burton #,Frd,26,4217,175,30.89,174.814,22
5180,1,2022,21,Harrison Burton #,Frd,26,4217,176,30.72,175.781,22
5180,1,2022,21,Harrison Burton #,Frd,26,4217,177,31.234,172.889,23
5180,1,2022,21,Harrison Burton #,Frd,26,4217,178,31.055,173.885,23
5180,1,2022,21,Harrison Burton #,Frd,26,4217,179,31.048,173.924,24
5180,1,2022,21,Harrison Burton #,Frd,26,4217,180,30.924,174.622,23
5180,1,2022,21,Harrison Burton #,Frd,26,4217,181,30.854,175.018,23
5180,1,2022,21,Harrison Burton #,Frd,26,4217,182,31.059,173.863,23
5180,1,2022,21,Harrison Burton #,Frd,26,4217,183,30.98,174.306,23
5180,1,2022,21,Harrison Burton #,Frd,26,4217,184,31.188,173.144,23
5180,1,2022,21,Harrison Burton #,Frd,26,4217,185,31.244,172.833,23
5180,1,2022,21,Harrison Burton #,Frd,26,4217,186,31.1,173.633,23
5180,1,2022,21,Harrison Burton #,Frd,26,4217,187,31.0,174.194,23
5180,1,2022,21,Harrison Burton #,Frd,26,4217,188,31.338,172.315,23
5180,1,2022,21,Harrison Burton #,Frd,26,4217,189,31.424,171.843,23
5180,1,2022,21,Harrison Burton #,Frd,26,4217,190,31.229,172.916,23
5180,1,2022,21,Harrison Burton #,Frd,26,4217,191,31.377,172.101,23
5180,1,2022,21,Harrison Burton #,Frd,26,4217,192,31.321,172.408,23
5180,1,2022,21,Harrison Burton #,Frd,26,4217,193,31.443,171.739,23
5180,1,2022,21,Harrison Burton #,Frd,26,4217,194,38.479,140.336,23
5180,1,2022,21,Harrison Burton #,Frd,26,4217,195,71.653,75.363,23
5180,1,2022,21,Harrison Burton #,Frd,26,4217,196,106.647,50.634,22
5180,1,2022,21,Harrison Burton #,Frd,26,4217,197,90.402,59.733,22
5180,1,2022,21,Harrison Burton #,Frd,26,4217,198,101.045,53.442,22
5180,1,2022,21,Harrison Burton #,Frd,26,4217,199,87.12,61.983,20
5180,1,2022,21,Harrison Burton #,Frd,26,4217,200,32.819,164.539,20
5180,1,2022,21,Harrison Burton #,Frd,26,4217,201,31.235,172.883,25
5180,1,2022,21,Harrison Burton #,Frd,26,4217,202,30.739,175.673,24
5180,1,2022,21,Harrison Burton #,Frd,26,4217,203,30.934,174.565,24
5180,1,2022,21,Harrison Burton #,Frd,26,4217,204,30.876,174.893,24
5180,1,2022,21,Harrison Burton #,Frd,26,4217,205,31.031,174.020,25
5180,1,2022,21,Harrison Burton #,Frd,26,4217,206,30.824,175.188,24
5180,1,2022,21,Harrison Burton #,Frd,26,4217,207,30.9,174.757,23
5180,1,2022,21,Harrison Burton #,Frd,26,4217,208,30.861,174.978,23
5180,1,2022,21,Harrison Burton #,Frd,26,4217,209,30.87,174.927,23
5180,1,2022,21,Harrison Burton #,Frd,26,4217,210,31.104,173.611,23
5180,1,2022,21,Harrison Burton #,Frd,26,4217,211,31.423,171.849,24
5180,1,2022,21,Harrison Burton #,Frd,26,4217,212,31.115,173.550,23
5180,1,2022,21,Harrison Burton #,Frd,26,4217,213,31.161,173.294,23
5180,1,2022,21,Harrison Burton #,Frd,26,4217,214,31.106,173.600,22
5180,1,2022,21,Harrison Burton #,Frd,26,4217,215,31.174,173.221,22
5180,1,2022,21,Harrison Burton #,Frd,26,4217,216,31.217,172.983,22
5180,1,2022,21,Harrison Burton #,Frd,26,4217,217,31.136,173.433,21
5180,1,2022,21,Harrison Burton #,Frd,26,4217,218,31.075,173.773,21
5180,1,2022,21,Harrison Burton #,Frd,26,4217,219,31.18,173.188,21
5180,1,2022,21,Harrison Burton #,Frd,26,4217,220,31.219,172.972,21
5180,1,2022,21,Harrison Burton #,Frd,26,4217,221,31.212,173.010,21
5180,1,2022,21,Harrison Burton #,Frd,26,4217,222,31.267,172.706,21
5180,1,2022,21,Harrison Burton #,Frd,26,4217,223,31.274,172.667,21
5180,1,2022,21,Harrison Burton #,Frd,26,4217,224,31.36,172.194,21
5180,1,2022,21,Harrison Burton #,Frd,26,4217,225,31.352,172.238,21
5180,1,2022,21,Harrison Burton #,Frd,26,4217,226,31.316,172.436,21
5180,1,2022,21,Harrison Burton #,Frd,26,4217,227,31.35,172.249,21
5180,1,2022,21,Harrison Burton #,Frd,26,4217,228,41.642,129.677,20
5180,1,2022,21,Harrison Burton #,Frd,26,4217,229,90.02,59.987,24
5180,1,2022,21,Harrison Burton #,Frd,26,4217,230,93.444,57.789,20
5180,1,2022,21,Harrison Burton #,Frd,26,4217,231,102.518,52.674,20
5180,1,2022,21,Harrison Burton #,Frd,26,4217,232,81.717,66.082,21
5180,1,2022,21,Harrison Burton #,Frd,26,4217,233,32.956,163.855,21
5180,1,2022,21,Harrison Burton #,Frd,26,4217,234,30.837,175.114,22
5180,1,2022,21,Harrison Burton #,Frd,26,4217,235,31.04,173.969,24
5180,1,2022,21,Harrison Burton #,Frd,26,4217,236,30.766,175.518,22
5180,1,2022,21,Harrison Burton #,Frd,26,4217,237,30.859,174.989,21
5180,1,2022,21,Harrison Burton #,Frd,26,4217,238,30.724,175.758,20
5180,1,2022,21,Harrison Burton #,Frd,26,4217,239,31.152,173.344,21
5180,1,2022,21,Harrison Burton #,Frd,26,4217,240,42.436,127.250,27
5180,1,2022,21,Harrison Burton #,Frd,26,4217,241,50.406,107.130,26
5180,1,2022,21,Harrison Burton #,Frd,26,4217,242,324.764,16.627,27
5180,1,2022,21,Harrison Burton #,Frd,26,4217,243,50.65,106.614,27
5180,1,2022,21,Harrison Burton #,Frd,26,4217,244,37.817,142.793,27
5180,1,2022,21,Harrison Burton #,Frd,26,4217,245,56.134,96.198,27
5180,1,2022,21,Harrison Burton #,Frd,26,4217,246,82.088,65.783,27
5180,1,2022,21,Harrison Burton #,Frd,26,4217,247,48.917,110.391,26
5180,1,2022,21,Harrison Burton #,Frd,26,4217,248,58.695,92.001,26
5180,1,2022,21,Harrison Burton #,Frd,26,4217,249,103.994,51.926,26
5180,1,2022,21,Harrison Burton #,Frd,26,4217,250,79.0,68.354,26
5180,1,2022,21,Harrison Burton #,Frd,26,4217,251,33.038,163.448,26
5180,1,2022,21,Harrison Burton #,Frd,26,4217,252,30.7,175.896,26
5180,1,2022,21,Harrison Burton #,Frd,26,4217,253,30.392,177.678,26
5180,1,2022,21,Harrison Burton #,Frd,26,4217,254,30.345,177.954,26
5180,1,2022,21,Harrison Burton #,Frd,26,4217,255,30.147,179.122,26
5180,1,2022,21,Harrison Burton #,Frd,26,4217,256,30.487,177.125,26
5180,1,2022,21,Harrison Burton #,Frd,26,4217,257,30.442,177.387,26
5180,1,2022,21,Harrison Burton #,Frd,26,4217,258,30.772,175.484,26
5180,1,2022,21,Harrison Burton #,Frd,26,4217,259,31.162,173.288,26
5180,1,2022,21,Harrison Burton #,Frd,26,4217,260,31.1,173.633,26
5180,1,2022,21,Harrison Burton #,Frd,26,4217,261,31.592,170.929,26
5180,1,2022,21,Harrison Burton #,Frd,26,4217,262,31.619,170.783,26
5180,1,2022,21,Harrison Burton #,Frd,26,4217,263,31.679,170.460,26
5180,1,2022,21,Harrison Burton #,Frd,26,4217,264,31.406,171.942,26
5180,1,2022,21,Harrison Burton #,Frd,26,4217,265,31.255,172.772,26
5180,1,2022,21,Harrison Burton #,Frd,26,4217,266,31.878,169.396,26
5180,1,2022,51,Cody Ware,Frd,27,4125,0,,,34
5180,1,2022,51,Cody Ware,Frd,27,4125,1,33.195,162.675,34
5180,1,2022,51,Cody Ware,Frd,27,4125,2,30.782,175.427,35
5180,1,2022,51,Cody Ware,Frd,27,4125,3,30.961,174.413,35
5180,1,2022,51,Cody Ware,Frd,27,4125,4,30.874,174.904,35
5180,1,2022,51,Cody Ware,Frd,27,4125,5,31.453,171.685,35
5180,1,2022,51,Cody Ware,Frd,27,4125,6,31.365,172.166,35
5180,1,2022,51,Cody Ware,Frd,27,4125,7,30.893,174.797,35
5180,1,2022,51,Cody Ware,Frd,27,4125,8,30.989,174.255,35
5180,1,2022,51,Cody Ware,Frd,27,4125,9,31.188,173.144,35
5180,1,2022,51,Cody Ware,Frd,27,4125,10,31.177,173.205,35
5180,1,2022,51,Cody Ware,Frd,27,4125,11,31.32,172.414,34
5180,1,2022,51,Cody Ware,Frd,27,4125,12,31.174,173.221,34
5180,1,2022,51,Cody Ware,Frd,27,4125,13,31.306,172.491,34
5180,1,2022,51,Cody Ware,Frd,27,4125,14,31.34,172.304,34
5180,1,2022,51,Cody Ware,Frd,27,4125,15,31.387,172.046,34
5180,1,2022,51,Cody Ware,Frd,27,4125,16,31.411,171.914,34
5180,1,2022,51,Cody Ware,Frd,27,4125,17,31.418,171.876,34
5180,1,2022,51,Cody Ware,Frd,27,4125,18,31.559,171.108,34
5180,1,2022,51,Cody Ware,Frd,27,4125,19,31.734,170.164,34
5180,1,2022,51,Cody Ware,Frd,27,4125,20,31.702,170.336,34
5180,1,2022,51,Cody Ware,Frd,27,4125,21,31.81,169.758,34
5180,1,2022,51,Cody Ware,Frd,27,4125,22,31.712,170.283,34
5180,1,2022,51,Cody Ware,Frd,27,4125,23,31.753,170.063,34
5180,1,2022,51,Cody Ware,Frd,27,4125,24,31.826,169.673,34
5180,1,2022,51,Cody Ware,Frd,27,4125,25,31.904,169.258,34
5180,1,2022,51,Cody Ware,Frd,27,4125,26,32.139,168.020,35
5180,1,2022,51,Cody Ware,Frd,27,4125,27,33.202,162.641,35
5180,1,2022,51,Cody Ware,Frd,27,4125,28,32.729,164.991,35
5180,1,2022,51,Cody Ware,Frd,27,4125,29,32.933,163.969,35
5180,1,2022,51,Cody Ware,Frd,27,4125,30,32.5,166.154,35
5180,1,2022,51,Cody Ware,Frd,27,4125,31,32.542,165.939,35
5180,1,2022,51,Cody Ware,Frd,27,4125,32,32.594,165.675,35
5180,1,2022,51,Cody Ware,Frd,27,4125,33,32.718,165.047,35
5180,1,2022,51,Cody Ware,Frd,27,4125,34,32.893,164.169,34
5180,1,2022,51,Cody Ware,Frd,27,4125,35,32.9,164.134,33
5180,1,2022,51,Cody Ware,Frd,27,4125,36,32.627,165.507,33
5180,1,2022,51,Cody Ware,Frd,27,4125,37,33.263,162.343,33
5180,1,2022,51,Cody Ware,Frd,27,4125,38,33.664,160.409,32
5180,1,2022,51,Cody Ware,Frd,27,4125,39,46.826,115.321,34
5180,1,2022,51,Cody Ware,Frd,27,4125,40,65.616,82.297,36
5180,1,2022,51,Cody Ware,Frd,27,4125,41,31.707,170.309,36
5180,1,2022,51,Cody Ware,Frd,27,4125,42,31.377,172.101,36
5180,1,2022,51,Cody Ware,Frd,27,4125,43,32.011,168.692,34
5180,1,2022,51,Cody Ware,Frd,27,4125,44,32.172,167.848,34
5180,1,2022,51,Cody Ware,Frd,27,4125,45,31.819,169.710,34
5180,1,2022,51,Cody Ware,Frd,27,4125,46,32.101,168.219,34
5180,1,2022,51,Cody Ware,Frd,27,4125,47,32.333,167.012,34
5180,1,2022,51,Cody Ware,Frd,27,4125,48,32.112,168.161,34
5180,1,2022,51,Cody Ware,Frd,27,4125,49,31.991,168.797,34
5180,1,2022,51,Cody Ware,Frd,27,4125,50,32.005,168.724,34
5180,1,2022,51,Cody Ware,Frd,27,4125,51,32.226,167.567,34
5180,1,2022,51,Cody Ware,Frd,27,4125,52,32.477,166.272,34
5180,1,2022,51,Cody Ware,Frd,27,4125,53,32.356,166.893,34
5180,1,2022,51,Cody Ware,Frd,27,4125,54,32.162,167.900,34
5180,1,2022,51,Cody Ware,Frd,27,4125,55,32.326,167.048,34
5180,1,2022,51,Cody Ware,Frd,27,4125,56,32.354,166.904,34
5180,1,2022,51,Cody Ware,Frd,27,4125,57,32.227,167.561,34
5180,1,2022,51,Cody Ware,Frd,27,4125,58,32.39,166.718,34
5180,1,2022,51,Cody Ware,Frd,27,4125,59,32.411,166.610,34
5180,1,2022,51,Cody Ware,Frd,27,4125,60,32.453,166.394,34
5180,1,2022,51,Cody Ware,Frd,27,4125,61,32.799,164.639,34
5180,1,2022,51,Cody Ware,Frd,27,4125,62,32.913,164.069,34
5180,1,2022,51,Cody Ware,Frd,27,4125,63,32.551,165.894,34
5180,1,2022,51,Cody Ware,Frd,27,4125,64,32.758,164.845,34
5180,1,2022,51,Cody Ware,Frd,27,4125,65,33.061,163.334,34
5180,1,2022,51,Cody Ware,Frd,27,4125,66,32.827,164.499,34
5180,1,2022,51,Cody Ware,Frd,27,4125,67,32.496,166.174,34
5180,1,2022,51,Cody Ware,Frd,27,4125,68,32.789,164.689,34
5180,1,2022,51,Cody Ware,Frd,27,4125,69,32.721,165.032,34
5180,1,2022,51,Cody Ware,Frd,27,4125,70,32.516,166.072,34
5180,1,2022,51,Cody Ware,Frd,27,4125,71,33.237,162.470,34
5180,1,2022,51,Cody Ware,Frd,27,4125,72,33.608,160.676,34
5180,1,2022,51,Cody Ware,Frd,27,4125,73,33.103,163.127,34
5180,1,2022,51,Cody Ware,Frd,27,4125,74,39.106,138.086,34
5180,1,2022,51,Cody Ware,Frd,27,4125,75,45.826,117.837,34
5180,1,2022,51,Cody Ware,Frd,27,4125,76,69.691,77.485,34
5180,1,2022,51,Cody Ware,Frd,27,4125,77,100.645,53.654,34
5180,1,2022,51,Cody Ware,Frd,27,4125,78,97.891,55.163,34
5180,1,2022,51,Cody Ware,Frd,27,4125,79,87.906,61.429,34
5180,1,2022,51,Cody Ware,Frd,27,4125,80,97.693,55.275,35
5180,1,2022,51,Cody Ware,Frd,27,4125,81,123.167,43.843,35
5180,1,2022,51,Cody Ware,Frd,27,4125,82,71.617,75.401,34
5180,1,2022,51,Cody Ware,Frd,27,4125,83,32.731,164.981,34
5180,1,2022,51,Cody Ware,Frd,27,4125,84,31.152,173.344,34
5180,1,2022,51,Cody Ware,Frd,27,4125,85,31.298,172.535,34
5180,1,2022,51,Cody Ware,Frd,27,4125,86,31.096,173.656,34
5180,1,2022,51,Cody Ware,Frd,27,4125,87,31.158,173.310,34
5180,1,2022,51,Cody Ware,Frd,27,4125,88,31.16,173.299,34
5180,1,2022,51,Cody Ware,Frd,27,4125,89,31.221,172.961,34
5180,1,2022,51,Cody Ware,Frd,27,4125,90,31.235,172.883,34
5180,1,2022,51,Cody Ware,Frd,27,4125,91,35.777,150.935,34
5180,1,2022,51,Cody Ware,Frd,27,4125,92,63.725,84.739,34
5180,1,2022,51,Cody Ware,Frd,27,4125,93,114.341,47.227,34
5180,1,2022,51,Cody Ware,Frd,27,4125,94,85.778,62.953,34
5180,1,2022,51,Cody Ware,Frd,27,4125,95,95.477,56.558,31
5180,1,2022,51,Cody Ware,Frd,27,4125,96,104.892,51.482,31
5180,1,2022,51,Cody Ware,Frd,27,4125,97,97.015,55.661,31
5180,1,2022,51,Cody Ware,Frd,27,4125,98,71.787,75.223,31
5180,1,2022,51,Cody Ware,Frd,27,4125,99,58.167,92.836,31
5180,1,2022,51,Cody Ware,Frd,27,4125,100,67.857,79.579,31
5180,1,2022,51,Cody Ware,Frd,27,4125,101,51.671,104.507,31
5180,1,2022,51,Cody Ware,Frd,27,4125,102,89.801,60.133,31
5180,1,2022,51,Cody Ware,Frd,27,4125,103,99.65,54.190,31
5180,1,2022,51,Cody Ware,Frd,27,4125,104,115.859,46.608,31
5180,1,2022,51,Cody Ware,Frd,27,4125,105,76.017,71.037,31
5180,1,2022,51,Cody Ware,Frd,27,4125,106,32.602,165.634,31
5180,1,2022,51,Cody Ware,Frd,27,4125,107,30.726,175.747,31
5180,1,2022,51,Cody Ware,Frd,27,4125,108,30.8,175.325,31
5180,1,2022,51,Cody Ware,Frd,27,4125,109,30.674,176.045,31
5180,1,2022,51,Cody Ware,Frd,27,4125,110,31.151,173.349,31
5180,1,2022,51,Cody Ware,Frd,27,4125,111,31.498,171.439,31
5180,1,2022,51,Cody Ware,Frd,27,4125,112,31.345,172.276,31
5180,1,2022,51,Cody Ware,Frd,27,4125,113,31.452,171.690,31
5180,1,2022,51,Cody Ware,Frd,27,4125,114,31.565,171.076,31
5180,1,2022,51,Cody Ware,Frd,27,4125,115,31.629,170.729,31
5180,1,2022,51,Cody Ware,Frd,27,4125,116,31.672,170.498,31
5180,1,2022,51,Cody Ware,Frd,27,4125,117,31.731,170.181,31
5180,1,2022,51,Cody Ware,Frd,27,4125,118,31.72,170.240,31
5180,1,2022,51,Cody Ware,Frd,27,4125,119,31.69,170.401,31
5180,1,2022,51,Cody Ware,Frd,27,4125,120,31.785,169.891,31
5180,1,2022,51,Cody Ware,Frd,27,4125,121,31.831,169.646,31
5180,1,2022,51,Cody Ware,Frd,27,4125,122,31.911,169.221,31
5180,1,2022,51,Cody Ware,Frd,27,4125,123,31.972,168.898,31
5180,1,2022,51,Cody Ware,Frd,27,4125,124,31.967,168.924,31
5180,1,2022,51,Cody Ware,Frd,27,4125,125,31.828,169.662,31
5180,1,2022,51,Cody Ware,Frd,27,4125,126,32.113,168.156,31
5180,1,2022,51,Cody Ware,Frd,27,4125,127,32.279,167.291,31
5180,1,2022,51,Cody Ware,Frd,27,4125,128,32.056,168.455,31
5180,1,2022,51,Cody Ware,Frd,27,4125,129,32.169,167.863,31
5180,1,2022,51,Cody Ware,Frd,27,4125,130,32.081,168.324,31
5180,1,2022,51,Cody Ware,Frd,27,4125,131,32.544,165.929,31
5180,1,2022,51,Cody Ware,Frd,27,4125,132,32.201,167.697,31
5180,1,2022,51,Cody Ware,Frd,27,4125,133,32.24,167.494,31
5180,1,2022,51,Cody Ware,Frd,27,4125,134,32.31,167.131,31
5180,1,2022,51,Cody Ware,Frd,27,4125,135,32.899,164.139,31
5180,1,2022,51,Cody Ware,Frd,27,4125,136,32.883,164.219,31
5180,1,2022,51,Cody Ware,Frd,27,4125,137,32.443,166.446,31
5180,1,2022,51,Cody Ware,Frd,27,4125,138,32.246,167.463,31
5180,1,2022,51,Cody Ware,Frd,27,4125,139,32.393,166.703,31
5180,1,2022,51,Cody Ware,Frd,27,4125,140,32.37,166.821,31
5180,1,2022,51,Cody Ware,Frd,27,4125,141,32.389,166.723,31
5180,1,2022,51,Cody Ware,Frd,27,4125,142,32.505,166.128,31
5180,1,2022,51,Cody Ware,Frd,27,4125,143,32.599,165.649,31
5180,1,2022,51,Cody Ware,Frd,27,4125,144,32.635,165.467,31
5180,1,2022,51,Cody Ware,Frd,27,4125,145,32.989,163.691,31
5180,1,2022,51,Cody Ware,Frd,27,4125,146,32.531,165.996,31
5180,1,2022,51,Cody Ware,Frd,27,4125,147,32.742,164.926,31
5180,1,2022,51,Cody Ware,Frd,27,4125,148,32.789,164.689,31
5180,1,2022,51,Cody Ware,Frd,27,4125,149,33.013,163.572,31
5180,1,2022,51,Cody Ware,Frd,27,4125,150,32.771,164.780,31
5180,1,2022,51,Cody Ware,Frd,27,4125,151,32.336,166.997,31
5180,1,2022,51,Cody Ware,Frd,27,4125,152,32.415,166.590,31
5180,1,2022,51,Cody Ware,Frd,27,4125,153,32.855,164.359,31
5180,1,2022,51,Cody Ware,Frd,27,4125,154,32.725,165.011,31
5180,1,2022,51,Cody Ware,Frd,27,4125,155,32.813,164.569,31
5180,1,2022,51,Cody Ware,Frd,27,4125,156,32.425,166.538,31
5180,1,2022,51,Cody Ware,Frd,27,4125,157,32.341,166.971,31
5180,1,2022,51,Cody Ware,Frd,27,4125,158,32.177,167.822,31
5180,1,2022,51,Cody Ware,Frd,27,4125,159,32.118,168.130,31
5180,1,2022,51,Cody Ware,Frd,27,4125,160,32.205,167.676,31
5180,1,2022,51,Cody Ware,Frd,27,4125,161,32.338,166.986,31
5180,1,2022,51,Cody Ware,Frd,27,4125,162,35.929,150.296,31
5180,1,2022,51,Cody Ware,Frd,27,4125,163,43.114,125.249,31
5180,1,2022,51,Cody Ware,Frd,27,4125,164,88.524,61.000,31
5180,1,2022,51,Cody Ware,Frd,27,4125,165,81.044,66.630,31
5180,1,2022,51,Cody Ware,Frd,27,4125,166,97.754,55.241,31
5180,1,2022,51,Cody Ware,Frd,27,4125,167,125.309,43.093,31
5180,1,2022,51,Cody Ware,Frd,27,4125,168,68.109,79.285,31
5180,1,2022,51,Cody Ware,Frd,27,4125,169,32.537,165.965,31
5180,1,2022,51,Cody Ware,Frd,27,4125,170,30.895,174.786,31
5180,1,2022,51,Cody Ware,Frd,27,4125,171,30.705,175.867,31
5180,1,2022,51,Cody Ware,Frd,27,4125,172,30.751,175.604,31
5180,1,2022,51,Cody Ware,Frd,27,4125,173,30.977,174.323,31
5180,1,2022,51,Cody Ware,Frd,27,4125,174,31.148,173.366,31
5180,1,2022,51,Cody Ware,Frd,27,4125,175,31.256,172.767,31
5180,1,2022,51,Cody Ware,Frd,27,4125,176,31.222,172.955,31
5180,1,2022,51,Cody Ware,Frd,27,4125,177,31.387,172.046,31
5180,1,2022,51,Cody Ware,Frd,27,4125,178,31.431,171.805,31
5180,1,2022,51,Cody Ware,Frd,27,4125,179,31.581,170.989,31
5180,1,2022,51,Cody Ware,Frd,27,4125,180,31.543,171.195,31
5180,1,2022,51,Cody Ware,Frd,27,4125,181,31.518,171.331,31
5180,1,2022,51,Cody Ware,Frd,27,4125,182,31.708,170.304,31
5180,1,2022,51,Cody Ware,Frd,27,4125,183,31.538,171.222,31
5180,1,2022,51,Cody Ware,Frd,27,4125,184,31.608,170.843,31
5180,1,2022,51,Cody Ware,Frd,27,4125,185,31.736,170.154,31
5180,1,2022,51,Cody Ware,Frd,27,4125,186,32.107,168.188,31
5180,1,2022,51,Cody Ware,Frd,27,4125,187,31.97,168.908,31
5180,1,2022,51,Cody Ware,Frd,27,4125,188,31.893,169.316,31
5180,1,2022,51,Cody Ware,Frd,27,4125,189,31.85,169.545,31
5180,1,2022,51,Cody Ware,Frd,27,4125,190,31.924,169.152,31
5180,1,2022,51,Cody Ware,Frd,27,4125,191,36.257,148.937,31
5180,1,2022,51,Cody Ware,Frd,27,4125,192,70.07,77.066,31
5180,1,2022,51,Cody Ware,Frd,27,4125,193,82.697,65.299,31
5180,1,2022,51,Cody Ware,Frd,27,4125,194,94.612,57.075,31
5180,1,2022,51,Cody Ware,Frd,27,4125,195,95.219,56.711,31
5180,1,2022,51,Cody Ware,Frd,27,4125,196,41.736,129.385,31
5180,1,2022,51,Cody Ware,Frd,27,4125,197,66.297,81.452,31
5180,1,2022,51,Cody Ware,Frd,27,4125,198,33.221,162.548,31
5180,1,2022,51,Cody Ware,Frd,27,4125,199,31.2,173.077,31
5180,1,2022,51,Cody Ware,Frd,27,4125,200,31.193,173.116,31
5180,1,2022,51,Cody Ware,Frd,27,4125,201,31.311,172.463,31
5180,1,2022,51,Cody Ware,Frd,27,4125,202,31.481,171.532,31
5180,1,2022,51,Cody Ware,Frd,27,4125,203,31.64,170.670,31
5180,1,2022,51,Cody Ware,Frd,27,4125,204,31.666,170.530,31
5180,1,2022,51,Cody Ware,Frd,27,4125,205,31.829,169.657,31
5180,1,2022,51,Cody Ware,Frd,27,4125,206,31.654,170.595,31
5180,1,2022,51,Cody Ware,Frd,27,4125,207,31.787,169.881,31
5180,1,2022,51,Cody Ware,Frd,27,4125,208,31.787,169.881,30
5180,1,2022,51,Cody Ware,Frd,27,4125,209,31.754,170.057,30
5180,1,2022,51,Cody Ware,Frd,27,4125,210,31.989,168.808,30
5180,1,2022,51,Cody Ware,Frd,27,4125,211,32.062,168.424,30
5180,1,2022,51,Cody Ware,Frd,27,4125,212,32.012,168.687,30
5180,1,2022,51,Cody Ware,Frd,27,4125,213,32.001,168.745,30
5180,1,2022,51,Cody Ware,Frd,27,4125,214,32.103,168.209,30
5180,1,2022,51,Cody Ware,Frd,27,4125,215,32.202,167.691,30
5180,1,2022,51,Cody Ware,Frd,27,4125,216,32.052,168.476,30
5180,1,2022,51,Cody Ware,Frd,27,4125,217,32.228,167.556,30
5180,1,2022,51,Cody Ware,Frd,27,4125,218,32.176,167.827,30
5180,1,2022,51,Cody Ware,Frd,27,4125,219,32.144,167.994,30
5180,1,2022,51,Cody Ware,Frd,27,4125,220,32.596,165.664,30
5180,1,2022,51,Cody Ware,Frd,27,4125,221,33.088,163.201,30
5180,1,2022,51,Cody Ware,Frd,27,4125,222,45.699,118.165,30
5180,1,2022,51,Cody Ware,Frd,27,4125,223,63.924,84.475,30
5180,1,2022,51,Cody Ware,Frd,27,4125,224,47.578,113.498,30
5180,1,2022,51,Cody Ware,Frd,27,4125,225,60.015,89.978,30
5180,1,2022,51,Cody Ware,Frd,27,4125,226,98.118,55.036,30
5180,1,2022,51,Cody Ware,Frd,27,4125,227,90.331,59.780,30
5180,1,2022,51,Cody Ware,Frd,27,4125,228,45.884,117.688,29
5180,1,2022,51,Cody Ware,Frd,27,4125,229,64.099,84.245,29
5180,1,2022,51,Cody Ware,Frd,27,4125,230,33.078,163.250,29
5180,1,2022,51,Cody Ware,Frd,27,4125,231,30.441,177.392,29
5180,1,2022,51,Cody Ware,Frd,27,4125,232,30.724,175.758,29
5180,1,2022,51,Cody Ware,Frd,27,4125,233,31.078,173.756,29
5180,1,2022,51,Cody Ware,Frd,27,4125,234,31.491,171.478,29
5180,1,2022,51,Cody Ware,Frd,27,4125,235,31.436,171.778,29
5180,1,2022,51,Cody Ware,Frd,27,4125,236,31.137,173.427,29
5180,1,2022,51,Cody Ware,Frd,27,4125,237,32.86,164.334,29
5180,1,2022,51,Cody Ware,Frd,27,4125,238,52.406,103.042,28
5180,1,2022,51,Cody Ware,Frd,27,4125,239,82.003,65.851,28
5180,1,2022,51,Cody Ware,Frd,27,4125,240,99.989,54.006,28
5180,1,2022,51,Cody Ware,Frd,27,4125,241,114.288,47.249,28
5180,1,2022,51,Cody Ware,Frd,27,4125,242,78.031,69.203,28
5180,1,2022,51,Cody Ware,Frd,27,4125,243,34.735,155.463,28
5180,1,2022,51,Cody Ware,Frd,27,4125,244,60.616,89.085,28
5180,1,2022,51,Cody Ware,Frd,27,4125,245,85.389,63.240,28
5180,1,2022,51,Cody Ware,Frd,27,4125,246,105.021,51.418,28
5180,1,2022,51,Cody Ware,Frd,27,4125,247,104.202,51.822,27
5180,1,2022,51,Cody Ware,Frd,27,4125,248,80.27,67.273,27
5180,1,2022,51,Cody Ware,Frd,27,4125,249,33.169,162.803,27
5180,1,2022,51,Cody Ware,Frd,27,4125,250,30.623,176.338,27
5180,1,2022,51,Cody Ware,Frd,27,4125,251,30.542,176.806,27
5180,1,2022,51,Cody Ware,Frd,27,4125,252,30.818,175.222,27
5180,1,2022,51,Cody Ware,Frd,27,4125,253,31.151,173.349,27
5180,1,2022,51,Cody Ware,Frd,27,4125,254,31.267,172.706,27
5180,1,2022,51,Cody Ware,Frd,27,4125,255,31.405,171.947,27
5180,1,2022,51,Cody Ware,Frd,27,4125,256,31.615,170.805,27
5180,1,2022,51,Cody Ware,Frd,27,4125,257,31.366,172.161,27
5180,1,2022,51,Cody Ware,Frd,27,4125,258,31.647,170.632,27
5180,1,2022,51,Cody Ware,Frd,27,4125,259,31.647,170.632,27
5180,1,2022,51,Cody Ware,Frd,27,4125,260,31.624,170.756,27
5180,1,2022,51,Cody Ware,Frd,27,4125,261,31.91,169.226,27
5180,1,2022,51,Cody Ware,Frd,27,4125,262,31.986,168.824,27
5180,1,2022,51,Cody Ware,Frd,27,4125,263,31.836,169.619,27
5180,1,2022,51,Cody Ware,Frd,27,4125,264,31.936,169.088,27
5180,1,2022,12,Ryan Blaney (P),Frd,28,4023,0,,,4
5180,1,2022,12,Ryan Blaney (P),Frd,28,4023,1,32.896,164.154,3
5180,1,2022,12,Ryan Blaney (P),Frd,28,4023,2,29.907,180.560,4
5180,1,2022,12,Ryan Blaney (P),Frd,28,4023,3,29.752,181.500,4
5180,1,2022,12,Ryan Blaney (P),Frd,28,4023,4,29.793,181.251,4
5180,1,2022,12,Ryan Blaney (P),Frd,28,4023,5,29.681,181.935,4
5180,1,2022,12,Ryan Blaney (P),Frd,28,4023,6,29.979,180.126,4
5180,1,2022,12,Ryan Blaney (P),Frd,28,4023,7,29.907,180.560,4
5180,1,2022,12,Ryan Blaney (P),Frd,28,4023,8,30.077,179.539,4
5180,1,2022,12,Ryan Blaney (P),Frd,28,4023,9,30.219,178.696,4
5180,1,2022,12,Ryan Blaney (P),Frd,28,4023,10,30.262,178.442,4
5180,1,2022,12,Ryan Blaney (P),Frd,28,4023,11,30.236,178.595,4
5180,1,2022,12,Ryan Blaney (P),Frd,28,4023,12,30.346,177.948,4
5180,1,2022,12,Ryan Blaney (P),Frd,28,4023,13,30.282,178.324,4
5180,1,2022,12,Ryan Blaney (P),Frd,28,4023,14,30.446,177.363,4
5180,1,2022,12,Ryan Blaney (P),Frd,28,4023,15,30.39,177.690,4
5180,1,2022,12,Ryan Blaney (P),Frd,28,4023,16,30.426,177.480,4
5180,1,2022,12,Ryan Blaney (P),Frd,28,4023,17,30.448,177.352,4
5180,1,2022,12,Ryan Blaney (P),Frd,28,4023,18,30.703,175.879,4
5180,1,2022,12,Ryan Blaney (P),Frd,28,4023,19,30.698,175.907,4
5180,1,2022,12,Ryan Blaney (P),Frd,28,4023,20,30.671,176.062,4
5180,1,2022,12,Ryan Blaney (P),Frd,28,4023,21,30.859,174.989,4
5180,1,2022,12,Ryan Blaney (P),Frd,28,4023,22,30.937,174.548,4
5180,1,2022,12,Ryan Blaney (P),Frd,28,4023,23,30.789,175.387,4
5180,1,2022,12,Ryan Blaney (P),Frd,28,4023,24,30.77,175.496,4
5180,1,2022,12,Ryan Blaney (P),Frd,28,4023,25,30.854,175.018,3
5180,1,2022,12,Ryan Blaney (P),Frd,28,4023,26,31.0,174.194,3
5180,1,2022,12,Ryan Blaney (P),Frd,28,4023,27,31.032,174.014,3
5180,1,2022,12,Ryan Blaney (P),Frd,28,4023,28,30.981,174.300,3
5180,1,2022,12,Ryan Blaney (P),Frd,28,4023,29,31.131,173.461,3
5180,1,2022,12,Ryan Blaney (P),Frd,28,4023,30,31.258,172.756,3
5180,1,2022,12,Ryan Blaney (P),Frd,28,4023,31,31.209,173.027,3
5180,1,2022,12,Ryan Blaney (P),Frd,28,4023,32,31.232,172.900,3
5180,1,2022,12,Ryan Blaney (P),Frd,28,4023,33,31.075,173.773,3
5180,1,2022,12,Ryan Blaney (P),Frd,28,4023,34,31.13,173.466,3
5180,1,2022,12,Ryan Blaney (P),Frd,28,4023,35,31.291,172.574,2
5180,1,2022,12,Ryan Blaney (P),Frd,28,4023,36,31.072,173.790,2
5180,1,2022,12,Ryan Blaney (P),Frd,28,4023,37,31.252,172.789,2
5180,1,2022,12,Ryan Blaney (P),Frd,28,4023,38,31.143,173.394,2
5180,1,2022,12,Ryan Blaney (P),Frd,28,4023,39,59.845,90.233,11
5180,1,2022,12,Ryan Blaney (P),Frd,28,4023,40,45.446,118.822,16
5180,1,2022,12,Ryan Blaney (P),Frd,28,4023,41,29.886,180.687,9
5180,1,2022,12,Ryan Blaney (P),Frd,28,4023,42,29.764,181.427,6
5180,1,2022,12,Ryan Blaney (P),Frd,28,4023,43,29.891,180.656,6
5180,1,2022,12,Ryan Blaney (P),Frd,28,4023,44,30.223,178.672,6
5180,1,2022,12,Ryan Blaney (P),Frd,28,4023,45,30.231,178.625,6
5180,1,2022,12,Ryan Blaney (P),Frd,28,4023,46,30.221,178.684,6
5180,1,2022,12,Ryan Blaney (P),Frd,28,4023,47,30.203,178.790,6
5180,1,2022,12,Ryan Blaney (P),Frd,28,4023,48,30.201,178.802,5
5180,1,2022,12,Ryan Blaney (P),Frd,28,4023,49,30.686,175.976,5
5180,1,2022,12,Ryan Blaney (P),Frd,28,4023,50,30.757,175.570,5
5180,1,2022,12,Ryan Blaney (P),Frd,28,4023,51,30.557,176.719,5
5180,1,2022,12,Ryan Blaney (P),Frd,28,4023,52,30.367,177.825,5
5180,1,2022,12,Ryan Blaney (P),Frd,28,4023,53,30.385,177.719,5
5180,1,2022,12,Ryan Blaney (P),Frd,28,4023,54,30.689,175.959,5
5180,1,2022,12,Ryan Blaney (P),Frd,28,4023,55,30.794,175.359,5
5180,1,2022,12,Ryan Blaney (P),Frd,28,4023,56,30.592,176.517,4
5180,1,2022,12,Ryan Blaney (P),Frd,28,4023,57,31.224,172.944,4
5180,1,2022,12,Ryan Blaney (P),Frd,28,4023,58,30.879,174.876,4
5180,1,2022,12,Ryan Blaney (P),Frd,28,4023,59,30.895,174.786,4
5180,1,2022,12,Ryan Blaney (P),Frd,28,4023,60,31.022,174.070,4
5180,1,2022,12,Ryan Blaney (P),Frd,28,4023,61,31.044,173.947,5
5180,1,2022,12,Ryan Blaney (P),Frd,28,4023,62,31.046,173.935,5
5180,1,2022,12,Ryan Blaney (P),Frd,28,4023,63,31.267,172.706,6
5180,1,2022,12,Ryan Blaney (P),Frd,28,4023,64,31.014,174.115,6
5180,1,2022,12,Ryan Blaney (P),Frd,28,4023,65,31.071,173.796,6
5180,1,2022,12,Ryan Blaney (P),Frd,28,4023,66,30.996,174.216,6
5180,1,2022,12,Ryan Blaney (P),Frd,28,4023,67,30.938,174.543,6
5180,1,2022,12,Ryan Blaney (P),Frd,28,4023,68,30.954,174.452,5
5180,1,2022,12,Ryan Blaney (P),Frd,28,4023,69,31.057,173.874,5
5180,1,2022,12,Ryan Blaney (P),Frd,28,4023,70,30.999,174.199,5
5180,1,2022,12,Ryan Blaney (P),Frd,28,4023,71,30.999,174.199,5
5180,1,2022,12,Ryan Blaney (P),Frd,28,4023,72,31.134,173.444,5
5180,1,2022,12,Ryan Blaney (P),Frd,28,4023,73,31.11,173.578,5
5180,1,2022,12,Ryan Blaney (P),Frd,28,4023,74,31.056,173.879,5
5180,1,2022,12,Ryan Blaney (P),Frd,28,4023,75,31.134,173.444,5
5180,1,2022,12,Ryan Blaney (P),Frd,28,4023,76,31.094,173.667,5
5180,1,2022,12,Ryan Blaney (P),Frd,28,4023,77,31.171,173.238,5
5180,1,2022,12,Ryan Blaney (P),Frd,28,4023,78,44.083,122.496,5
5180,1,2022,12,Ryan Blaney (P),Frd,28,4023,79,84.365,64.008,5
5180,1,2022,12,Ryan Blaney (P),Frd,28,4023,80,99.983,54.009,5
5180,1,2022,12,Ryan Blaney (P),Frd,28,4023,81,100.482,53.741,5
5180,1,2022,12,Ryan Blaney (P),Frd,28,4023,82,114.966,46.970,15
5180,1,2022,12,Ryan Blaney (P),Frd,28,4023,83,88.266,61.179,10
5180,1,2022,12,Ryan Blaney (P),Frd,28,4023,84,97.452,55.412,9
5180,1,2022,12,Ryan Blaney (P),Frd,28,4023,85,90.564,59.626,9
5180,1,2022,12,Ryan Blaney (P),Frd,28,4023,86,32.411,166.610,7
5180,1,2022,12,Ryan Blaney (P),Frd,28,4023,87,30.069,179.587,5
5180,1,2022,12,Ryan Blaney (P),Frd,28,4023,88,29.774,181.366,5
5180,1,2022,12,Ryan Blaney (P),Frd,28,4023,89,30.035,179.790,5
5180,1,2022,12,Ryan Blaney (P),Frd,28,4023,90,30.007,179.958,5
5180,1,2022,12,Ryan Blaney (P),Frd,28,4023,91,30.151,179.099,5
5180,1,2022,12,Ryan Blaney (P),Frd,28,4023,92,30.312,178.147,4
5180,1,2022,12,Ryan Blaney (P),Frd,28,4023,93,30.107,179.360,4
5180,1,2022,12,Ryan Blaney (P),Frd,28,4023,94,30.225,178.660,4
5180,1,2022,12,Ryan Blaney (P),Frd,28,4023,95,51.398,105.062,4
5180,1,2022,12,Ryan Blaney (P),Frd,28,4023,96,114.576,47.130,4
5180,1,2022,12,Ryan Blaney (P),Frd,28,4023,97,123.842,43.604,14
5180,1,2022,12,Ryan Blaney (P),Frd,28,4023,98,89.846,60.103,5
5180,1,2022,12,Ryan Blaney (P),Frd,28,4023,99,106.351,50.775,5
5180,1,2022,12,Ryan Blaney (P),Frd,28,4023,100,95.961,56.273,5
5180,1,2022,12,Ryan Blaney (P),Frd,28,4023,101,97.246,55.529,5
5180,1,2022,12,Ryan Blaney (P),Frd,28,4023,102,94.104,57.383,6
5180,1,2022,12,Ryan Blaney (P),Frd,28,4023,103,43.39,124.453,5
5180,1,2022,12,Ryan Blaney (P),Frd,28,4023,104,91.55,58.984,5
5180,1,2022,12,Ryan Blaney (P),Frd,28,4023,105,100.299,53.839,5
5180,1,2022,12,Ryan Blaney (P),Frd,28,4023,106,101.551,53.175,5
5180,1,2022,12,Ryan Blaney (P),Frd,28,4023,107,95.11,56.776,4
5180,1,2022,12,Ryan Blaney (P),Frd,28,4023,108,32.225,167.572,3
5180,1,2022,12,Ryan Blaney (P),Frd,28,4023,109,29.619,182.315,3
5180,1,2022,12,Ryan Blaney (P),Frd,28,4023,110,29.929,180.427,3
5180,1,2022,12,Ryan Blaney (P),Frd,28,4023,111,30.053,179.683,3
5180,1,2022,12,Ryan Blaney (P),Frd,28,4023,112,30.014,179.916,3
5180,1,2022,12,Ryan Blaney (P),Frd,28,4023,113,30.106,179.366,3
5180,1,2022,12,Ryan Blaney (P),Frd,28,4023,114,30.139,179.170,3
5180,1,2022,12,Ryan Blaney (P),Frd,28,4023,115,30.281,178.330,3
5180,1,2022,12,Ryan Blaney (P),Frd,28,4023,116,30.387,177.708,3
5180,1,2022,12,Ryan Blaney (P),Frd,28,4023,117,30.357,177.883,3
5180,1,2022,12,Ryan Blaney (P),Frd,28,4023,118,30.394,177.667,3
5180,1,2022,12,Ryan Blaney (P),Frd,28,4023,119,30.498,177.061,3
5180,1,2022,12,Ryan Blaney (P),Frd,28,4023,120,30.55,176.759,3
5180,1,2022,12,Ryan Blaney (P),Frd,28,4023,121,30.556,176.725,3
5180,1,2022,12,Ryan Blaney (P),Frd,28,4023,122,30.573,176.626,3
5180,1,2022,12,Ryan Blaney (P),Frd,28,4023,123,30.583,176.569,3
5180,1,2022,12,Ryan Blaney (P),Frd,28,4023,124,30.677,176.028,3
5180,1,2022,12,Ryan Blaney (P),Frd,28,4023,125,30.716,175.804,2
5180,1,2022,12,Ryan Blaney (P),Frd,28,4023,126,30.896,174.780,2
5180,1,2022,12,Ryan Blaney (P),Frd,28,4023,127,30.857,175.001,2
5180,1,2022,12,Ryan Blaney (P),Frd,28,4023,128,30.85,175.041,2
5180,1,2022,12,Ryan Blaney (P),Frd,28,4023,129,30.896,174.780,1
5180,1,2022,12,Ryan Blaney (P),Frd,28,4023,130,31.191,173.127,1
5180,1,2022,12,Ryan Blaney (P),Frd,28,4023,131,31.098,173.645,1
5180,1,2022,12,Ryan Blaney (P),Frd,28,4023,132,31.163,173.282,1
5180,1,2022,12,Ryan Blaney (P),Frd,28,4023,133,31.029,174.031,1
5180,1,2022,12,Ryan Blaney (P),Frd,28,4023,134,31.028,174.036,1
5180,1,2022,12,Ryan Blaney (P),Frd,28,4023,135,31.107,173.594,1
5180,1,2022,12,Ryan Blaney (P),Frd,28,4023,136,31.134,173.444,1
5180,1,2022,12,Ryan Blaney (P),Frd,28,4023,137,31.127,173.483,1
5180,1,2022,12,Ryan Blaney (P),Frd,28,4023,138,31.169,173.249,1
5180,1,2022,12,Ryan Blaney (P),Frd,28,4023,139,31.193,173.116,1
5180,1,2022,12,Ryan Blaney (P),Frd,28,4023,140,31.092,173.678,1
5180,1,2022,12,Ryan Blaney (P),Frd,28,4023,141,31.108,173.589,1
5180,1,2022,12,Ryan Blaney (P),Frd,28,4023,142,31.181,173.182,1
5180,1,2022,12,Ryan Blaney (P),Frd,28,4023,143,31.385,172.057,1
5180,1,2022,12,Ryan Blaney (P),Frd,28,4023,144,31.313,172.452,1
5180,1,2022,12,Ryan Blaney (P),Frd,28,4023,145,31.458,171.657,1
5180,1,2022,12,Ryan Blaney (P),Frd,28,4023,146,31.782,169.907,1
5180,1,2022,12,Ryan Blaney (P),Frd,28,4023,147,31.546,171.179,1
5180,1,2022,12,Ryan Blaney (P),Frd,28,4023,148,31.437,171.772,1
5180,1,2022,12,Ryan Blaney (P),Frd,28,4023,149,31.508,171.385,1
5180,1,2022,12,Ryan Blaney (P),Frd,28,4023,150,31.427,171.827,1
5180,1,2022,12,Ryan Blaney (P),Frd,28,4023,151,31.417,171.881,1
5180,1,2022,12,Ryan Blaney (P),Frd,28,4023,152,31.467,171.608,1
5180,1,2022,12,Ryan Blaney (P),Frd,28,4023,153,31.588,170.951,1
5180,1,2022,12,Ryan Blaney (P),Frd,28,4023,154,31.785,169.891,1
5180,1,2022,12,Ryan Blaney (P),Frd,28,4023,155,32.033,168.576,1
5180,1,2022,12,Ryan Blaney (P),Frd,28,4023,156,31.888,169.343,1
5180,1,2022,12,Ryan Blaney (P),Frd,28,4023,157,31.78,169.918,1
5180,1,2022,12,Ryan Blaney (P),Frd,28,4023,158,31.516,171.342,1
5180,1,2022,12,Ryan Blaney (P),Frd,28,4023,159,31.631,170.719,1
5180,1,2022,12,Ryan Blaney (P),Frd,28,4023,160,31.93,169.120,1
5180,1,2022,12,Ryan Blaney (P),Frd,28,4023,161,31.888,169.343,1
5180,1,2022,12,Ryan Blaney (P),Frd,28,4023,162,32.169,167.863,1
5180,1,2022,12,Ryan Blaney (P),Frd,28,4023,163,32.041,168.534,1
5180,1,2022,12,Ryan Blaney (P),Frd,28,4023,164,32.164,167.890,1
5180,1,2022,12,Ryan Blaney (P),Frd,28,4023,165,32.234,167.525,1
5180,1,2022,12,Ryan Blaney (P),Frd,28,4023,166,49.887,108.245,1
5180,1,2022,12,Ryan Blaney (P),Frd,28,4023,167,95.673,56.442,1
5180,1,2022,12,Ryan Blaney (P),Frd,28,4023,168,115.218,46.868,16
5180,1,2022,12,Ryan Blaney (P),Frd,28,4023,169,83.019,65.045,3
5180,1,2022,12,Ryan Blaney (P),Frd,28,4023,170,98.23,54.973,3
5180,1,2022,12,Ryan Blaney (P),Frd,28,4023,171,93.104,58.000,3
5180,1,2022,12,Ryan Blaney (P),Frd,28,4023,172,32.132,168.057,2
5180,1,2022,12,Ryan Blaney (P),Frd,28,4023,173,29.825,181.056,2
5180,1,2022,12,Ryan Blaney (P),Frd,28,4023,174,29.819,181.093,2
5180,1,2022,12,Ryan Blaney (P),Frd,28,4023,175,29.968,180.192,2
5180,1,2022,12,Ryan Blaney (P),Frd,28,4023,176,30.128,179.235,2
5180,1,2022,12,Ryan Blaney (P),Frd,28,4023,177,30.3,178.218,2
5180,1,2022,12,Ryan Blaney (P),Frd,28,4023,178,30.027,179.838,2
5180,1,2022,12,Ryan Blaney (P),Frd,28,4023,179,30.387,177.708,2
5180,1,2022,12,Ryan Blaney (P),Frd,28,4023,180,30.434,177.433,2
5180,1,2022,12,Ryan Blaney (P),Frd,28,4023,181,30.406,177.597,2
5180,1,2022,12,Ryan Blaney (P),Frd,28,4023,182,30.269,178.400,2
5180,1,2022,12,Ryan Blaney (P),Frd,28,4023,183,30.445,177.369,2
5180,1,2022,12,Ryan Blaney (P),Frd,28,4023,184,30.526,176.898,2
5180,1,2022,12,Ryan Blaney (P),Frd,28,4023,185,30.568,176.655,2
5180,1,2022,12,Ryan Blaney (P),Frd,28,4023,186,30.482,177.154,2
5180,1,2022,12,Ryan Blaney (P),Frd,28,4023,187,30.493,177.090,2
5180,1,2022,12,Ryan Blaney (P),Frd,28,4023,188,30.549,176.765,2
5180,1,2022,12,Ryan Blaney (P),Frd,28,4023,189,30.659,176.131,2
5180,1,2022,12,Ryan Blaney (P),Frd,28,4023,190,30.871,174.921,2
5180,1,2022,12,Ryan Blaney (P),Frd,28,4023,191,31.025,174.053,2
5180,1,2022,12,Ryan Blaney (P),Frd,28,4023,192,31.058,173.868,2
5180,1,2022,12,Ryan Blaney (P),Frd,28,4023,193,30.916,174.667,2
5180,1,2022,12,Ryan Blaney (P),Frd,28,4023,194,31.838,169.609,2
5180,1,2022,12,Ryan Blaney (P),Frd,28,4023,195,80.676,66.934,2
5180,1,2022,12,Ryan Blaney (P),Frd,28,4023,196,113.832,47.438,16
5180,1,2022,12,Ryan Blaney (P),Frd,28,4023,197,84.561,63.859,3
5180,1,2022,12,Ryan Blaney (P),Frd,28,4023,198,97.645,55.302,2
5180,1,2022,12,Ryan Blaney (P),Frd,28,4023,199,101.015,53.457,2
5180,1,2022,12,Ryan Blaney (P),Frd,28,4023,200,32.526,166.021,3
5180,1,2022,12,Ryan Blaney (P),Frd,28,4023,201,30.776,175.461,4
5180,1,2022,12,Ryan Blaney (P),Frd,28,4023,202,30.013,179.922,4
5180,1,2022,12,Ryan Blaney (P),Frd,28,4023,203,30.517,176.951,5
5180,1,2022,12,Ryan Blaney (P),Frd,28,4023,204,30.263,178.436,5
5180,1,2022,12,Ryan Blaney (P),Frd,28,4023,205,30.248,178.524,5
5180,1,2022,12,Ryan Blaney (P),Frd,28,4023,206,30.251,178.506,5
5180,1,2022,12,Ryan Blaney (P),Frd,28,4023,207,30.245,178.542,4
5180,1,2022,12,Ryan Blaney (P),Frd,28,4023,208,30.2,178.808,3
5180,1,2022,12,Ryan Blaney (P),Frd,28,4023,209,30.488,177.119,3
5180,1,2022,12,Ryan Blaney (P),Frd,28,4023,210,30.483,177.148,3
5180,1,2022,12,Ryan Blaney (P),Frd,28,4023,211,30.543,176.800,3
5180,1,2022,12,Ryan Blaney (P),Frd,28,4023,212,30.433,177.439,3
5180,1,2022,12,Ryan Blaney (P),Frd,28,4023,213,30.556,176.725,3
5180,1,2022,12,Ryan Blaney (P),Frd,28,4023,214,30.557,176.719,3
5180,1,2022,12,Ryan Blaney (P),Frd,28,4023,215,31.022,174.070,3
5180,1,2022,12,Ryan Blaney (P),Frd,28,4023,216,30.866,174.950,3
5180,1,2022,12,Ryan Blaney (P),Frd,28,4023,217,30.826,175.177,3
5180,1,2022,12,Ryan Blaney (P),Frd,28,4023,218,30.76,175.553,3
5180,1,2022,12,Ryan Blaney (P),Frd,28,4023,219,30.799,175.330,3
5180,1,2022,12,Ryan Blaney (P),Frd,28,4023,220,30.865,174.955,3
5180,1,2022,12,Ryan Blaney (P),Frd,28,4023,221,30.968,174.374,3
5180,1,2022,12,Ryan Blaney (P),Frd,28,4023,222,31.007,174.154,3
5180,1,2022,12,Ryan Blaney (P),Frd,28,4023,223,31.288,172.590,2
5180,1,2022,12,Ryan Blaney (P),Frd,28,4023,224,31.187,173.149,2
5180,1,2022,12,Ryan Blaney (P),Frd,28,4023,225,31.281,172.629,2
5180,1,2022,12,Ryan Blaney (P),Frd,28,4023,226,31.153,173.338,2
5180,1,2022,12,Ryan Blaney (P),Frd,28,4023,227,31.392,172.018,2
5180,1,2022,12,Ryan Blaney (P),Frd,28,4023,228,505.985,10.672,30
5180,1,2022,12,Ryan Blaney (P),Frd,28,4023,229,49.543,108.996,30
5180,1,2022,12,Ryan Blaney (P),Frd,28,4023,230,31.673,170.492,30
5180,1,2022,12,Ryan Blaney (P),Frd,28,4023,231,31.844,169.577,30
5180,1,2022,12,Ryan Blaney (P),Frd,28,4023,232,32.112,168.161,30
5180,1,2022,12,Ryan Blaney (P),Frd,28,4023,233,39.176,137.839,30
5180,1,2022,12,Ryan Blaney (P),Frd,28,4023,234,52.19,103.468,30
5180,1,2022,12,Ryan Blaney (P),Frd,28,4023,235,122.304,44.152,31
5180,1,2022,12,Ryan Blaney (P),Frd,28,4023,236,129.498,41.699,31
5180,1,2022,12,Ryan Blaney (P),Frd,28,4023,237,52.782,102.308,31
5180,1,2022,12,Ryan Blaney (P),Frd,28,4023,238,55.873,96.648,29
5180,1,2022,12,Ryan Blaney (P),Frd,28,4023,239,40.725,132.597,29
5180,1,2022,12,Ryan Blaney (P),Frd,28,4023,240,55.838,96.708,29
5180,1,2022,12,Ryan Blaney (P),Frd,28,4023,241,84.724,63.736,29
5180,1,2022,12,Ryan Blaney (P),Frd,28,4023,242,159.44,33.869,30
5180,1,2022,12,Ryan Blaney (P),Frd,28,4023,243,55.455,97.376,30
5180,1,2022,12,Ryan Blaney (P),Frd,28,4023,244,76.721,70.385,29
5180,1,2022,12,Ryan Blaney (P),Frd,28,4023,245,33.444,161.464,29
5180,1,2022,12,Ryan Blaney (P),Frd,28,4023,246,31.48,171.537,29
5180,1,2022,12,Ryan Blaney (P),Frd,28,4023,247,31.562,171.092,28
5180,1,2022,12,Ryan Blaney (P),Frd,28,4023,248,31.692,170.390,28
5180,1,2022,12,Ryan Blaney (P),Frd,28,4023,249,31.918,169.184,28
5180,1,2022,12,Ryan Blaney (P),Frd,28,4023,250,31.819,169.710,28
5180,1,2022,12,Ryan Blaney (P),Frd,28,4023,251,31.775,169.945,28
5180,1,2022,12,Ryan Blaney (P),Frd,28,4023,252,31.975,168.882,28
5180,1,2022,12,Ryan Blaney (P),Frd,28,4023,253,31.96,168.961,28
5180,1,2022,12,Ryan Blaney (P),Frd,28,4023,254,32.139,168.020,28
5180,1,2022,12,Ryan Blaney (P),Frd,28,4023,255,32.3,167.183,28
5180,1,2022,12,Ryan Blaney (P),Frd,28,4023,256,32.342,166.966,28
5180,1,2022,12,Ryan Blaney (P),Frd,28,4023,257,32.394,166.698,28
5180,1,2022,12,Ryan Blaney (P),Frd,28,4023,258,32.606,165.614,28
5180,1,2022,12,Ryan Blaney (P),Frd,28,4023,259,32.62,165.543,28
5180,1,2022,12,Ryan Blaney (P),Frd,28,4023,260,32.861,164.329,28
5180,1,2022,2,Austin Cindric #,Frd,29,4180,0,,,2
5180,1,2022,2,Austin Cindric #,Frd,29,4180,1,32.836,164.454,1
5180,1,2022,2,Austin Cindric #,Frd,29,4180,2,29.578,182.568,1
5180,1,2022,2,Austin Cindric #,Frd,29,4180,3,29.686,181.904,2
5180,1,2022,2,Austin Cindric #,Frd,29,4180,4,29.737,181.592,2
5180,1,2022,2,Austin Cindric #,Frd,29,4180,5,29.706,181.781,2
5180,1,2022,2,Austin Cindric #,Frd,29,4180,6,29.789,181.275,2
5180,1,2022,2,Austin Cindric #,Frd,29,4180,7,30.033,179.802,2
5180,1,2022,2,Austin Cindric #,Frd,29,4180,8,30.082,179.509,2
5180,1,2022,2,Austin Cindric #,Frd,29,4180,9,29.935,180.391,2
5180,1,2022,2,Austin Cindric #,Frd,29,4180,10,30.037,179.778,2
5180,1,2022,2,Austin Cindric #,Frd,29,4180,11,30.156,179.069,2
5180,1,2022,2,Austin Cindric #,Frd,29,4180,12,30.223,178.672,2
5180,1,2022,2,Austin Cindric #,Frd,29,4180,13,30.307,178.177,2
5180,1,2022,2,Austin Cindric #,Frd,29,4180,14,30.373,177.789,2
5180,1,2022,2,Austin Cindric #,Frd,29,4180,15,30.334,178.018,2
5180,1,2022,2,Austin Cindric #,Frd,29,4180,16,30.382,177.737,2
5180,1,2022,2,Austin Cindric #,Frd,29,4180,17,30.661,176.120,2
5180,1,2022,2,Austin Cindric #,Frd,29,4180,18,30.583,176.569,2
5180,1,2022,2,Austin Cindric #,Frd,29,4180,19,30.707,175.856,2
5180,1,2022,2,Austin Cindric #,Frd,29,4180,20,30.795,175.353,2
5180,1,2022,2,Austin Cindric #,Frd,29,4180,21,30.88,174.870,2
5180,1,2022,2,Austin Cindric #,Frd,29,4180,22,30.824,175.188,2
5180,1,2022,2,Austin Cindric #,Frd,29,4180,23,30.978,174.317,2
5180,1,2022,2,Austin Cindric #,Frd,29,4180,24,30.935,174.560,2
5180,1,2022,2,Austin Cindric #,Frd,29,4180,25,30.88,174.870,2
5180,1,2022,2,Austin Cindric #,Frd,29,4180,26,31.038,173.980,2
5180,1,2022,2,Austin Cindric #,Frd,29,4180,27,31.056,173.879,2
5180,1,2022,2,Austin Cindric #,Frd,29,4180,28,31.371,172.133,2
5180,1,2022,2,Austin Cindric #,Frd,29,4180,29,31.205,173.049,2
5180,1,2022,2,Austin Cindric #,Frd,29,4180,30,31.131,173.461,2
5180,1,2022,2,Austin Cindric #,Frd,29,4180,31,31.368,172.150,2
5180,1,2022,2,Austin Cindric #,Frd,29,4180,32,31.124,173.500,2
5180,1,2022,2,Austin Cindric #,Frd,29,4180,33,31.098,173.645,2
5180,1,2022,2,Austin Cindric #,Frd,29,4180,34,31.139,173.416,1
5180,1,2022,2,Austin Cindric #,Frd,29,4180,35,31.167,173.260,1
5180,1,2022,2,Austin Cindric #,Frd,29,4180,36,31.129,173.472,1
5180,1,2022,2,Austin Cindric #,Frd,29,4180,37,31.225,172.938,1
5180,1,2022,2,Austin Cindric #,Frd,29,4180,38,31.179,173.193,1
5180,1,2022,2,Austin Cindric #,Frd,29,4180,39,31.145,173.383,1
5180,1,2022,2,Austin Cindric #,Frd,29,4180,40,43.008,125.558,1
5180,1,2022,2,Austin Cindric #,Frd,29,4180,41,62.664,86.174,11
5180,1,2022,2,Austin Cindric #,Frd,29,4180,42,30.085,179.491,9
5180,1,2022,2,Austin Cindric #,Frd,29,4180,43,29.903,180.584,8
5180,1,2022,2,Austin Cindric #,Frd,29,4180,44,29.933,180.403,8
5180,1,2022,2,Austin Cindric #,Frd,29,4180,45,30.2,178.808,8
5180,1,2022,2,Austin Cindric #,Frd,29,4180,46,30.412,177.561,8
5180,1,2022,2,Austin Cindric #,Frd,29,4180,47,30.235,178.601,8
5180,1,2022,2,Austin Cindric #,Frd,29,4180,48,30.466,177.247,8
5180,1,2022,2,Austin Cindric #,Frd,29,4180,49,30.513,176.974,8
5180,1,2022,2,Austin Cindric #,Frd,29,4180,50,30.752,175.598,8
5180,1,2022,2,Austin Cindric #,Frd,29,4180,51,30.756,175.575,8
5180,1,2022,2,Austin Cindric #,Frd,29,4180,52,30.853,175.023,8
5180,1,2022,2,Austin Cindric #,Frd,29,4180,53,30.667,176.085,8
5180,1,2022,2,Austin Cindric #,Frd,29,4180,54,30.66,176.125,8
5180,1,2022,2,Austin Cindric #,Frd,29,4180,55,30.785,175.410,8
5180,1,2022,2,Austin Cindric #,Frd,29,4180,56,30.668,176.079,8
5180,1,2022,2,Austin Cindric #,Frd,29,4180,57,30.663,176.108,8
5180,1,2022,2,Austin Cindric #,Frd,29,4180,58,30.64,176.240,7
5180,1,2022,2,Austin Cindric #,Frd,29,4180,59,30.999,174.199,7
5180,1,2022,2,Austin Cindric #,Frd,29,4180,60,31.091,173.684,7
5180,1,2022,2,Austin Cindric #,Frd,29,4180,61,30.943,174.514,7
5180,1,2022,2,Austin Cindric #,Frd,29,4180,62,30.907,174.718,7
5180,1,2022,2,Austin Cindric #,Frd,29,4180,63,31.029,174.031,7
5180,1,2022,2,Austin Cindric #,Frd,29,4180,64,30.968,174.374,7
5180,1,2022,2,Austin Cindric #,Frd,29,4180,65,30.936,174.554,7
5180,1,2022,2,Austin Cindric #,Frd,29,4180,66,31.193,173.116,7
5180,1,2022,2,Austin Cindric #,Frd,29,4180,67,31.014,174.115,7
5180,1,2022,2,Austin Cindric #,Frd,29,4180,68,30.968,174.374,7
5180,1,2022,2,Austin Cindric #,Frd,29,4180,69,31.156,173.321,7
5180,1,2022,2,Austin Cindric #,Frd,29,4180,70,31.18,173.188,7
5180,1,2022,2,Austin Cindric #,Frd,29,4180,71,31.068,173.812,7
5180,1,2022,2,Austin Cindric #,Frd,29,4180,72,30.991,174.244,7
5180,1,2022,2,Austin Cindric #,Frd,29,4180,73,30.972,174.351,7
5180,1,2022,2,Austin Cindric #,Frd,29,4180,74,31.12,173.522,7
5180,1,2022,2,Austin Cindric #,Frd,29,4180,75,31.188,173.144,7
5180,1,2022,2,Austin Cindric #,Frd,29,4180,76,31.339,172.309,7
5180,1,2022,2,Austin Cindric #,Frd,29,4180,77,32.237,167.509,6
5180,1,2022,2,Austin Cindric #,Frd,29,4180,78,44.773,120.608,6
5180,1,2022,2,Austin Cindric #,Frd,29,4180,79,82.822,65.200,6
5180,1,2022,2,Austin Cindric #,Frd,29,4180,80,99.432,54.308,6
5180,1,2022,2,Austin Cindric #,Frd,29,4180,81,100.539,53.711,6
5180,1,2022,2,Austin Cindric #,Frd,29,4180,82,97.681,55.282,3
5180,1,2022,2,Austin Cindric #,Frd,29,4180,83,106.516,50.697,13
5180,1,2022,2,Austin Cindric #,Frd,29,4180,84,97.976,55.116,12
5180,1,2022,2,Austin Cindric #,Frd,29,4180,85,87.799,61.504,12
5180,1,2022,2,Austin Cindric #,Frd,29,4180,86,32.532,165.990,12
5180,1,2022,2,Austin Cindric #,Frd,29,4180,87,30.308,178.171,11
5180,1,2022,2,Austin Cindric #,Frd,29,4180,88,30.465,177.253,12
5180,1,2022,2,Austin Cindric #,Frd,29,4180,89,30.202,178.796,12
5180,1,2022,2,Austin Cindric #,Frd,29,4180,90,30.747,175.627,13
5180,1,2022,2,Austin Cindric #,Frd,29,4180,91,30.774,175.473,13
5180,1,2022,2,Austin Cindric #,Frd,29,4180,92,30.581,176.580,13
5180,1,2022,2,Austin Cindric #,Frd,29,4180,93,30.988,174.261,14
5180,1,2022,2,Austin Cindric #,Frd,29,4180,94,32.169,167.863,14
5180,1,2022,2,Austin Cindric #,Frd,29,4180,95,52.704,102.459,11
5180,1,2022,2,Austin Cindric #,Frd,29,4180,96,113.756,47.470,11
5180,1,2022,2,Austin Cindric #,Frd,29,4180,97,105.036,51.411,6
5180,1,2022,2,Austin Cindric #,Frd,29,4180,98,107.496,50.234,13
5180,1,2022,2,Austin Cindric #,Frd,29,4180,99,106.173,50.860,13
5180,1,2022,2,Austin Cindric #,Frd,29,4180,100,94.487,57.151,13
5180,1,2022,2,Austin Cindric #,Frd,29,4180,101,101.063,53.432,13
5180,1,2022,2,Austin Cindric #,Frd,29,4180,102,87.366,61.809,14
5180,1,2022,2,Austin Cindric #,Frd,29,4180,103,46.03,117.315,13
5180,1,2022,2,Austin Cindric #,Frd,29,4180,104,92.439,58.417,14
5180,1,2022,2,Austin Cindric #,Frd,29,4180,105,101.328,53.292,13
5180,1,2022,2,Austin Cindric #,Frd,29,4180,106,103.213,52.319,13
5180,1,2022,2,Austin Cindric #,Frd,29,4180,107,89.068,60.628,14
5180,1,2022,2,Austin Cindric #,Frd,29,4180,108,32.41,166.615,13
5180,1,2022,2,Austin Cindric #,Frd,29,4180,109,30.297,178.235,12
5180,1,2022,2,Austin Cindric #,Frd,29,4180,110,29.989,180.066,10
5180,1,2022,2,Austin Cindric #,Frd,29,4180,111,30.23,178.630,10
5180,1,2022,2,Austin Cindric #,Frd,29,4180,112,30.378,177.760,10
5180,1,2022,2,Austin Cindric #,Frd,29,4180,113,30.55,176.759,10
5180,1,2022,2,Austin Cindric #,Frd,29,4180,114,30.579,176.592,10
5180,1,2022,2,Austin Cindric #,Frd,29,4180,115,30.496,177.072,10
5180,1,2022,2,Austin Cindric #,Frd,29,4180,116,30.426,177.480,9
5180,1,2022,2,Austin Cindric #,Frd,29,4180,117,30.478,177.177,9
5180,1,2022,2,Austin Cindric #,Frd,29,4180,118,30.54,176.817,9
5180,1,2022,2,Austin Cindric #,Frd,29,4180,119,30.725,175.753,9
5180,1,2022,2,Austin Cindric #,Frd,29,4180,120,30.869,174.933,9
5180,1,2022,2,Austin Cindric #,Frd,29,4180,121,30.963,174.402,9
5180,1,2022,2,Austin Cindric #,Frd,29,4180,122,30.942,174.520,9
5180,1,2022,2,Austin Cindric #,Frd,29,4180,123,30.91,174.701,9
5180,1,2022,2,Austin Cindric #,Frd,29,4180,124,30.9,174.757,9
5180,1,2022,2,Austin Cindric #,Frd,29,4180,125,31.041,173.963,9
5180,1,2022,2,Austin Cindric #,Frd,29,4180,126,31.146,173.377,9
5180,1,2022,2,Austin Cindric #,Frd,29,4180,127,31.072,173.790,9
5180,1,2022,2,Austin Cindric #,Frd,29,4180,128,31.064,173.835,9
5180,1,2022,2,Austin Cindric #,Frd,29,4180,129,31.257,172.761,9
5180,1,2022,2,Austin Cindric #,Frd,29,4180,130,31.082,173.734,9
5180,1,2022,2,Austin Cindric #,Frd,29,4180,131,31.174,173.221,9
5180,1,2022,2,Austin Cindric #,Frd,29,4180,132,31.039,173.975,9
5180,1,2022,2,Austin Cindric #,Frd,29,4180,133,31.156,173.321,9
5180,1,2022,2,Austin Cindric #,Frd,29,4180,134,31.23,172.911,9
5180,1,2022,2,Austin Cindric #,Frd,29,4180,135,31.269,172.695,9
5180,1,2022,2,Austin Cindric #,Frd,29,4180,136,31.173,173.227,9
5180,1,2022,2,Austin Cindric #,Frd,29,4180,137,31.114,173.555,9
5180,1,2022,2,Austin Cindric #,Frd,29,4180,138,31.226,172.933,9
5180,1,2022,2,Austin Cindric #,Frd,29,4180,139,31.31,172.469,9
5180,1,2022,2,Austin Cindric #,Frd,29,4180,140,31.183,173.171,9
5180,1,2022,2,Austin Cindric #,Frd,29,4180,141,31.247,172.817,9
5180,1,2022,2,Austin Cindric #,Frd,29,4180,142,31.19,173.132,9
5180,1,2022,2,Austin Cindric #,Frd,29,4180,143,31.177,173.205,9
5180,1,2022,2,Austin Cindric #,Frd,29,4180,144,31.276,172.656,8
5180,1,2022,2,Austin Cindric #,Frd,29,4180,145,31.295,172.552,8
5180,1,2022,2,Austin Cindric #,Frd,29,4180,146,31.559,171.108,8
5180,1,2022,2,Austin Cindric #,Frd,29,4180,147,31.688,170.412,8
5180,1,2022,2,Austin Cindric #,Frd,29,4180,148,31.576,171.016,8
5180,1,2022,2,Austin Cindric #,Frd,29,4180,149,31.626,170.746,7
5180,1,2022,2,Austin Cindric #,Frd,29,4180,150,31.623,170.762,7
5180,1,2022,2,Austin Cindric #,Frd,29,4180,151,31.38,172.084,7
5180,1,2022,2,Austin Cindric #,Frd,29,4180,152,31.513,171.358,7
5180,1,2022,2,Austin Cindric #,Frd,29,4180,153,31.558,171.114,7
5180,1,2022,2,Austin Cindric #,Frd,29,4180,154,31.548,171.168,7
5180,1,2022,2,Austin Cindric #,Frd,29,4180,155,31.736,170.154,7
5180,1,2022,2,Austin Cindric #,Frd,29,4180,156,31.587,170.956,7
5180,1,2022,2,Austin Cindric #,Frd,29,4180,157,31.55,171.157,7
5180,1,2022,2,Austin Cindric #,Frd,29,4180,158,31.776,169.940,7
5180,1,2022,2,Austin Cindric #,Frd,29,4180,159,31.731,170.181,7
5180,1,2022,2,Austin Cindric #,Frd,29,4180,160,31.817,169.721,7
5180,1,2022,2,Austin Cindric #,Frd,29,4180,161,32.135,168.041,7
5180,1,2022,2,Austin Cindric #,Frd,29,4180,162,32.007,168.713,8
5180,1,2022,2,Austin Cindric #,Frd,29,4180,163,31.922,169.162,8
5180,1,2022,2,Austin Cindric #,Frd,29,4180,164,31.878,169.396,9
5180,1,2022,2,Austin Cindric #,Frd,29,4180,165,32.352,166.914,9
5180,1,2022,2,Austin Cindric #,Frd,29,4180,166,51.794,104.259,9
5180,1,2022,2,Austin Cindric #,Frd,29,4180,167,92.536,58.356,9
5180,1,2022,2,Austin Cindric #,Frd,29,4180,168,95.813,56.360,5
5180,1,2022,2,Austin Cindric #,Frd,29,4180,169,102.316,52.778,11
5180,1,2022,2,Austin Cindric #,Frd,29,4180,170,98.684,54.720,10
5180,1,2022,2,Austin Cindric #,Frd,29,4180,171,87.715,61.563,10
5180,1,2022,2,Austin Cindric #,Frd,29,4180,172,32.526,166.021,9
5180,1,2022,2,Austin Cindric #,Frd,29,4180,173,30.322,178.089,9
5180,1,2022,2,Austin Cindric #,Frd,29,4180,174,30.339,177.989,8
5180,1,2022,2,Austin Cindric #,Frd,29,4180,175,30.46,177.282,8
5180,1,2022,2,Austin Cindric #,Frd,29,4180,176,30.625,176.327,8
5180,1,2022,2,Austin Cindric #,Frd,29,4180,177,30.26,178.453,8
5180,1,2022,2,Austin Cindric #,Frd,29,4180,178,30.392,177.678,8
5180,1,2022,2,Austin Cindric #,Frd,29,4180,179,30.426,177.480,7
5180,1,2022,2,Austin Cindric #,Frd,29,4180,180,30.734,175.701,7
5180,1,2022,2,Austin Cindric #,Frd,29,4180,181,30.646,176.206,7
5180,1,2022,2,Austin Cindric #,Frd,29,4180,182,30.557,176.719,7
5180,1,2022,2,Austin Cindric #,Frd,29,4180,183,30.636,176.263,7
5180,1,2022,2,Austin Cindric #,Frd,29,4180,184,30.848,175.052,7
5180,1,2022,2,Austin Cindric #,Frd,29,4180,185,30.775,175.467,7
5180,1,2022,2,Austin Cindric #,Frd,29,4180,186,30.715,175.810,7
5180,1,2022,2,Austin Cindric #,Frd,29,4180,187,30.871,174.921,7
5180,1,2022,2,Austin Cindric #,Frd,29,4180,188,30.844,175.075,7
5180,1,2022,2,Austin Cindric #,Frd,29,4180,189,30.842,175.086,7
5180,1,2022,2,Austin Cindric #,Frd,29,4180,190,31.177,173.205,8
5180,1,2022,2,Austin Cindric #,Frd,29,4180,191,31.121,173.516,8
5180,1,2022,2,Austin Cindric #,Frd,29,4180,192,31.131,173.461,8
5180,1,2022,2,Austin Cindric #,Frd,29,4180,193,31.163,173.282,8
5180,1,2022,2,Austin Cindric #,Frd,29,4180,194,33.693,160.271,8
5180,1,2022,2,Austin Cindric #,Frd,29,4180,195,76.26,70.810,8
5180,1,2022,2,Austin Cindric #,Frd,29,4180,196,96.71,55.837,5
5180,1,2022,2,Austin Cindric #,Frd,29,4180,197,103.319,52.265,12
5180,1,2022,2,Austin Cindric #,Frd,29,4180,198,98.669,54.728,11
5180,1,2022,2,Austin Cindric #,Frd,29,4180,199,94.963,56.864,10
5180,1,2022,2,Austin Cindric #,Frd,29,4180,200,32.841,164.429,11
5180,1,2022,2,Austin Cindric #,Frd,29,4180,201,30.472,177.212,9
5180,1,2022,2,Austin Cindric #,Frd,29,4180,202,30.276,178.359,9
5180,1,2022,2,Austin Cindric #,Frd,29,4180,203,30.403,177.614,9
5180,1,2022,2,Austin Cindric #,Frd,29,4180,204,30.568,176.655,10
5180,1,2022,2,Austin Cindric #,Frd,29,4180,205,30.442,177.387,10
5180,1,2022,2,Austin Cindric #,Frd,29,4180,206,30.577,176.603,10
5180,1,2022,2,Austin Cindric #,Frd,29,4180,207,48.376,111.626,29
5180,1,2022,2,Austin Cindric #,Frd,29,4180,208,271.657,19.878,32
5180,1,2022,2,Austin Cindric #,Frd,29,4180,209,31.562,171.092,32
5180,1,2022,2,Austin Cindric #,Frd,29,4180,210,31.471,171.587,32
5180,1,2022,2,Austin Cindric #,Frd,29,4180,211,31.523,171.303,32
5180,1,2022,2,Austin Cindric #,Frd,29,4180,212,31.607,170.848,32
5180,1,2022,2,Austin Cindric #,Frd,29,4180,213,31.417,171.881,32
5180,1,2022,2,Austin Cindric #,Frd,29,4180,214,31.526,171.287,32
5180,1,2022,2,Austin Cindric #,Frd,29,4180,215,31.553,171.141,32
5180,1,2022,2,Austin Cindric #,Frd,29,4180,216,31.436,171.778,32
5180,1,2022,2,Austin Cindric #,Frd,29,4180,217,31.492,171.472,32
5180,1,2022,2,Austin Cindric #,Frd,29,4180,218,31.523,171.303,32
5180,1,2022,2,Austin Cindric #,Frd,29,4180,219,32.574,165.776,32
5180,1,2022,2,Austin Cindric #,Frd,29,4180,220,55.417,97.443,32
5180,1,2022,2,Austin Cindric #,Frd,29,4180,221,52.675,102.515,32
5180,1,2022,2,Austin Cindric #,Frd,29,4180,222,93.742,57.605,31
5180,1,2022,2,Austin Cindric #,Frd,29,4180,223,91.957,58.723,31
5180,1,2022,2,Austin Cindric #,Frd,29,4180,224,50.249,107.465,31
5180,1,2022,2,Austin Cindric #,Frd,29,4180,225,60.555,89.175,31
5180,1,2022,2,Austin Cindric #,Frd,29,4180,226,35.726,151.150,31
5180,1,2022,2,Austin Cindric #,Frd,29,4180,227,31.625,170.751,31
5180,1,2022,2,Austin Cindric #,Frd,29,4180,228,31.47,171.592,31
5180,1,2022,2,Austin Cindric #,Frd,29,4180,229,31.879,169.391,31
5180,1,2022,2,Austin Cindric #,Frd,29,4180,230,31.816,169.726,31
5180,1,2022,2,Austin Cindric #,Frd,29,4180,231,31.898,169.290,31
5180,1,2022,2,Austin Cindric #,Frd,29,4180,232,32.006,168.718,31
5180,1,2022,2,Austin Cindric #,Frd,29,4180,233,41.115,131.339,31
5180,1,2022,2,Austin Cindric #,Frd,29,4180,234,51.174,105.522,31
5180,1,2022,2,Austin Cindric #,Frd,29,4180,235,66.267,81.489,30
5180,1,2022,2,Austin Cindric #,Frd,29,4180,236,101.97,52.957,30
5180,1,2022,2,Austin Cindric #,Frd,29,4180,237,112.236,48.113,30
5180,1,2022,2,Austin Cindric #,Frd,29,4180,238,79.67,67.780,30
5180,1,2022,2,Austin Cindric #,Frd,29,4180,239,44.889,120.297,30
5180,1,2022,2,Austin Cindric #,Frd,29,4180,240,56.266,95.973,30
5180,1,2022,2,Austin Cindric #,Frd,29,4180,241,80.328,67.224,30
5180,1,2022,2,Austin Cindric #,Frd,29,4180,242,103.815,52.016,29
5180,1,2022,2,Austin Cindric #,Frd,29,4180,243,106.328,50.786,29
5180,1,2022,2,Austin Cindric #,Frd,29,4180,244,79.787,67.680,30
5180,1,2022,2,Austin Cindric #,Frd,29,4180,245,34.46,156.703,30
5180,1,2022,2,Austin Cindric #,Frd,29,4180,246,31.444,171.734,30
5180,1,2022,2,Austin Cindric #,Frd,29,4180,247,31.583,170.978,29
5180,1,2022,2,Austin Cindric #,Frd,29,4180,248,31.291,172.574,29
5180,1,2022,2,Austin Cindric #,Frd,29,4180,249,31.252,172.789,29
5180,1,2022,2,Austin Cindric #,Frd,29,4180,250,31.73,170.186,29
5180,1,2022,2,Austin Cindric #,Frd,29,4180,251,31.596,170.908,29
5180,1,2022,2,Austin Cindric #,Frd,29,4180,252,31.732,170.175,29
5180,1,2022,2,Austin Cindric #,Frd,29,4180,253,31.771,169.966,29
5180,1,2022,2,Austin Cindric #,Frd,29,4180,254,32.05,168.487,29
5180,1,2022,2,Austin Cindric #,Frd,29,4180,255,32.346,166.945,29
5180,1,2022,2,Austin Cindric #,Frd,29,4180,256,32.182,167.796,29
5180,1,2022,2,Austin Cindric #,Frd,29,4180,257,32.477,166.272,29
5180,1,2022,2,Austin Cindric #,Frd,29,4180,258,32.564,165.827,29
5180,1,2022,2,Austin Cindric #,Frd,29,4180,259,42.769,126.260,29
5180,1,2022,78,BJ McLeod(i),Frd,30,3973,0,,,36
5180,1,2022,78,BJ McLeod(i),Frd,30,3973,1,33.288,162.221,36
5180,1,2022,78,BJ McLeod(i),Frd,30,3973,2,31.067,173.818,36
5180,1,2022,78,BJ McLeod(i),Frd,30,3973,3,30.913,174.684,36
5180,1,2022,78,BJ McLeod(i),Frd,30,3973,4,30.951,174.469,36
5180,1,2022,78,BJ McLeod(i),Frd,30,3973,5,31.279,172.640,36
5180,1,2022,78,BJ McLeod(i),Frd,30,3973,6,31.499,171.434,36
5180,1,2022,78,BJ McLeod(i),Frd,30,3973,7,31.466,171.614,36
5180,1,2022,78,BJ McLeod(i),Frd,30,3973,8,31.46,171.647,36
5180,1,2022,78,BJ McLeod(i),Frd,30,3973,9,31.611,170.827,36
5180,1,2022,78,BJ McLeod(i),Frd,30,3973,10,31.727,170.202,36
5180,1,2022,78,BJ McLeod(i),Frd,30,3973,11,31.655,170.589,36
5180,1,2022,78,BJ McLeod(i),Frd,30,3973,12,31.765,169.998,36
5180,1,2022,78,BJ McLeod(i),Frd,30,3973,13,31.884,169.364,36
5180,1,2022,78,BJ McLeod(i),Frd,30,3973,14,31.711,170.288,36
5180,1,2022,78,BJ McLeod(i),Frd,30,3973,15,31.888,169.343,36
5180,1,2022,78,BJ McLeod(i),Frd,30,3973,16,31.848,169.555,36
5180,1,2022,78,BJ McLeod(i),Frd,30,3973,17,31.995,168.776,36
5180,1,2022,78,BJ McLeod(i),Frd,30,3973,18,32.046,168.508,36
5180,1,2022,78,BJ McLeod(i),Frd,30,3973,19,32.606,165.614,36
5180,1,2022,78,BJ McLeod(i),Frd,30,3973,20,32.676,165.259,36
5180,1,2022,78,BJ McLeod(i),Frd,30,3973,21,32.528,166.011,36
5180,1,2022,78,BJ McLeod(i),Frd,30,3973,22,32.304,167.162,36
5180,1,2022,78,BJ McLeod(i),Frd,30,3973,23,32.4,166.667,36
5180,1,2022,78,BJ McLeod(i),Frd,30,3973,24,32.506,166.123,36
5180,1,2022,78,BJ McLeod(i),Frd,30,3973,25,32.143,167.999,36
5180,1,2022,78,BJ McLeod(i),Frd,30,3973,26,32.452,166.400,36
5180,1,2022,78,BJ McLeod(i),Frd,30,3973,27,32.651,165.385,36
5180,1,2022,78,BJ McLeod(i),Frd,30,3973,28,32.503,166.139,36
5180,1,2022,78,BJ McLeod(i),Frd,30,3973,29,32.389,166.723,36
5180,1,2022,78,BJ McLeod(i),Frd,30,3973,30,32.499,166.159,36
5180,1,2022,78,BJ McLeod(i),Frd,30,3973,31,32.674,165.269,36
5180,1,2022,78,BJ McLeod(i),Frd,30,3973,32,32.883,164.219,36
5180,1,2022,78,BJ McLeod(i),Frd,30,3973,33,32.902,164.124,36
5180,1,2022,78,BJ McLeod(i),Frd,30,3973,34,32.606,165.614,35
5180,1,2022,78,BJ McLeod(i),Frd,30,3973,35,32.787,164.699,34
5180,1,2022,78,BJ McLeod(i),Frd,30,3973,36,33.082,163.231,34
5180,1,2022,78,BJ McLeod(i),Frd,30,3973,37,32.816,164.554,34
5180,1,2022,78,BJ McLeod(i),Frd,30,3973,38,32.932,163.974,33
5180,1,2022,78,BJ McLeod(i),Frd,30,3973,39,32.805,164.609,30
5180,1,2022,78,BJ McLeod(i),Frd,30,3973,40,32.877,164.249,28
5180,1,2022,78,BJ McLeod(i),Frd,30,3973,41,33.057,163.354,29
5180,1,2022,78,BJ McLeod(i),Frd,30,3973,42,45.984,117.432,34
5180,1,2022,78,BJ McLeod(i),Frd,30,3973,43,64.47,83.760,36
5180,1,2022,78,BJ McLeod(i),Frd,30,3973,44,32.693,165.173,35
5180,1,2022,78,BJ McLeod(i),Frd,30,3973,45,32.313,167.115,35
5180,1,2022,78,BJ McLeod(i),Frd,30,3973,46,32.19,167.754,35
5180,1,2022,78,BJ McLeod(i),Frd,30,3973,47,32.231,167.541,35
5180,1,2022,78,BJ McLeod(i),Frd,30,3973,48,31.895,169.306,35
5180,1,2022,78,BJ McLeod(i),Frd,30,3973,49,31.758,170.036,35
5180,1,2022,78,BJ McLeod(i),Frd,30,3973,50,31.715,170.266,35
5180,1,2022,78,BJ McLeod(i),Frd,30,3973,51,31.981,168.850,35
5180,1,2022,78,BJ McLeod(i),Frd,30,3973,52,32.066,168.403,35
5180,1,2022,78,BJ McLeod(i),Frd,30,3973,53,31.933,169.104,35
5180,1,2022,78,BJ McLeod(i),Frd,30,3973,54,32.073,168.366,35
5180,1,2022,78,BJ McLeod(i),Frd,30,3973,55,32.142,168.004,35
5180,1,2022,78,BJ McLeod(i),Frd,30,3973,56,32.308,167.141,35
5180,1,2022,78,BJ McLeod(i),Frd,30,3973,57,32.099,168.230,35
5180,1,2022,78,BJ McLeod(i),Frd,30,3973,58,32.219,167.603,35
5180,1,2022,78,BJ McLeod(i),Frd,30,3973,59,32.244,167.473,35
5180,1,2022,78,BJ McLeod(i),Frd,30,3973,60,32.277,167.302,35
5180,1,2022,78,BJ McLeod(i),Frd,30,3973,61,32.298,167.193,35
5180,1,2022,78,BJ McLeod(i),Frd,30,3973,62,32.187,167.770,35
5180,1,2022,78,BJ McLeod(i),Frd,30,3973,63,32.387,166.734,35
5180,1,2022,78,BJ McLeod(i),Frd,30,3973,64,32.791,164.679,35
5180,1,2022,78,BJ McLeod(i),Frd,30,3973,65,32.362,166.862,35
5180,1,2022,78,BJ McLeod(i),Frd,30,3973,66,32.144,167.994,35
5180,1,2022,78,BJ McLeod(i),Frd,30,3973,67,32.145,167.989,35
5180,1,2022,78,BJ McLeod(i),Frd,30,3973,68,32.436,166.482,35
5180,1,2022,78,BJ McLeod(i),Frd,30,3973,69,32.44,166.461,35
5180,1,2022,78,BJ McLeod(i),Frd,30,3973,70,32.637,165.456,35
5180,1,2022,78,BJ McLeod(i),Frd,30,3973,71,32.681,165.234,35
5180,1,2022,78,BJ McLeod(i),Frd,30,3973,72,32.332,167.017,35
5180,1,2022,78,BJ McLeod(i),Frd,30,3973,73,32.294,167.214,35
5180,1,2022,78,BJ McLeod(i),Frd,30,3973,74,38.716,139.477,35
5180,1,2022,78,BJ McLeod(i),Frd,30,3973,75,47.105,114.638,35
5180,1,2022,78,BJ McLeod(i),Frd,30,3973,76,66.321,81.422,35
5180,1,2022,78,BJ McLeod(i),Frd,30,3973,77,103.455,52.197,35
5180,1,2022,78,BJ McLeod(i),Frd,30,3973,78,100.33,53.822,35
5180,1,2022,78,BJ McLeod(i),Frd,30,3973,79,83.468,64.695,35
5180,1,2022,78,BJ McLeod(i),Frd,30,3973,80,93.517,57.744,34
5180,1,2022,78,BJ McLeod(i),Frd,30,3973,81,99.893,54.058,34
5180,1,2022,78,BJ McLeod(i),Frd,30,3973,82,99.069,54.507,35
5180,1,2022,78,BJ McLeod(i),Frd,30,3973,83,31.433,171.794,35
5180,1,2022,78,BJ McLeod(i),Frd,30,3973,84,31.247,172.817,35
5180,1,2022,78,BJ McLeod(i),Frd,30,3973,85,31.414,171.898,35
5180,1,2022,78,BJ McLeod(i),Frd,30,3973,86,31.616,170.800,35
5180,1,2022,78,BJ McLeod(i),Frd,30,3973,87,31.234,172.889,35
5180,1,2022,78,BJ McLeod(i),Frd,30,3973,88,31.36,172.194,35
5180,1,2022,78,BJ McLeod(i),Frd,30,3973,89,31.476,171.559,35
5180,1,2022,78,BJ McLeod(i),Frd,30,3973,90,31.619,170.783,35
5180,1,2022,78,BJ McLeod(i),Frd,30,3973,91,36.59,147.581,35
5180,1,2022,78,BJ McLeod(i),Frd,30,3973,92,63.224,85.411,35
5180,1,2022,78,BJ McLeod(i),Frd,30,3973,93,114.146,47.308,35
5180,1,2022,78,BJ McLeod(i),Frd,30,3973,94,85.088,63.464,35
5180,1,2022,78,BJ McLeod(i),Frd,30,3973,95,94.926,56.886,32
5180,1,2022,78,BJ McLeod(i),Frd,30,3973,96,104.374,51.737,32
5180,1,2022,78,BJ McLeod(i),Frd,30,3973,97,114.291,47.248,32
5180,1,2022,78,BJ McLeod(i),Frd,30,3973,98,113.876,47.420,32
5180,1,2022,78,BJ McLeod(i),Frd,30,3973,99,66.682,80.981,32
5180,1,2022,78,BJ McLeod(i),Frd,30,3973,100,52.007,103.832,32
5180,1,2022,78,BJ McLeod(i),Frd,30,3973,101,89.931,60.046,32
5180,1,2022,78,BJ McLeod(i),Frd,30,3973,102,100.888,53.525,32
5180,1,2022,78,BJ McLeod(i),Frd,30,3973,103,99.785,54.116,32
5180,1,2022,78,BJ McLeod(i),Frd,30,3973,104,90.031,59.979,32
5180,1,2022,78,BJ McLeod(i),Frd,30,3973,105,33.335,161.992,32
5180,1,2022,78,BJ McLeod(i),Frd,30,3973,106,31.043,173.952,32
5180,1,2022,78,BJ McLeod(i),Frd,30,3973,107,31.142,173.399,32
5180,1,2022,78,BJ McLeod(i),Frd,30,3973,108,31.15,173.355,32
5180,1,2022,78,BJ McLeod(i),Frd,30,3973,109,31.478,171.548,32
5180,1,2022,78,BJ McLeod(i),Frd,30,3973,110,31.653,170.600,32
5180,1,2022,78,BJ McLeod(i),Frd,30,3973,111,31.84,169.598,32
5180,1,2022,78,BJ McLeod(i),Frd,30,3973,112,32.074,168.361,32
5180,1,2022,78,BJ McLeod(i),Frd,30,3973,113,32.033,168.576,32
5180,1,2022,78,BJ McLeod(i),Frd,30,3973,114,31.962,168.951,32
5180,1,2022,78,BJ McLeod(i),Frd,30,3973,115,32.112,168.161,32
5180,1,2022,78,BJ McLeod(i),Frd,30,3973,116,32.206,167.671,32
5180,1,2022,78,BJ McLeod(i),Frd,30,3973,117,32.06,168.434,32
5180,1,2022,78,BJ McLeod(i),Frd,30,3973,118,32.07,168.382,32
5180,1,2022,78,BJ McLeod(i),Frd,30,3973,119,32.142,168.004,32
5180,1,2022,78,BJ McLeod(i),Frd,30,3973,120,32.209,167.655,32
5180,1,2022,78,BJ McLeod(i),Frd,30,3973,121,32.437,166.477,32
5180,1,2022,78,BJ McLeod(i),Frd,30,3973,122,32.953,163.870,32
5180,1,2022,78,BJ McLeod(i),Frd,30,3973,123,32.899,164.139,32
5180,1,2022,78,BJ McLeod(i),Frd,30,3973,124,32.736,164.956,32
5180,1,2022,78,BJ McLeod(i),Frd,30,3973,125,32.878,164.244,32
5180,1,2022,78,BJ McLeod(i),Frd,30,3973,126,32.745,164.911,32
5180,1,2022,78,BJ McLeod(i),Frd,30,3973,127,33.177,162.763,32
5180,1,2022,78,BJ McLeod(i),Frd,30,3973,128,32.824,164.514,32
5180,1,2022,78,BJ McLeod(i),Frd,30,3973,129,32.833,164.469,32
5180,1,2022,78,BJ McLeod(i),Frd,30,3973,130,33.507,161.160,32
5180,1,2022,78,BJ McLeod(i),Frd,30,3973,131,33.358,161.880,32
5180,1,2022,78,BJ McLeod(i),Frd,30,3973,132,33.296,162.182,32
5180,1,2022,78,BJ McLeod(i),Frd,30,3973,133,33.225,162.528,32
5180,1,2022,78,BJ McLeod(i),Frd,30,3973,134,33.268,162.318,32
5180,1,2022,78,BJ McLeod(i),Frd,30,3973,135,33.277,162.274,32
5180,1,2022,78,BJ McLeod(i),Frd,30,3973,136,33.437,161.498,32
5180,1,2022,78,BJ McLeod(i),Frd,30,3973,137,33.411,161.623,32
5180,1,2022,78,BJ McLeod(i),Frd,30,3973,138,33.504,161.175,32
5180,1,2022,78,BJ McLeod(i),Frd,30,3973,139,32.958,163.845,32
5180,1,2022,78,BJ McLeod(i),Frd,30,3973,140,33.455,161.411,32
5180,1,2022,78,BJ McLeod(i),Frd,30,3973,141,33.716,160.161,32
5180,1,2022,78,BJ McLeod(i),Frd,30,3973,142,33.292,162.201,32
5180,1,2022,78,BJ McLeod(i),Frd,30,3973,143,33.5,161.194,32
5180,1,2022,78,BJ McLeod(i),Frd,30,3973,144,33.622,160.609,32
5180,1,2022,78,BJ McLeod(i),Frd,30,3973,145,33.509,161.151,32
5180,1,2022,78,BJ McLeod(i),Frd,30,3973,146,33.726,160.114,32
5180,1,2022,78,BJ McLeod(i),Frd,30,3973,147,33.837,159.589,32
5180,1,2022,78,BJ McLeod(i),Frd,30,3973,148,33.799,159.768,32
5180,1,2022,78,BJ McLeod(i),Frd,30,3973,149,34.192,157.932,32
5180,1,2022,78,BJ McLeod(i),Frd,30,3973,150,34.497,156.535,32
5180,1,2022,78,BJ McLeod(i),Frd,30,3973,151,33.864,159.461,32
5180,1,2022,78,BJ McLeod(i),Frd,30,3973,152,34.085,158.427,32
5180,1,2022,78,BJ McLeod(i),Frd,30,3973,153,34.054,158.572,32
5180,1,2022,78,BJ McLeod(i),Frd,30,3973,154,34.468,156.667,32
5180,1,2022,78,BJ McLeod(i),Frd,30,3973,155,34.444,156.776,32
5180,1,2022,78,BJ McLeod(i),Frd,30,3973,156,34.388,157.032,32
5180,1,2022,78,BJ McLeod(i),Frd,30,3973,157,34.924,154.621,32
5180,1,2022,78,BJ McLeod(i),Frd,30,3973,158,35.084,153.916,32
5180,1,2022,78,BJ McLeod(i),Frd,30,3973,159,35.091,153.886,32
5180,1,2022,78,BJ McLeod(i),Frd,30,3973,160,46.721,115.580,32
5180,1,2022,78,BJ McLeod(i),Frd,30,3973,161,90.275,59.817,32
5180,1,2022,78,BJ McLeod(i),Frd,30,3973,162,90.42,59.721,32
5180,1,2022,78,BJ McLeod(i),Frd,30,3973,163,98.702,54.710,32
5180,1,2022,78,BJ McLeod(i),Frd,30,3973,164,122.604,44.044,32
5180,1,2022,78,BJ McLeod(i),Frd,30,3973,165,70.881,76.184,32
5180,1,2022,78,BJ McLeod(i),Frd,30,3973,166,32.978,163.746,32
5180,1,2022,78,BJ McLeod(i),Frd,30,3973,167,30.95,174.475,32
5180,1,2022,78,BJ McLeod(i),Frd,30,3973,168,30.944,174.509,32
5180,1,2022,78,BJ McLeod(i),Frd,30,3973,169,31.132,173.455,32
5180,1,2022,78,BJ McLeod(i),Frd,30,3973,170,31.274,172.667,32
5180,1,2022,78,BJ McLeod(i),Frd,30,3973,171,31.715,170.266,32
5180,1,2022,78,BJ McLeod(i),Frd,30,3973,172,31.748,170.089,32
5180,1,2022,78,BJ McLeod(i),Frd,30,3973,173,32.049,168.492,32
5180,1,2022,78,BJ McLeod(i),Frd,30,3973,174,31.97,168.908,32
5180,1,2022,78,BJ McLeod(i),Frd,30,3973,175,32.032,168.581,32
5180,1,2022,78,BJ McLeod(i),Frd,30,3973,176,32.149,167.968,32
5180,1,2022,78,BJ McLeod(i),Frd,30,3973,177,32.095,168.251,32
5180,1,2022,78,BJ McLeod(i),Frd,30,3973,178,32.206,167.671,32
5180,1,2022,78,BJ McLeod(i),Frd,30,3973,179,32.256,167.411,32
5180,1,2022,78,BJ McLeod(i),Frd,30,3973,180,32.32,167.079,32
5180,1,2022,78,BJ McLeod(i),Frd,30,3973,181,32.238,167.504,32
5180,1,2022,78,BJ McLeod(i),Frd,30,3973,182,32.371,166.816,32
5180,1,2022,78,BJ McLeod(i),Frd,30,3973,183,32.547,165.914,32
5180,1,2022,78,BJ McLeod(i),Frd,30,3973,184,32.761,164.830,32
5180,1,2022,78,BJ McLeod(i),Frd,30,3973,185,32.635,165.467,32
5180,1,2022,78,BJ McLeod(i),Frd,30,3973,186,32.655,165.365,32
5180,1,2022,78,BJ McLeod(i),Frd,30,3973,187,35.849,150.632,32
5180,1,2022,78,BJ McLeod(i),Frd,30,3973,188,76.016,71.038,32
5180,1,2022,78,BJ McLeod(i),Frd,30,3973,189,94.004,57.444,32
5180,1,2022,78,BJ McLeod(i),Frd,30,3973,190,98.152,55.017,32
5180,1,2022,78,BJ McLeod(i),Frd,30,3973,191,119.867,45.050,32
5180,1,2022,78,BJ McLeod(i),Frd,30,3973,192,83.684,64.528,32
5180,1,2022,78,BJ McLeod(i),Frd,30,3973,193,33.136,162.965,32
5180,1,2022,78,BJ McLeod(i),Frd,30,3973,194,31.478,171.548,32
5180,1,2022,78,BJ McLeod(i),Frd,30,3973,195,31.432,171.799,32
5180,1,2022,78,BJ McLeod(i),Frd,30,3973,196,31.516,171.342,32
5180,1,2022,78,BJ McLeod(i),Frd,30,3973,197,31.634,170.702,32
5180,1,2022,78,BJ McLeod(i),Frd,30,3973,198,31.649,170.622,32
5180,1,2022,78,BJ McLeod(i),Frd,30,3973,199,31.595,170.913,32
5180,1,2022,78,BJ McLeod(i),Frd,30,3973,200,31.777,169.934,32
5180,1,2022,78,BJ McLeod(i),Frd,30,3973,201,31.719,170.245,32
5180,1,2022,78,BJ McLeod(i),Frd,30,3973,202,31.922,169.162,32
5180,1,2022,78,BJ McLeod(i),Frd,30,3973,203,31.836,169.619,32
5180,1,2022,78,BJ McLeod(i),Frd,30,3973,204,31.871,169.433,32
5180,1,2022,78,BJ McLeod(i),Frd,30,3973,205,31.948,169.025,32
5180,1,2022,78,BJ McLeod(i),Frd,30,3973,206,32.243,167.478,32
5180,1,2022,78,BJ McLeod(i),Frd,30,3973,207,32.367,166.837,32
5180,1,2022,78,BJ McLeod(i),Frd,30,3973,208,32.534,165.980,31
5180,1,2022,78,BJ McLeod(i),Frd,30,3973,209,32.293,167.219,31
5180,1,2022,78,BJ McLeod(i),Frd,30,3973,210,31.985,168.829,31
5180,1,2022,78,BJ McLeod(i),Frd,30,3973,211,31.971,168.903,31
5180,1,2022,78,BJ McLeod(i),Frd,30,3973,212,32.117,168.135,31
5180,1,2022,78,BJ McLeod(i),Frd,30,3973,213,32.935,163.959,31
5180,1,2022,78,BJ McLeod(i),Frd,30,3973,214,32.421,166.559,31
5180,1,2022,78,BJ McLeod(i),Frd,30,3973,215,32.455,166.384,31
5180,1,2022,78,BJ McLeod(i),Frd,30,3973,216,32.313,167.115,31
5180,1,2022,78,BJ McLeod(i),Frd,30,3973,217,33.03,163.488,31
5180,1,2022,78,BJ McLeod(i),Frd,30,3973,218,32.41,166.615,31
5180,1,2022,78,BJ McLeod(i),Frd,30,3973,219,32.61,165.593,31
5180,1,2022,78,BJ McLeod(i),Frd,30,3973,220,42.035,128.464,31
5180,1,2022,78,BJ McLeod(i),Frd,30,3973,221,73.697,73.273,31
5180,1,2022,78,BJ McLeod(i),Frd,30,3973,222,100.887,53.525,32
5180,1,2022,78,BJ McLeod(i),Frd,30,3973,223,126.038,42.844,32
5180,1,2022,78,BJ McLeod(i),Frd,30,3973,224,72.7,74.278,32
5180,1,2022,78,BJ McLeod(i),Frd,30,3973,225,54.086,99.841,32
5180,1,2022,78,BJ McLeod(i),Frd,30,3973,226,93.243,57.913,32
5180,1,2022,78,BJ McLeod(i),Frd,30,3973,227,50.283,107.392,32
5180,1,2022,78,BJ McLeod(i),Frd,30,3973,228,33.06,163.339,32
5180,1,2022,78,BJ McLeod(i),Frd,30,3973,229,40.637,132.884,32
5180,1,2022,78,BJ McLeod(i),Frd,30,3973,230,51.375,105.109,32
5180,1,2022,78,BJ McLeod(i),Frd,30,3973,231,66.387,81.341,32
5180,1,2022,78,BJ McLeod(i),Frd,30,3973,232,99.593,54.221,32
5180,1,2022,78,BJ McLeod(i),Frd,30,3973,233,114.588,47.125,32
5180,1,2022,78,BJ McLeod(i),Frd,30,3973,234,76.113,70.947,32
5180,1,2022,78,BJ McLeod(i),Frd,30,3973,235,42.034,128.467,32
5180,1,2022,78,BJ McLeod(i),Frd,30,3973,236,54.938,98.293,32
5180,1,2022,78,BJ McLeod(i),Frd,30,3973,237,84.816,63.667,32
5180,1,2022,78,BJ McLeod(i),Frd,30,3973,238,104.085,51.881,31
5180,1,2022,78,BJ McLeod(i),Frd,30,3973,239,104.658,51.597,31
5180,1,2022,78,BJ McLeod(i),Frd,30,3973,240,79.26,68.130,31
5180,1,2022,78,BJ McLeod(i),Frd,30,3973,241,34.236,157.729,31
5180,1,2022,78,BJ McLeod(i),Frd,30,3973,242,31.714,170.272,31
5180,1,2022,78,BJ McLeod(i),Frd,30,3973,243,31.625,170.751,31
5180,1,2022,78,BJ McLeod(i),Frd,30,3973,244,31.395,172.002,31
5180,1,2022,78,BJ McLeod(i),Frd,30,3973,245,31.436,171.778,31
5180,1,2022,78,BJ McLeod(i),Frd,30,3973,246,31.382,172.073,31
5180,1,2022,78,BJ McLeod(i),Frd,30,3973,247,31.352,172.238,30
5180,1,2022,78,BJ McLeod(i),Frd,30,3973,248,31.381,172.079,30
5180,1,2022,78,BJ McLeod(i),Frd,30,3973,249,31.396,171.996,30
5180,1,2022,78,BJ McLeod(i),Frd,30,3973,250,31.622,170.767,30
5180,1,2022,78,BJ McLeod(i),Frd,30,3973,251,31.869,169.444,30
5180,1,2022,78,BJ McLeod(i),Frd,30,3973,252,32.048,168.497,30
5180,1,2022,78,BJ McLeod(i),Frd,30,3973,253,32.073,168.366,30
5180,1,2022,78,BJ McLeod(i),Frd,30,3973,254,32.173,167.843,30
5180,1,2022,78,BJ McLeod(i),Frd,30,3973,255,32.336,166.997,30
5180,1,2022,78,BJ McLeod(i),Frd,30,3973,256,32.731,164.981,30
5180,1,2022,15,JJ Yeley(i),Frd,31,3669,0,,,26
5180,1,2022,15,JJ Yeley(i),Frd,31,3669,1,33.188,162.709,28
5180,1,2022,15,JJ Yeley(i),Frd,31,3669,2,30.96,174.419,30
5180,1,2022,15,JJ Yeley(i),Frd,31,3669,3,31.113,173.561,33
5180,1,2022,15,JJ Yeley(i),Frd,31,3669,4,30.945,174.503,34
5180,1,2022,15,JJ Yeley(i),Frd,31,3669,5,31.567,171.065,34
5180,1,2022,15,JJ Yeley(i),Frd,31,3669,6,31.015,174.109,34
5180,1,2022,15,JJ Yeley(i),Frd,31,3669,7,30.96,174.419,34
5180,1,2022,15,JJ Yeley(i),Frd,31,3669,8,31.115,173.550,34
5180,1,2022,15,JJ Yeley(i),Frd,31,3669,9,31.192,173.121,34
5180,1,2022,15,JJ Yeley(i),Frd,31,3669,10,31.32,172.414,34
5180,1,2022,15,JJ Yeley(i),Frd,31,3669,11,31.641,170.665,35
5180,1,2022,15,JJ Yeley(i),Frd,31,3669,12,31.456,171.668,35
5180,1,2022,15,JJ Yeley(i),Frd,31,3669,13,31.432,171.799,35
5180,1,2022,15,JJ Yeley(i),Frd,31,3669,14,31.642,170.659,35
5180,1,2022,15,JJ Yeley(i),Frd,31,3669,15,31.549,171.162,35
5180,1,2022,15,JJ Yeley(i),Frd,31,3669,16,31.516,171.342,35
5180,1,2022,15,JJ Yeley(i),Frd,31,3669,17,31.5,171.429,35
5180,1,2022,15,JJ Yeley(i),Frd,31,3669,18,31.518,171.331,35
5180,1,2022,15,JJ Yeley(i),Frd,31,3669,19,31.605,170.859,35
5180,1,2022,15,JJ Yeley(i),Frd,31,3669,20,31.58,170.994,35
5180,1,2022,15,JJ Yeley(i),Frd,31,3669,21,31.621,170.773,35
5180,1,2022,15,JJ Yeley(i),Frd,31,3669,22,31.66,170.562,35
5180,1,2022,15,JJ Yeley(i),Frd,31,3669,23,31.692,170.390,35
5180,1,2022,15,JJ Yeley(i),Frd,31,3669,24,31.598,170.897,35
5180,1,2022,15,JJ Yeley(i),Frd,31,3669,25,31.708,170.304,35
5180,1,2022,15,JJ Yeley(i),Frd,31,3669,26,31.881,169.380,34
5180,1,2022,15,JJ Yeley(i),Frd,31,3669,27,32.111,168.167,34
5180,1,2022,15,JJ Yeley(i),Frd,31,3669,28,32.2,167.702,34
5180,1,2022,15,JJ Yeley(i),Frd,31,3669,29,32.265,167.364,34
5180,1,2022,15,JJ Yeley(i),Frd,31,3669,30,32.101,168.219,34
5180,1,2022,15,JJ Yeley(i),Frd,31,3669,31,32.197,167.717,34
5180,1,2022,15,JJ Yeley(i),Frd,31,3669,32,32.039,168.545,34
5180,1,2022,15,JJ Yeley(i),Frd,31,3669,33,32.176,167.827,34
5180,1,2022,15,JJ Yeley(i),Frd,31,3669,34,32.102,168.214,33
5180,1,2022,15,JJ Yeley(i),Frd,31,3669,35,31.947,169.030,32
5180,1,2022,15,JJ Yeley(i),Frd,31,3669,36,32.27,167.338,32
5180,1,2022,15,JJ Yeley(i),Frd,31,3669,37,32.0,168.750,31
5180,1,2022,15,JJ Yeley(i),Frd,31,3669,38,31.952,169.004,27
5180,1,2022,15,JJ Yeley(i),Frd,31,3669,39,32.266,167.359,17
5180,1,2022,15,JJ Yeley(i),Frd,31,3669,40,32.359,166.878,12
5180,1,2022,15,JJ Yeley(i),Frd,31,3669,41,45.024,119.936,22
5180,1,2022,15,JJ Yeley(i),Frd,31,3669,42,63.23,85.402,35
5180,1,2022,15,JJ Yeley(i),Frd,31,3669,43,45.085,119.774,35
5180,1,2022,15,JJ Yeley(i),Frd,31,3669,44,54.959,98.255,36
5180,1,2022,15,JJ Yeley(i),Frd,31,3669,45,31.16,173.299,36
5180,1,2022,15,JJ Yeley(i),Frd,31,3669,46,31.549,171.162,36
5180,1,2022,15,JJ Yeley(i),Frd,31,3669,47,31.547,171.173,36
5180,1,2022,15,JJ Yeley(i),Frd,31,3669,48,31.462,171.636,36
5180,1,2022,15,JJ Yeley(i),Frd,31,3669,49,31.608,170.843,36
5180,1,2022,15,JJ Yeley(i),Frd,31,3669,50,31.433,171.794,36
5180,1,2022,15,JJ Yeley(i),Frd,31,3669,51,31.151,173.349,36
5180,1,2022,15,JJ Yeley(i),Frd,31,3669,52,31.565,171.076,36
5180,1,2022,15,JJ Yeley(i),Frd,31,3669,53,31.834,169.630,36
5180,1,2022,15,JJ Yeley(i),Frd,31,3669,54,31.621,170.773,36
5180,1,2022,15,JJ Yeley(i),Frd,31,3669,55,31.424,171.843,36
5180,1,2022,15,JJ Yeley(i),Frd,31,3669,56,31.652,170.605,36
5180,1,2022,15,JJ Yeley(i),Frd,31,3669,57,31.704,170.326,36
5180,1,2022,15,JJ Yeley(i),Frd,31,3669,58,31.603,170.870,36
5180,1,2022,15,JJ Yeley(i),Frd,31,3669,59,31.803,169.795,36
5180,1,2022,15,JJ Yeley(i),Frd,31,3669,60,32.009,168.703,36
5180,1,2022,15,JJ Yeley(i),Frd,31,3669,61,31.687,170.417,36
5180,1,2022,15,JJ Yeley(i),Frd,31,3669,62,31.653,170.600,36
5180,1,2022,15,JJ Yeley(i),Frd,31,3669,63,46.689,115.659,36
5180,1,2022,15,JJ Yeley(i),Frd,31,3669,64,70.033,77.107,36
5180,1,2022,15,JJ Yeley(i),Frd,31,3669,65,33.374,161.803,36
5180,1,2022,15,JJ Yeley(i),Frd,31,3669,66,33.397,161.691,36
5180,1,2022,15,JJ Yeley(i),Frd,31,3669,67,33.202,162.641,36
5180,1,2022,15,JJ Yeley(i),Frd,31,3669,68,33.455,161.411,36
5180,1,2022,15,JJ Yeley(i),Frd,31,3669,69,33.724,160.123,36
5180,1,2022,15,JJ Yeley(i),Frd,31,3669,70,33.934,159.132,36
5180,1,2022,15,JJ Yeley(i),Frd,31,3669,71,33.632,160.561,36
5180,1,2022,15,JJ Yeley(i),Frd,31,3669,72,39.74,135.883,36
5180,1,2022,15,JJ Yeley(i),Frd,31,3669,73,46.489,116.157,36
5180,1,2022,15,JJ Yeley(i),Frd,31,3669,74,69.766,77.402,36
5180,1,2022,15,JJ Yeley(i),Frd,31,3669,75,100.146,53.921,36
5180,1,2022,15,JJ Yeley(i),Frd,31,3669,76,97.587,55.335,36
5180,1,2022,15,JJ Yeley(i),Frd,31,3669,77,87.158,61.956,36
5180,1,2022,15,JJ Yeley(i),Frd,31,3669,78,97.792,55.219,36
5180,1,2022,15,JJ Yeley(i),Frd,31,3669,79,113.873,47.421,36
5180,1,2022,15,JJ Yeley(i),Frd,31,3669,80,80.052,67.456,36
5180,1,2022,15,JJ Yeley(i),Frd,31,3669,81,33.755,159.976,36
5180,1,2022,15,JJ Yeley(i),Frd,31,3669,82,32.532,165.990,36
5180,1,2022,15,JJ Yeley(i),Frd,31,3669,83,32.562,165.837,36
5180,1,2022,15,JJ Yeley(i),Frd,31,3669,84,32.507,166.118,36
5180,1,2022,15,JJ Yeley(i),Frd,31,3669,85,32.624,165.522,36
5180,1,2022,15,JJ Yeley(i),Frd,31,3669,86,32.862,164.324,36
5180,1,2022,15,JJ Yeley(i),Frd,31,3669,87,32.984,163.716,36
5180,1,2022,15,JJ Yeley(i),Frd,31,3669,88,32.909,164.089,36
5180,1,2022,15,JJ Yeley(i),Frd,31,3669,89,36.82,146.659,36
5180,1,2022,15,JJ Yeley(i),Frd,31,3669,90,55.183,97.856,36
5180,1,2022,15,JJ Yeley(i),Frd,31,3669,91,114.095,47.329,36
5180,1,2022,15,JJ Yeley(i),Frd,31,3669,92,83.769,64.463,36
5180,1,2022,15,JJ Yeley(i),Frd,31,3669,93,94.226,57.309,36
5180,1,2022,15,JJ Yeley(i),Frd,31,3669,94,139.0,38.849,36
5180,1,2022,15,JJ Yeley(i),Frd,31,3669,95,80.952,66.706,33
5180,1,2022,15,JJ Yeley(i),Frd,31,3669,96,97.012,55.663,33
5180,1,2022,15,JJ Yeley(i),Frd,31,3669,97,82.639,65.344,33
5180,1,2022,15,JJ Yeley(i),Frd,31,3669,98,52.464,102.928,33
5180,1,2022,15,JJ Yeley(i),Frd,31,3669,99,90.313,59.792,33
5180,1,2022,15,JJ Yeley(i),Frd,31,3669,100,100.49,53.737,33
5180,1,2022,15,JJ Yeley(i),Frd,31,3669,101,115.326,46.824,33
5180,1,2022,15,JJ Yeley(i),Frd,31,3669,102,74.16,72.816,33
5180,1,2022,15,JJ Yeley(i),Frd,31,3669,103,34.19,157.941,33
5180,1,2022,15,JJ Yeley(i),Frd,31,3669,104,32.164,167.890,33
5180,1,2022,15,JJ Yeley(i),Frd,31,3669,105,32.503,166.139,33
5180,1,2022,15,JJ Yeley(i),Frd,31,3669,106,32.531,165.996,33
5180,1,2022,15,JJ Yeley(i),Frd,31,3669,107,32.609,165.598,33
5180,1,2022,15,JJ Yeley(i),Frd,31,3669,108,32.739,164.941,33
5180,1,2022,15,JJ Yeley(i),Frd,31,3669,109,32.932,163.974,33
5180,1,2022,15,JJ Yeley(i),Frd,31,3669,110,32.936,163.954,33
5180,1,2022,15,JJ Yeley(i),Frd,31,3669,111,32.943,163.919,33
5180,1,2022,15,JJ Yeley(i),Frd,31,3669,112,32.985,163.711,33
5180,1,2022,15,JJ Yeley(i),Frd,31,3669,113,33.712,160.180,33
5180,1,2022,15,JJ Yeley(i),Frd,31,3669,114,33.533,161.035,33
5180,1,2022,15,JJ Yeley(i),Frd,31,3669,115,33.419,161.585,33
5180,1,2022,15,JJ Yeley(i),Frd,31,3669,116,33.659,160.433,33
5180,1,2022,15,JJ Yeley(i),Frd,31,3669,117,33.574,160.839,33
5180,1,2022,15,JJ Yeley(i),Frd,31,3669,118,33.479,161.295,33
5180,1,2022,15,JJ Yeley(i),Frd,31,3669,119,33.457,161.401,33
5180,1,2022,15,JJ Yeley(i),Frd,31,3669,120,33.157,162.862,33
5180,1,2022,15,JJ Yeley(i),Frd,31,3669,121,33.098,163.152,33
5180,1,2022,15,JJ Yeley(i),Frd,31,3669,122,33.344,161.948,33
5180,1,2022,15,JJ Yeley(i),Frd,31,3669,123,33.427,161.546,33
5180,1,2022,15,JJ Yeley(i),Frd,31,3669,124,33.276,162.279,33
5180,1,2022,15,JJ Yeley(i),Frd,31,3669,125,33.601,160.710,33
5180,1,2022,15,JJ Yeley(i),Frd,31,3669,126,33.479,161.295,33
5180,1,2022,15,JJ Yeley(i),Frd,31,3669,127,33.635,160.547,33
5180,1,2022,15,JJ Yeley(i),Frd,31,3669,128,33.635,160.547,33
5180,1,2022,15,JJ Yeley(i),Frd,31,3669,129,33.603,160.700,33
5180,1,2022,15,JJ Yeley(i),Frd,31,3669,130,33.502,161.184,33
5180,1,2022,15,JJ Yeley(i),Frd,31,3669,131,33.716,160.161,33
5180,1,2022,15,JJ Yeley(i),Frd,31,3669,132,33.749,160.005,33
5180,1,2022,15,JJ Yeley(i),Frd,31,3669,133,33.668,160.390,33
5180,1,2022,15,JJ Yeley(i),Frd,31,3669,134,33.686,160.304,33
5180,1,2022,15,JJ Yeley(i),Frd,31,3669,135,33.772,159.896,33
5180,1,2022,15,JJ Yeley(i),Frd,31,3669,136,33.639,160.528,33
5180,1,2022,15,JJ Yeley(i),Frd,31,3669,137,33.946,159.076,33
5180,1,2022,15,JJ Yeley(i),Frd,31,3669,138,33.802,159.754,33
5180,1,2022,15,JJ Yeley(i),Frd,31,3669,139,33.674,160.361,33
5180,1,2022,15,JJ Yeley(i),Frd,31,3669,140,34.194,157.922,33
5180,1,2022,15,JJ Yeley(i),Frd,31,3669,141,33.912,159.236,33
5180,1,2022,15,JJ Yeley(i),Frd,31,3669,142,33.792,159.801,33
5180,1,2022,15,JJ Yeley(i),Frd,31,3669,143,33.949,159.062,33
5180,1,2022,15,JJ Yeley(i),Frd,31,3669,144,33.801,159.759,33
5180,1,2022,15,JJ Yeley(i),Frd,31,3669,145,34.06,158.544,33
5180,1,2022,15,JJ Yeley(i),Frd,31,3669,146,33.933,159.137,33
5180,1,2022,15,JJ Yeley(i),Frd,31,3669,147,33.913,159.231,33
5180,1,2022,15,JJ Yeley(i),Frd,31,3669,148,34.149,158.131,33
5180,1,2022,15,JJ Yeley(i),Frd,31,3669,149,34.254,157.646,33
5180,1,2022,15,JJ Yeley(i),Frd,31,3669,150,34.171,158.029,33
5180,1,2022,15,JJ Yeley(i),Frd,31,3669,151,34.432,156.831,33
5180,1,2022,15,JJ Yeley(i),Frd,31,3669,152,34.35,157.205,33
5180,1,2022,15,JJ Yeley(i),Frd,31,3669,153,34.305,157.411,33
5180,1,2022,15,JJ Yeley(i),Frd,31,3669,154,34.333,157.283,33
5180,1,2022,15,JJ Yeley(i),Frd,31,3669,155,34.43,156.840,33
5180,1,2022,15,JJ Yeley(i),Frd,31,3669,156,34.47,156.658,33
5180,1,2022,15,JJ Yeley(i),Frd,31,3669,157,49.169,109.825,33
5180,1,2022,15,JJ Yeley(i),Frd,31,3669,158,91.726,58.871,33
5180,1,2022,15,JJ Yeley(i),Frd,31,3669,159,90.941,59.379,33
5180,1,2022,15,JJ Yeley(i),Frd,31,3669,160,98.592,54.771,33
5180,1,2022,15,JJ Yeley(i),Frd,31,3669,161,124.571,43.349,33
5180,1,2022,15,JJ Yeley(i),Frd,31,3669,162,70.388,76.718,33
5180,1,2022,15,JJ Yeley(i),Frd,31,3669,163,33.557,160.920,33
5180,1,2022,15,JJ Yeley(i),Frd,31,3669,164,32.293,167.219,33
5180,1,2022,15,JJ Yeley(i),Frd,31,3669,165,32.479,166.261,33
5180,1,2022,15,JJ Yeley(i),Frd,31,3669,166,32.529,166.006,33
5180,1,2022,15,JJ Yeley(i),Frd,31,3669,167,32.737,164.951,33
5180,1,2022,15,JJ Yeley(i),Frd,31,3669,168,32.922,164.024,33
5180,1,2022,15,JJ Yeley(i),Frd,31,3669,169,32.824,164.514,33
5180,1,2022,15,JJ Yeley(i),Frd,31,3669,170,32.758,164.845,33
5180,1,2022,15,JJ Yeley(i),Frd,31,3669,171,32.796,164.654,33
5180,1,2022,15,JJ Yeley(i),Frd,31,3669,172,32.769,164.790,33
5180,1,2022,15,JJ Yeley(i),Frd,31,3669,173,33.097,163.157,33
5180,1,2022,15,JJ Yeley(i),Frd,31,3669,174,32.998,163.646,33
5180,1,2022,15,JJ Yeley(i),Frd,31,3669,175,33.314,162.094,33
5180,1,2022,15,JJ Yeley(i),Frd,31,3669,176,33.313,162.099,33
5180,1,2022,15,JJ Yeley(i),Frd,31,3669,177,33.386,161.744,33
5180,1,2022,15,JJ Yeley(i),Frd,31,3669,178,33.26,162.357,33
5180,1,2022,15,JJ Yeley(i),Frd,31,3669,179,33.47,161.339,33
5180,1,2022,15,JJ Yeley(i),Frd,31,3669,180,33.346,161.938,33
5180,1,2022,15,JJ Yeley(i),Frd,31,3669,181,33.316,162.084,33
5180,1,2022,15,JJ Yeley(i),Frd,31,3669,182,33.356,161.890,33
5180,1,2022,15,JJ Yeley(i),Frd,31,3669,183,75.077,71.926,33
5180,1,2022,15,JJ Yeley(i),Frd,31,3669,184,92.789,58.197,33
5180,1,2022,15,JJ Yeley(i),Frd,31,3669,185,54.505,99.073,33
5180,1,2022,15,JJ Yeley(i),Frd,31,3669,186,94.131,57.367,33
5180,1,2022,15,JJ Yeley(i),Frd,31,3669,187,95.809,56.362,33
5180,1,2022,15,JJ Yeley(i),Frd,31,3669,188,108.186,49.914,33
5180,1,2022,15,JJ Yeley(i),Frd,31,3669,189,33.459,161.392,33
5180,1,2022,15,JJ Yeley(i),Frd,31,3669,190,32.233,167.530,33
5180,1,2022,15,JJ Yeley(i),Frd,31,3669,191,32.412,166.605,33
5180,1,2022,15,JJ Yeley(i),Frd,31,3669,192,32.413,166.600,33
5180,1,2022,15,JJ Yeley(i),Frd,31,3669,193,32.561,165.843,33
5180,1,2022,15,JJ Yeley(i),Frd,31,3669,194,32.67,165.289,33
5180,1,2022,15,JJ Yeley(i),Frd,31,3669,195,32.74,164.936,33
5180,1,2022,15,JJ Yeley(i),Frd,31,3669,196,32.763,164.820,33
5180,1,2022,15,JJ Yeley(i),Frd,31,3669,197,32.728,164.996,33
5180,1,2022,15,JJ Yeley(i),Frd,31,3669,198,32.763,164.820,33
5180,1,2022,15,JJ Yeley(i),Frd,31,3669,199,32.784,164.714,33
5180,1,2022,15,JJ Yeley(i),Frd,31,3669,200,33.0,163.636,33
5180,1,2022,15,JJ Yeley(i),Frd,31,3669,201,33.287,162.225,33
5180,1,2022,15,JJ Yeley(i),Frd,31,3669,202,33.661,160.423,33
5180,1,2022,15,JJ Yeley(i),Frd,31,3669,203,33.278,162.269,33
5180,1,2022,15,JJ Yeley(i),Frd,31,3669,204,33.437,161.498,33
5180,1,2022,15,JJ Yeley(i),Frd,31,3669,205,33.275,162.284,33
5180,1,2022,15,JJ Yeley(i),Frd,31,3669,206,33.313,162.099,33
5180,1,2022,15,JJ Yeley(i),Frd,31,3669,207,33.317,162.079,33
5180,1,2022,15,JJ Yeley(i),Frd,31,3669,208,33.141,162.940,33
5180,1,2022,15,JJ Yeley(i),Frd,31,3669,209,32.985,163.711,33
5180,1,2022,15,JJ Yeley(i),Frd,31,3669,210,33.05,163.389,33
5180,1,2022,15,JJ Yeley(i),Frd,31,3669,211,33.007,163.602,33
5180,1,2022,15,JJ Yeley(i),Frd,31,3669,212,33.081,163.236,33
5180,1,2022,15,JJ Yeley(i),Frd,31,3669,213,32.949,163.890,33
5180,1,2022,15,JJ Yeley(i),Frd,31,3669,214,33.258,162.367,33
5180,1,2022,15,JJ Yeley(i),Frd,31,3669,215,39.014,138.412,33
5180,1,2022,15,JJ Yeley(i),Frd,31,3669,216,84.634,63.804,33
5180,1,2022,15,JJ Yeley(i),Frd,31,3669,217,100.386,53.792,33
5180,1,2022,15,JJ Yeley(i),Frd,31,3669,218,128.557,42.005,33
5180,1,2022,15,JJ Yeley(i),Frd,31,3669,219,72.291,74.698,33
5180,1,2022,15,JJ Yeley(i),Frd,31,3669,220,34.115,158.288,33
5180,1,2022,15,JJ Yeley(i),Frd,31,3669,221,32.172,167.848,33
5180,1,2022,15,JJ Yeley(i),Frd,31,3669,222,32.292,167.224,33
5180,1,2022,15,JJ Yeley(i),Frd,31,3669,223,32.555,165.873,33
5180,1,2022,15,JJ Yeley(i),Frd,31,3669,224,32.855,164.359,33
5180,1,2022,15,JJ Yeley(i),Frd,31,3669,225,32.862,164.324,33
5180,1,2022,15,JJ Yeley(i),Frd,31,3669,226,33.042,163.428,33
5180,1,2022,15,JJ Yeley(i),Frd,31,3669,227,41.096,131.400,33
5180,1,2022,15,JJ Yeley(i),Frd,31,3669,228,52.1,103.647,33
5180,1,2022,15,JJ Yeley(i),Frd,31,3669,229,65.722,82.164,33
5180,1,2022,15,JJ Yeley(i),Frd,31,3669,230,98.742,54.688,33
5180,1,2022,15,JJ Yeley(i),Frd,31,3669,231,116.147,46.493,33
5180,1,2022,15,JJ Yeley(i),Frd,31,3669,232,75.207,71.802,33
5180,1,2022,15,JJ Yeley(i),Frd,31,3669,233,41.783,129.239,33
5180,1,2022,15,JJ Yeley(i),Frd,31,3669,234,55.783,96.804,33
5180,1,2022,15,JJ Yeley(i),Frd,31,3669,235,84.8,63.679,33
5180,1,2022,15,JJ Yeley(i),Frd,31,3669,236,104.417,51.716,33
5180,1,2022,15,JJ Yeley(i),Frd,31,3669,237,104.579,51.636,33
5180,1,2022,15,JJ Yeley(i),Frd,31,3669,238,78.652,68.657,32
5180,1,2022,15,JJ Yeley(i),Frd,31,3669,239,34.153,158.112,32
5180,1,2022,15,JJ Yeley(i),Frd,31,3669,240,32.327,167.043,32
5180,1,2022,15,JJ Yeley(i),Frd,31,3669,241,32.546,165.919,32
5180,1,2022,15,JJ Yeley(i),Frd,31,3669,242,32.532,165.990,32
5180,1,2022,15,JJ Yeley(i),Frd,31,3669,243,32.503,166.139,32
5180,1,2022,15,JJ Yeley(i),Frd,31,3669,244,32.558,165.858,32
5180,1,2022,15,JJ Yeley(i),Frd,31,3669,245,32.64,165.441,32
5180,1,2022,15,JJ Yeley(i),Frd,31,3669,246,32.805,164.609,32
5180,1,2022,15,JJ Yeley(i),Frd,31,3669,247,32.819,164.539,31
5180,1,2022,15,JJ Yeley(i),Frd,31,3669,248,32.806,164.604,31
5180,1,2022,15,JJ Yeley(i),Frd,31,3669,249,32.976,163.755,31
5180,1,2022,15,JJ Yeley(i),Frd,31,3669,250,33.454,161.416,31
5180,1,2022,15,JJ Yeley(i),Frd,31,3669,251,33.53,161.050,31
5180,1,2022,15,JJ Yeley(i),Frd,31,3669,252,33.9,159.292,31
5180,1,2022,15,JJ Yeley(i),Frd,31,3669,253,33.702,160.228,31
5180,1,2022,77,Landon Cassill(i),Chv,32,3808,0,,,32
5180,1,2022,77,Landon Cassill(i),Chv,32,3808,1,33.192,162.690,33
5180,1,2022,77,Landon Cassill(i),Chv,32,3808,2,30.716,175.804,33
5180,1,2022,77,Landon Cassill(i),Chv,32,3808,3,30.873,174.910,34
5180,1,2022,77,Landon Cassill(i),Chv,32,3808,4,30.634,176.275,33
5180,1,2022,77,Landon Cassill(i),Chv,32,3808,5,30.746,175.633,33
5180,1,2022,77,Landon Cassill(i),Chv,32,3808,6,30.966,174.385,32
5180,1,2022,77,Landon Cassill(i),Chv,32,3808,7,31.079,173.751,33
5180,1,2022,77,Landon Cassill(i),Chv,32,3808,8,30.914,174.678,33
5180,1,2022,77,Landon Cassill(i),Chv,32,3808,9,31.147,173.371,33
5180,1,2022,77,Landon Cassill(i),Chv,32,3808,10,31.286,172.601,33
5180,1,2022,77,Landon Cassill(i),Chv,32,3808,11,31.171,173.238,33
5180,1,2022,77,Landon Cassill(i),Chv,32,3808,12,31.063,173.840,33
5180,1,2022,77,Landon Cassill(i),Chv,32,3808,13,31.122,173.511,33
5180,1,2022,77,Landon Cassill(i),Chv,32,3808,14,31.108,173.589,33
5180,1,2022,77,Landon Cassill(i),Chv,32,3808,15,31.113,173.561,33
5180,1,2022,77,Landon Cassill(i),Chv,32,3808,16,31.123,173.505,33
5180,1,2022,77,Landon Cassill(i),Chv,32,3808,17,31.623,170.762,32
5180,1,2022,77,Landon Cassill(i),Chv,32,3808,18,31.563,171.086,32
5180,1,2022,77,Landon Cassill(i),Chv,32,3808,19,31.524,171.298,33
5180,1,2022,77,Landon Cassill(i),Chv,32,3808,20,31.309,172.474,33
5180,1,2022,77,Landon Cassill(i),Chv,32,3808,21,31.31,172.469,33
5180,1,2022,77,Landon Cassill(i),Chv,32,3808,22,31.598,170.897,33
5180,1,2022,77,Landon Cassill(i),Chv,32,3808,23,31.59,170.940,32
5180,1,2022,77,Landon Cassill(i),Chv,32,3808,24,31.34,172.304,32
5180,1,2022,77,Landon Cassill(i),Chv,32,3808,25,31.231,172.905,32
5180,1,2022,77,Landon Cassill(i),Chv,32,3808,26,31.275,172.662,32
5180,1,2022,77,Landon Cassill(i),Chv,32,3808,27,31.358,172.205,32
5180,1,2022,77,Landon Cassill(i),Chv,32,3808,28,31.312,172.458,32
5180,1,2022,77,Landon Cassill(i),Chv,32,3808,29,31.319,172.419,32
5180,1,2022,77,Landon Cassill(i),Chv,32,3808,30,31.439,171.761,32
5180,1,2022,77,Landon Cassill(i),Chv,32,3808,31,31.474,171.570,32
5180,1,2022,77,Landon Cassill(i),Chv,32,3808,32,31.488,171.494,32
5180,1,2022,77,Landon Cassill(i),Chv,32,3808,33,31.559,171.108,31
5180,1,2022,77,Landon Cassill(i),Chv,32,3808,34,31.568,171.059,30
5180,1,2022,77,Landon Cassill(i),Chv,32,3808,35,31.424,171.843,30
5180,1,2022,77,Landon Cassill(i),Chv,32,3808,36,31.458,171.657,29
5180,1,2022,77,Landon Cassill(i),Chv,32,3808,37,31.527,171.282,29
5180,1,2022,77,Landon Cassill(i),Chv,32,3808,38,31.407,171.936,21
5180,1,2022,77,Landon Cassill(i),Chv,32,3808,39,32.021,168.639,10
5180,1,2022,77,Landon Cassill(i),Chv,32,3808,40,31.521,171.314,5
5180,1,2022,77,Landon Cassill(i),Chv,32,3808,41,31.642,170.659,3
5180,1,2022,77,Landon Cassill(i),Chv,32,3808,42,44.069,122.535,7
5180,1,2022,77,Landon Cassill(i),Chv,32,3808,43,69.667,77.512,33
5180,1,2022,77,Landon Cassill(i),Chv,32,3808,44,30.914,174.678,33
5180,1,2022,77,Landon Cassill(i),Chv,32,3808,45,30.752,175.598,33
5180,1,2022,77,Landon Cassill(i),Chv,32,3808,46,30.685,175.982,33
5180,1,2022,77,Landon Cassill(i),Chv,32,3808,47,30.855,175.012,33
5180,1,2022,77,Landon Cassill(i),Chv,32,3808,48,30.717,175.798,33
5180,1,2022,77,Landon Cassill(i),Chv,32,3808,49,30.771,175.490,33
5180,1,2022,77,Landon Cassill(i),Chv,32,3808,50,30.739,175.673,33
5180,1,2022,77,Landon Cassill(i),Chv,32,3808,51,30.928,174.599,33
5180,1,2022,77,Landon Cassill(i),Chv,32,3808,52,30.984,174.284,33
5180,1,2022,77,Landon Cassill(i),Chv,32,3808,53,30.85,175.041,33
5180,1,2022,77,Landon Cassill(i),Chv,32,3808,54,30.882,174.859,33
5180,1,2022,77,Landon Cassill(i),Chv,32,3808,55,30.888,174.825,33
5180,1,2022,77,Landon Cassill(i),Chv,32,3808,56,31.088,173.700,33
5180,1,2022,77,Landon Cassill(i),Chv,32,3808,57,31.191,173.127,33
5180,1,2022,77,Landon Cassill(i),Chv,32,3808,58,31.187,173.149,33
5180,1,2022,77,Landon Cassill(i),Chv,32,3808,59,31.481,171.532,33
5180,1,2022,77,Landon Cassill(i),Chv,32,3808,60,31.716,170.261,33
5180,1,2022,77,Landon Cassill(i),Chv,32,3808,61,31.281,172.629,33
5180,1,2022,77,Landon Cassill(i),Chv,32,3808,62,31.292,172.568,33
5180,1,2022,77,Landon Cassill(i),Chv,32,3808,63,31.293,172.563,33
5180,1,2022,77,Landon Cassill(i),Chv,32,3808,64,31.327,172.375,33
5180,1,2022,77,Landon Cassill(i),Chv,32,3808,65,31.446,171.723,33
5180,1,2022,77,Landon Cassill(i),Chv,32,3808,66,31.515,171.347,33
5180,1,2022,77,Landon Cassill(i),Chv,32,3808,67,31.339,172.309,33
5180,1,2022,77,Landon Cassill(i),Chv,32,3808,68,31.255,172.772,33
5180,1,2022,77,Landon Cassill(i),Chv,32,3808,69,31.194,173.110,33
5180,1,2022,77,Landon Cassill(i),Chv,32,3808,70,31.171,173.238,33
5180,1,2022,77,Landon Cassill(i),Chv,32,3808,71,31.281,172.629,33
5180,1,2022,77,Landon Cassill(i),Chv,32,3808,72,31.503,171.412,33
5180,1,2022,77,Landon Cassill(i),Chv,32,3808,73,31.332,172.348,33
5180,1,2022,77,Landon Cassill(i),Chv,32,3808,74,31.487,171.499,33
5180,1,2022,77,Landon Cassill(i),Chv,32,3808,75,31.685,170.428,33
5180,1,2022,77,Landon Cassill(i),Chv,32,3808,76,38.266,141.117,33
5180,1,2022,77,Landon Cassill(i),Chv,32,3808,77,45.724,118.100,33
5180,1,2022,77,Landon Cassill(i),Chv,32,3808,78,70.285,76.830,32
5180,1,2022,77,Landon Cassill(i),Chv,32,3808,79,100.673,53.639,32
5180,1,2022,77,Landon Cassill(i),Chv,32,3808,80,97.935,55.139,32
5180,1,2022,77,Landon Cassill(i),Chv,32,3808,81,87.809,61.497,32
5180,1,2022,77,Landon Cassill(i),Chv,32,3808,82,97.305,55.496,29
5180,1,2022,77,Landon Cassill(i),Chv,32,3808,83,119.236,45.288,29
5180,1,2022,77,Landon Cassill(i),Chv,32,3808,84,75.435,71.585,29
5180,1,2022,77,Landon Cassill(i),Chv,32,3808,85,32.751,164.880,32
5180,1,2022,77,Landon Cassill(i),Chv,32,3808,86,30.77,175.496,31
5180,1,2022,77,Landon Cassill(i),Chv,32,3808,87,30.749,175.615,31
5180,1,2022,77,Landon Cassill(i),Chv,32,3808,88,31.119,173.527,31
5180,1,2022,77,Landon Cassill(i),Chv,32,3808,89,31.243,172.839,32
5180,1,2022,77,Landon Cassill(i),Chv,32,3808,90,30.946,174.498,32
5180,1,2022,77,Landon Cassill(i),Chv,32,3808,91,31.056,173.879,32
5180,1,2022,77,Landon Cassill(i),Chv,32,3808,92,31.081,173.740,32
5180,1,2022,77,Landon Cassill(i),Chv,32,3808,93,36.755,146.919,33
5180,1,2022,77,Landon Cassill(i),Chv,32,3808,94,64.245,84.053,33
5180,1,2022,77,Landon Cassill(i),Chv,32,3808,95,114.091,47.331,30
5180,1,2022,77,Landon Cassill(i),Chv,32,3808,96,86.184,62.657,30
5180,1,2022,77,Landon Cassill(i),Chv,32,3808,97,95.532,56.526,30
5180,1,2022,77,Landon Cassill(i),Chv,32,3808,98,104.584,51.633,29
5180,1,2022,77,Landon Cassill(i),Chv,32,3808,99,97.421,55.430,29
5180,1,2022,77,Landon Cassill(i),Chv,32,3808,100,70.062,77.075,29
5180,1,2022,77,Landon Cassill(i),Chv,32,3808,101,58.438,92.406,29
5180,1,2022,77,Landon Cassill(i),Chv,32,3808,102,69.503,77.694,28
5180,1,2022,77,Landon Cassill(i),Chv,32,3808,103,51.394,105.071,28
5180,1,2022,77,Landon Cassill(i),Chv,32,3808,104,90.746,59.507,25
5180,1,2022,77,Landon Cassill(i),Chv,32,3808,105,104.818,51.518,24
5180,1,2022,77,Landon Cassill(i),Chv,32,3808,106,104.618,51.616,24
5180,1,2022,77,Landon Cassill(i),Chv,32,3808,107,80.79,66.840,25
5180,1,2022,77,Landon Cassill(i),Chv,32,3808,108,32.334,167.007,26
5180,1,2022,77,Landon Cassill(i),Chv,32,3808,109,30.654,176.160,28
5180,1,2022,77,Landon Cassill(i),Chv,32,3808,110,30.756,175.575,28
5180,1,2022,77,Landon Cassill(i),Chv,32,3808,111,30.904,174.735,28
5180,1,2022,77,Landon Cassill(i),Chv,32,3808,112,30.699,175.901,27
5180,1,2022,77,Landon Cassill(i),Chv,32,3808,113,30.843,175.080,27
5180,1,2022,77,Landon Cassill(i),Chv,32,3808,114,31.257,172.761,27
5180,1,2022,77,Landon Cassill(i),Chv,32,3808,115,31.08,173.745,27
5180,1,2022,77,Landon Cassill(i),Chv,32,3808,116,31.043,173.952,27
5180,1,2022,77,Landon Cassill(i),Chv,32,3808,117,31.104,173.611,26
5180,1,2022,77,Landon Cassill(i),Chv,32,3808,118,31.006,174.160,26
5180,1,2022,77,Landon Cassill(i),Chv,32,3808,119,31.225,172.938,26
5180,1,2022,77,Landon Cassill(i),Chv,32,3808,120,31.329,172.364,26
5180,1,2022,77,Landon Cassill(i),Chv,32,3808,121,31.212,173.010,26
5180,1,2022,77,Landon Cassill(i),Chv,32,3808,122,31.277,172.651,26
5180,1,2022,77,Landon Cassill(i),Chv,32,3808,123,31.346,172.271,26
5180,1,2022,77,Landon Cassill(i),Chv,32,3808,124,31.298,172.535,26
5180,1,2022,77,Landon Cassill(i),Chv,32,3808,125,31.52,171.320,26
5180,1,2022,77,Landon Cassill(i),Chv,32,3808,126,31.372,172.128,26
5180,1,2022,77,Landon Cassill(i),Chv,32,3808,127,31.37,172.139,26
5180,1,2022,77,Landon Cassill(i),Chv,32,3808,128,31.615,170.805,26
5180,1,2022,77,Landon Cassill(i),Chv,32,3808,129,31.512,171.363,26
5180,1,2022,77,Landon Cassill(i),Chv,32,3808,130,31.408,171.931,26
5180,1,2022,77,Landon Cassill(i),Chv,32,3808,131,31.426,171.832,26
5180,1,2022,77,Landon Cassill(i),Chv,32,3808,132,31.476,171.559,26
5180,1,2022,77,Landon Cassill(i),Chv,32,3808,133,31.47,171.592,26
5180,1,2022,77,Landon Cassill(i),Chv,32,3808,134,31.566,171.070,26
5180,1,2022,77,Landon Cassill(i),Chv,32,3808,135,31.543,171.195,26
5180,1,2022,77,Landon Cassill(i),Chv,32,3808,136,31.589,170.946,26
5180,1,2022,77,Landon Cassill(i),Chv,32,3808,137,31.694,170.379,26
5180,1,2022,77,Landon Cassill(i),Chv,32,3808,138,31.561,171.097,26
5180,1,2022,77,Landon Cassill(i),Chv,32,3808,139,31.491,171.478,26
5180,1,2022,77,Landon Cassill(i),Chv,32,3808,140,31.589,170.946,26
5180,1,2022,77,Landon Cassill(i),Chv,32,3808,141,31.523,171.303,26
5180,1,2022,77,Landon Cassill(i),Chv,32,3808,142,31.625,170.751,26
5180,1,2022,77,Landon Cassill(i),Chv,32,3808,143,31.632,170.713,26
5180,1,2022,77,Landon Cassill(i),Chv,32,3808,144,31.807,169.774,26
5180,1,2022,77,Landon Cassill(i),Chv,32,3808,145,31.753,170.063,26
5180,1,2022,77,Landon Cassill(i),Chv,32,3808,146,31.707,170.309,26
5180,1,2022,77,Landon Cassill(i),Chv,32,3808,147,31.656,170.584,26
5180,1,2022,77,Landon Cassill(i),Chv,32,3808,148,31.653,170.600,26
5180,1,2022,77,Landon Cassill(i),Chv,32,3808,149,31.777,169.934,26
5180,1,2022,77,Landon Cassill(i),Chv,32,3808,150,31.759,170.031,26
5180,1,2022,77,Landon Cassill(i),Chv,32,3808,151,31.703,170.331,26
5180,1,2022,77,Landon Cassill(i),Chv,32,3808,152,31.847,169.561,26
5180,1,2022,77,Landon Cassill(i),Chv,32,3808,153,31.835,169.625,26
5180,1,2022,77,Landon Cassill(i),Chv,32,3808,154,31.849,169.550,26
5180,1,2022,77,Landon Cassill(i),Chv,32,3808,155,31.883,169.369,25
5180,1,2022,77,Landon Cassill(i),Chv,32,3808,156,31.873,169.422,25
5180,1,2022,77,Landon Cassill(i),Chv,32,3808,157,31.928,169.131,25
5180,1,2022,77,Landon Cassill(i),Chv,32,3808,158,31.924,169.152,25
5180,1,2022,77,Landon Cassill(i),Chv,32,3808,159,32.153,167.947,25
5180,1,2022,77,Landon Cassill(i),Chv,32,3808,160,31.976,168.877,24
5180,1,2022,77,Landon Cassill(i),Chv,32,3808,161,31.995,168.776,24
5180,1,2022,77,Landon Cassill(i),Chv,32,3808,162,32.259,167.395,24
5180,1,2022,77,Landon Cassill(i),Chv,32,3808,163,32.036,168.560,24
5180,1,2022,77,Landon Cassill(i),Chv,32,3808,164,32.199,167.707,24
5180,1,2022,77,Landon Cassill(i),Chv,32,3808,165,34.135,158.195,24
5180,1,2022,77,Landon Cassill(i),Chv,32,3808,166,44.028,122.649,24
5180,1,2022,77,Landon Cassill(i),Chv,32,3808,167,90.316,59.790,24
5180,1,2022,77,Landon Cassill(i),Chv,32,3808,168,88.039,61.336,13
5180,1,2022,77,Landon Cassill(i),Chv,32,3808,169,106.448,50.729,23
5180,1,2022,77,Landon Cassill(i),Chv,32,3808,170,99.623,54.204,21
5180,1,2022,77,Landon Cassill(i),Chv,32,3808,171,78.876,68.462,20
5180,1,2022,77,Landon Cassill(i),Chv,32,3808,172,32.784,164.714,22
5180,1,2022,77,Landon Cassill(i),Chv,32,3808,173,30.758,175.564,23
5180,1,2022,77,Landon Cassill(i),Chv,32,3808,174,30.535,176.846,23
5180,1,2022,77,Landon Cassill(i),Chv,32,3808,175,30.725,175.753,23
5180,1,2022,77,Landon Cassill(i),Chv,32,3808,176,30.835,175.126,23
5180,1,2022,77,Landon Cassill(i),Chv,32,3808,177,31.134,173.444,24
5180,1,2022,77,Landon Cassill(i),Chv,32,3808,178,31.06,173.857,24
5180,1,2022,77,Landon Cassill(i),Chv,32,3808,179,31.022,174.070,23
5180,1,2022,77,Landon Cassill(i),Chv,32,3808,180,31.145,173.383,24
5180,1,2022,77,Landon Cassill(i),Chv,32,3808,181,31.083,173.728,24
5180,1,2022,77,Landon Cassill(i),Chv,32,3808,182,31.133,173.449,24
5180,1,2022,77,Landon Cassill(i),Chv,32,3808,183,31.079,173.751,24
5180,1,2022,77,Landon Cassill(i),Chv,32,3808,184,31.059,173.863,24
5180,1,2022,77,Landon Cassill(i),Chv,32,3808,185,31.071,173.796,24
5180,1,2022,77,Landon Cassill(i),Chv,32,3808,186,31.09,173.689,24
5180,1,2022,77,Landon Cassill(i),Chv,32,3808,187,31.291,172.574,24
5180,1,2022,77,Landon Cassill(i),Chv,32,3808,188,31.283,172.618,24
5180,1,2022,77,Landon Cassill(i),Chv,32,3808,189,31.3,172.524,24
5180,1,2022,77,Landon Cassill(i),Chv,32,3808,190,31.367,172.155,24
5180,1,2022,77,Landon Cassill(i),Chv,32,3808,191,31.449,171.707,25
5180,1,2022,77,Landon Cassill(i),Chv,32,3808,192,31.396,171.996,25
5180,1,2022,77,Landon Cassill(i),Chv,32,3808,193,31.42,171.865,25
5180,1,2022,77,Landon Cassill(i),Chv,32,3808,194,39.599,136.367,25
5180,1,2022,77,Landon Cassill(i),Chv,32,3808,195,71.206,75.836,25
5180,1,2022,77,Landon Cassill(i),Chv,32,3808,196,91.472,59.034,13
5180,1,2022,77,Landon Cassill(i),Chv,32,3808,197,104.273,51.787,23
5180,1,2022,77,Landon Cassill(i),Chv,32,3808,198,102.989,52.433,25
5180,1,2022,77,Landon Cassill(i),Chv,32,3808,199,85.352,63.267,22
5180,1,2022,77,Landon Cassill(i),Chv,32,3808,200,32.818,164.544,23
5180,1,2022,77,Landon Cassill(i),Chv,32,3808,201,31.033,174.008,26
5180,1,2022,77,Landon Cassill(i),Chv,32,3808,202,31.05,173.913,26
5180,1,2022,77,Landon Cassill(i),Chv,32,3808,203,30.831,175.148,26
5180,1,2022,77,Landon Cassill(i),Chv,32,3808,204,30.932,174.576,26
5180,1,2022,77,Landon Cassill(i),Chv,32,3808,205,31.07,173.801,26
5180,1,2022,77,Landon Cassill(i),Chv,32,3808,206,30.921,174.639,26
5180,1,2022,77,Landon Cassill(i),Chv,32,3808,207,31.027,174.042,25
5180,1,2022,77,Landon Cassill(i),Chv,32,3808,208,31.084,173.723,25
5180,1,2022,77,Landon Cassill(i),Chv,32,3808,209,30.942,174.520,25
5180,1,2022,77,Landon Cassill(i),Chv,32,3808,210,30.986,174.272,25
5180,1,2022,77,Landon Cassill(i),Chv,32,3808,211,31.165,173.271,25
5180,1,2022,77,Landon Cassill(i),Chv,32,3808,212,31.216,172.988,25
5180,1,2022,77,Landon Cassill(i),Chv,32,3808,213,31.339,172.309,25
5180,1,2022,77,Landon Cassill(i),Chv,32,3808,214,31.221,172.961,25
5180,1,2022,77,Landon Cassill(i),Chv,32,3808,215,31.293,172.563,25
5180,1,2022,77,Landon Cassill(i),Chv,32,3808,216,31.436,171.778,25
5180,1,2022,77,Landon Cassill(i),Chv,32,3808,217,31.33,172.359,25
5180,1,2022,77,Landon Cassill(i),Chv,32,3808,218,31.237,172.872,25
5180,1,2022,77,Landon Cassill(i),Chv,32,3808,219,31.174,173.221,25
5180,1,2022,77,Landon Cassill(i),Chv,32,3808,220,31.24,172.855,25
5180,1,2022,77,Landon Cassill(i),Chv,32,3808,221,31.302,172.513,25
5180,1,2022,77,Landon Cassill(i),Chv,32,3808,222,31.539,171.217,25
5180,1,2022,77,Landon Cassill(i),Chv,32,3808,223,31.539,171.217,25
5180,1,2022,77,Landon Cassill(i),Chv,32,3808,224,31.401,171.969,25
5180,1,2022,77,Landon Cassill(i),Chv,32,3808,225,31.836,169.619,25
5180,1,2022,77,Landon Cassill(i),Chv,32,3808,226,31.629,170.729,25
5180,1,2022,77,Landon Cassill(i),Chv,32,3808,227,31.663,170.546,26
5180,1,2022,77,Landon Cassill(i),Chv,32,3808,228,46.361,116.477,25
5180,1,2022,77,Landon Cassill(i),Chv,32,3808,229,68.84,78.443,14
5180,1,2022,77,Landon Cassill(i),Chv,32,3808,230,109.953,49.112,26
5180,1,2022,77,Landon Cassill(i),Chv,32,3808,231,104.07,51.888,25
5180,1,2022,77,Landon Cassill(i),Chv,32,3808,232,77.24,69.912,24
5180,1,2022,77,Landon Cassill(i),Chv,32,3808,233,32.586,165.715,24
5180,1,2022,77,Landon Cassill(i),Chv,32,3808,234,30.967,174.379,25
5180,1,2022,77,Landon Cassill(i),Chv,32,3808,235,30.913,174.684,25
5180,1,2022,77,Landon Cassill(i),Chv,32,3808,236,30.878,174.882,25
5180,1,2022,77,Landon Cassill(i),Chv,32,3808,237,31.181,173.182,25
5180,1,2022,77,Landon Cassill(i),Chv,32,3808,238,30.918,174.656,24
5180,1,2022,77,Landon Cassill(i),Chv,32,3808,239,30.876,174.893,24
5180,1,2022,77,Landon Cassill(i),Chv,32,3808,240,33.762,159.943,24
5180,1,2022,77,Landon Cassill(i),Chv,32,3808,241,52.316,103.219,24
5180,1,2022,77,Landon Cassill(i),Chv,32,3808,242,85.205,63.377,17
5180,1,2022,77,Landon Cassill(i),Chv,32,3808,243,102.229,52.823,15
5180,1,2022,77,Landon Cassill(i),Chv,32,3808,244,100.016,53.991,15
5180,1,2022,77,Landon Cassill(i),Chv,32,3808,245,87.257,61.886,15
5180,1,2022,77,Landon Cassill(i),Chv,32,3808,246,76.229,70.839,26
5180,1,2022,42,Ty Dillon,Chv,33,4013,0,,,33
5180,1,2022,42,Ty Dillon,Chv,33,4013,1,32.755,164.860,32
5180,1,2022,42,Ty Dillon,Chv,33,4013,2,30.799,175.330,32
5180,1,2022,42,Ty Dillon,Chv,33,4013,3,30.545,176.788,31
5180,1,2022,42,Ty Dillon,Chv,33,4013,4,30.752,175.598,31
5180,1,2022,42,Ty Dillon,Chv,33,4013,5,30.631,176.292,29
5180,1,2022,42,Ty Dillon,Chv,33,4013,6,30.893,174.797,30
5180,1,2022,42,Ty Dillon,Chv,33,4013,7,30.848,175.052,29
5180,1,2022,42,Ty Dillon,Chv,33,4013,8,31.076,173.768,28
5180,1,2022,42,Ty Dillon,Chv,33,4013,9,30.717,175.798,28
5180,1,2022,42,Ty Dillon,Chv,33,4013,10,31.192,173.121,28
5180,1,2022,42,Ty Dillon,Chv,33,4013,11,30.859,174.989,28
5180,1,2022,42,Ty Dillon,Chv,33,4013,12,30.834,175.131,27
5180,1,2022,42,Ty Dillon,Chv,33,4013,13,31.156,173.321,28
5180,1,2022,42,Ty Dillon,Chv,33,4013,14,30.956,174.441,28
5180,1,2022,42,Ty Dillon,Chv,33,4013,15,31.143,173.394,28
5180,1,2022,42,Ty Dillon,Chv,33,4013,16,31.287,172.596,28
5180,1,2022,42,Ty Dillon,Chv,33,4013,17,31.174,173.221,28
5180,1,2022,42,Ty Dillon,Chv,33,4013,18,31.442,171.745,28
5180,1,2022,42,Ty Dillon,Chv,33,4013,19,31.444,171.734,28
5180,1,2022,42,Ty Dillon,Chv,33,4013,20,31.6,170.886,29
5180,1,2022,42,Ty Dillon,Chv,33,4013,21,31.324,172.392,29
5180,1,2022,42,Ty Dillon,Chv,33,4013,22,31.164,173.277,28
5180,1,2022,42,Ty Dillon,Chv,33,4013,23,31.008,174.149,28
5180,1,2022,42,Ty Dillon,Chv,33,4013,24,31.243,172.839,28
5180,1,2022,42,Ty Dillon,Chv,33,4013,25,31.185,173.160,28
5180,1,2022,42,Ty Dillon,Chv,33,4013,26,31.27,172.689,27
5180,1,2022,42,Ty Dillon,Chv,33,4013,27,31.357,172.210,27
5180,1,2022,42,Ty Dillon,Chv,33,4013,28,31.478,171.548,27
5180,1,2022,42,Ty Dillon,Chv,33,4013,29,31.274,172.667,26
5180,1,2022,42,Ty Dillon,Chv,33,4013,30,31.365,172.166,26
5180,1,2022,42,Ty Dillon,Chv,33,4013,31,31.402,171.964,26
5180,1,2022,42,Ty Dillon,Chv,33,4013,32,31.285,172.607,26
5180,1,2022,42,Ty Dillon,Chv,33,4013,33,31.288,172.590,26
5180,1,2022,42,Ty Dillon,Chv,33,4013,34,31.38,172.084,26
5180,1,2022,42,Ty Dillon,Chv,33,4013,35,31.683,170.438,26
5180,1,2022,42,Ty Dillon,Chv,33,4013,36,31.758,170.036,25
5180,1,2022,42,Ty Dillon,Chv,33,4013,37,31.617,170.794,24
5180,1,2022,42,Ty Dillon,Chv,33,4013,38,31.68,170.455,17
5180,1,2022,42,Ty Dillon,Chv,33,4013,39,58.198,92.787,27
5180,1,2022,42,Ty Dillon,Chv,33,4013,40,45.444,118.828,30
5180,1,2022,42,Ty Dillon,Chv,33,4013,41,30.387,177.708,28
5180,1,2022,42,Ty Dillon,Chv,33,4013,42,30.206,178.772,27
5180,1,2022,42,Ty Dillon,Chv,33,4013,43,30.142,179.152,25
5180,1,2022,42,Ty Dillon,Chv,33,4013,44,30.268,178.406,25
5180,1,2022,42,Ty Dillon,Chv,33,4013,45,30.491,177.101,25
5180,1,2022,42,Ty Dillon,Chv,33,4013,46,30.511,176.985,25
5180,1,2022,42,Ty Dillon,Chv,33,4013,47,30.611,176.407,25
5180,1,2022,42,Ty Dillon,Chv,33,4013,48,30.599,176.476,25
5180,1,2022,42,Ty Dillon,Chv,33,4013,49,30.645,176.211,25
5180,1,2022,42,Ty Dillon,Chv,33,4013,50,30.735,175.695,24
5180,1,2022,42,Ty Dillon,Chv,33,4013,51,30.688,175.965,24
5180,1,2022,42,Ty Dillon,Chv,33,4013,52,30.746,175.633,25
5180,1,2022,42,Ty Dillon,Chv,33,4013,53,31.087,173.706,25
5180,1,2022,42,Ty Dillon,Chv,33,4013,54,30.713,175.821,25
5180,1,2022,42,Ty Dillon,Chv,33,4013,55,30.867,174.944,25
5180,1,2022,42,Ty Dillon,Chv,33,4013,56,30.821,175.205,25
5180,1,2022,42,Ty Dillon,Chv,33,4013,57,30.946,174.498,25
5180,1,2022,42,Ty Dillon,Chv,33,4013,58,30.92,174.644,25
5180,1,2022,42,Ty Dillon,Chv,33,4013,59,31.03,174.025,25
5180,1,2022,42,Ty Dillon,Chv,33,4013,60,31.133,173.449,25
5180,1,2022,42,Ty Dillon,Chv,33,4013,61,31.007,174.154,25
5180,1,2022,42,Ty Dillon,Chv,33,4013,62,30.932,174.576,25
5180,1,2022,42,Ty Dillon,Chv,33,4013,63,31.019,174.087,25
5180,1,2022,42,Ty Dillon,Chv,33,4013,64,31.039,173.975,25
5180,1,2022,42,Ty Dillon,Chv,33,4013,65,30.953,174.458,25
5180,1,2022,42,Ty Dillon,Chv,33,4013,66,31.084,173.723,25
5180,1,2022,42,Ty Dillon,Chv,33,4013,67,31.26,172.745,25
5180,1,2022,42,Ty Dillon,Chv,33,4013,68,31.216,172.988,25
5180,1,2022,42,Ty Dillon,Chv,33,4013,69,31.17,173.244,25
5180,1,2022,42,Ty Dillon,Chv,33,4013,70,31.157,173.316,25
5180,1,2022,42,Ty Dillon,Chv,33,4013,71,31.23,172.911,25
5180,1,2022,42,Ty Dillon,Chv,33,4013,72,31.371,172.133,25
5180,1,2022,42,Ty Dillon,Chv,33,4013,73,31.437,171.772,25
5180,1,2022,42,Ty Dillon,Chv,33,4013,74,31.418,171.876,25
5180,1,2022,42,Ty Dillon,Chv,33,4013,75,31.511,171.369,25
5180,1,2022,42,Ty Dillon,Chv,33,4013,76,31.477,171.554,25
5180,1,2022,42,Ty Dillon,Chv,33,4013,77,37.572,143.724,25
5180,1,2022,42,Ty Dillon,Chv,33,4013,78,48.205,112.022,24
5180,1,2022,42,Ty Dillon,Chv,33,4013,79,66.606,81.074,24
5180,1,2022,42,Ty Dillon,Chv,33,4013,80,100.238,53.872,24
5180,1,2022,42,Ty Dillon,Chv,33,4013,81,97.131,55.595,24
5180,1,2022,42,Ty Dillon,Chv,33,4013,82,104.02,51.913,22
5180,1,2022,42,Ty Dillon,Chv,33,4013,83,90.034,59.977,22
5180,1,2022,42,Ty Dillon,Chv,33,4013,84,99.611,54.211,21
5180,1,2022,42,Ty Dillon,Chv,33,4013,85,80.898,66.751,21
5180,1,2022,42,Ty Dillon,Chv,33,4013,86,32.669,165.294,22
5180,1,2022,42,Ty Dillon,Chv,33,4013,87,30.686,175.976,22
5180,1,2022,42,Ty Dillon,Chv,33,4013,88,30.965,174.390,22
5180,1,2022,42,Ty Dillon,Chv,33,4013,89,30.845,175.069,23
5180,1,2022,42,Ty Dillon,Chv,33,4013,90,30.693,175.936,23
5180,1,2022,42,Ty Dillon,Chv,33,4013,91,30.841,175.092,23
5180,1,2022,42,Ty Dillon,Chv,33,4013,92,30.865,174.955,23
5180,1,2022,42,Ty Dillon,Chv,33,4013,93,30.799,175.330,23
5180,1,2022,42,Ty Dillon,Chv,33,4013,94,33.643,160.509,23
5180,1,2022,42,Ty Dillon,Chv,33,4013,95,58.698,91.996,20
5180,1,2022,42,Ty Dillon,Chv,33,4013,96,112.979,47.796,20
5180,1,2022,42,Ty Dillon,Chv,33,4013,97,114.604,47.119,21
5180,1,2022,42,Ty Dillon,Chv,33,4013,98,93.604,57.690,19
5180,1,2022,42,Ty Dillon,Chv,33,4013,99,106.186,50.854,19
5180,1,2022,42,Ty Dillon,Chv,33,4013,100,94.046,57.419,19
5180,1,2022,42,Ty Dillon,Chv,33,4013,101,102.487,52.690,19
5180,1,2022,42,Ty Dillon,Chv,33,4013,102,81.873,65.956,18
5180,1,2022,42,Ty Dillon,Chv,33,4013,103,46.989,114.921,18
5180,1,2022,42,Ty Dillon,Chv,33,4013,104,92.716,58.242,17
5180,1,2022,42,Ty Dillon,Chv,33,4013,105,102.02,52.931,16
5180,1,2022,42,Ty Dillon,Chv,33,4013,106,103.354,52.248,16
5180,1,2022,42,Ty Dillon,Chv,33,4013,107,86.674,62.302,15
5180,1,2022,42,Ty Dillon,Chv,33,4013,108,32.64,165.441,17
5180,1,2022,42,Ty Dillon,Chv,33,4013,109,30.658,176.137,19
5180,1,2022,42,Ty Dillon,Chv,33,4013,110,30.69,175.953,19
5180,1,2022,42,Ty Dillon,Chv,33,4013,111,30.698,175.907,20
5180,1,2022,42,Ty Dillon,Chv,33,4013,112,30.711,175.833,20
5180,1,2022,42,Ty Dillon,Chv,33,4013,113,30.857,175.001,20
5180,1,2022,42,Ty Dillon,Chv,33,4013,114,30.916,174.667,19
5180,1,2022,42,Ty Dillon,Chv,33,4013,115,31.259,172.750,19
5180,1,2022,42,Ty Dillon,Chv,33,4013,116,30.791,175.376,19
5180,1,2022,42,Ty Dillon,Chv,33,4013,117,30.911,174.695,19
5180,1,2022,42,Ty Dillon,Chv,33,4013,118,31.191,173.127,21
5180,1,2022,42,Ty Dillon,Chv,33,4013,119,31.311,172.463,21
5180,1,2022,42,Ty Dillon,Chv,33,4013,120,31.067,173.818,21
5180,1,2022,42,Ty Dillon,Chv,33,4013,121,31.087,173.706,21
5180,1,2022,42,Ty Dillon,Chv,33,4013,122,30.943,174.514,21
5180,1,2022,42,Ty Dillon,Chv,33,4013,123,31.156,173.321,21
5180,1,2022,42,Ty Dillon,Chv,33,4013,124,31.356,172.216,21
5180,1,2022,42,Ty Dillon,Chv,33,4013,125,31.295,172.552,21
5180,1,2022,42,Ty Dillon,Chv,33,4013,126,31.372,172.128,21
5180,1,2022,42,Ty Dillon,Chv,33,4013,127,31.631,170.719,22
5180,1,2022,42,Ty Dillon,Chv,33,4013,128,31.432,171.799,22
5180,1,2022,42,Ty Dillon,Chv,33,4013,129,31.401,171.969,22
5180,1,2022,42,Ty Dillon,Chv,33,4013,130,31.279,172.640,22
5180,1,2022,42,Ty Dillon,Chv,33,4013,131,31.413,171.903,22
5180,1,2022,42,Ty Dillon,Chv,33,4013,132,31.52,171.320,22
5180,1,2022,42,Ty Dillon,Chv,33,4013,133,31.386,172.051,22
5180,1,2022,42,Ty Dillon,Chv,33,4013,134,31.425,171.838,22
5180,1,2022,42,Ty Dillon,Chv,33,4013,135,31.822,169.694,22
5180,1,2022,42,Ty Dillon,Chv,33,4013,136,31.426,171.832,22
5180,1,2022,42,Ty Dillon,Chv,33,4013,137,31.514,171.352,22
5180,1,2022,42,Ty Dillon,Chv,33,4013,138,31.527,171.282,22
5180,1,2022,42,Ty Dillon,Chv,33,4013,139,31.48,171.537,22
5180,1,2022,42,Ty Dillon,Chv,33,4013,140,31.569,171.054,22
5180,1,2022,42,Ty Dillon,Chv,33,4013,141,31.702,170.336,22
5180,1,2022,42,Ty Dillon,Chv,33,4013,142,31.563,171.086,22
5180,1,2022,42,Ty Dillon,Chv,33,4013,143,31.625,170.751,22
5180,1,2022,42,Ty Dillon,Chv,33,4013,144,31.617,170.794,22
5180,1,2022,42,Ty Dillon,Chv,33,4013,145,31.766,169.993,22
5180,1,2022,42,Ty Dillon,Chv,33,4013,146,31.651,170.611,22
5180,1,2022,42,Ty Dillon,Chv,33,4013,147,31.721,170.234,22
5180,1,2022,42,Ty Dillon,Chv,33,4013,148,31.968,168.919,22
5180,1,2022,42,Ty Dillon,Chv,33,4013,149,31.865,169.465,22
5180,1,2022,42,Ty Dillon,Chv,33,4013,150,31.822,169.694,22
5180,1,2022,42,Ty Dillon,Chv,33,4013,151,31.733,170.170,22
5180,1,2022,42,Ty Dillon,Chv,33,4013,152,32.097,168.240,22
5180,1,2022,42,Ty Dillon,Chv,33,4013,153,31.938,169.078,21
5180,1,2022,42,Ty Dillon,Chv,33,4013,154,32.067,168.397,21
5180,1,2022,42,Ty Dillon,Chv,33,4013,155,31.87,169.438,21
5180,1,2022,42,Ty Dillon,Chv,33,4013,156,32.257,167.406,20
5180,1,2022,42,Ty Dillon,Chv,33,4013,157,32.213,167.634,21
5180,1,2022,42,Ty Dillon,Chv,33,4013,158,32.171,167.853,21
5180,1,2022,42,Ty Dillon,Chv,33,4013,159,32.483,166.241,22
5180,1,2022,42,Ty Dillon,Chv,33,4013,160,32.136,168.036,22
5180,1,2022,42,Ty Dillon,Chv,33,4013,161,32.057,168.450,22
5180,1,2022,42,Ty Dillon,Chv,33,4013,162,32.119,168.125,22
5180,1,2022,42,Ty Dillon,Chv,33,4013,163,32.134,168.046,22
5180,1,2022,42,Ty Dillon,Chv,33,4013,164,32.099,168.230,22
5180,1,2022,42,Ty Dillon,Chv,33,4013,165,33.033,163.473,22
5180,1,2022,42,Ty Dillon,Chv,33,4013,166,43.965,122.825,22
5180,1,2022,42,Ty Dillon,Chv,33,4013,167,90.948,59.375,22
5180,1,2022,42,Ty Dillon,Chv,33,4013,168,110.003,49.090,26
5180,1,2022,42,Ty Dillon,Chv,33,4013,169,89.296,60.473,26
5180,1,2022,42,Ty Dillon,Chv,33,4013,170,99.692,54.167,24
5180,1,2022,42,Ty Dillon,Chv,33,4013,171,76.069,70.988,25
5180,1,2022,42,Ty Dillon,Chv,33,4013,172,32.51,166.103,26
5180,1,2022,42,Ty Dillon,Chv,33,4013,173,30.741,175.661,27
5180,1,2022,42,Ty Dillon,Chv,33,4013,174,31.021,174.076,28
5180,1,2022,42,Ty Dillon,Chv,33,4013,175,30.807,175.285,27
5180,1,2022,42,Ty Dillon,Chv,33,4013,176,30.991,174.244,27
5180,1,2022,42,Ty Dillon,Chv,33,4013,177,31.139,173.416,27
5180,1,2022,42,Ty Dillon,Chv,33,4013,178,31.098,173.645,27
5180,1,2022,42,Ty Dillon,Chv,33,4013,179,31.049,173.919,27
5180,1,2022,42,Ty Dillon,Chv,33,4013,180,31.148,173.366,27
5180,1,2022,42,Ty Dillon,Chv,33,4013,181,31.185,173.160,27
5180,1,2022,42,Ty Dillon,Chv,33,4013,182,31.252,172.789,27
5180,1,2022,42,Ty Dillon,Chv,33,4013,183,31.124,173.500,27
5180,1,2022,42,Ty Dillon,Chv,33,4013,184,31.297,172.540,27
5180,1,2022,42,Ty Dillon,Chv,33,4013,185,31.38,172.084,27
5180,1,2022,42,Ty Dillon,Chv,33,4013,186,31.303,172.507,27
5180,1,2022,42,Ty Dillon,Chv,33,4013,187,31.378,172.095,27
5180,1,2022,42,Ty Dillon,Chv,33,4013,188,31.5,171.429,27
5180,1,2022,42,Ty Dillon,Chv,33,4013,189,31.552,171.146,27
5180,1,2022,42,Ty Dillon,Chv,33,4013,190,31.641,170.665,27
5180,1,2022,42,Ty Dillon,Chv,33,4013,191,31.318,172.425,27
5180,1,2022,42,Ty Dillon,Chv,33,4013,192,31.289,172.585,27
5180,1,2022,42,Ty Dillon,Chv,33,4013,193,31.385,172.057,27
5180,1,2022,42,Ty Dillon,Chv,33,4013,194,39.704,136.006,27
5180,1,2022,42,Ty Dillon,Chv,33,4013,195,70.941,76.120,27
5180,1,2022,42,Ty Dillon,Chv,33,4013,196,105.358,51.254,27
5180,1,2022,42,Ty Dillon,Chv,33,4013,197,88.984,60.685,25
5180,1,2022,42,Ty Dillon,Chv,33,4013,198,104.562,51.644,28
5180,1,2022,42,Ty Dillon,Chv,33,4013,199,82.934,65.112,26
5180,1,2022,42,Ty Dillon,Chv,33,4013,200,32.71,165.087,26
5180,1,2022,42,Ty Dillon,Chv,33,4013,201,30.752,175.598,24
5180,1,2022,42,Ty Dillon,Chv,33,4013,202,30.884,174.848,25
5180,1,2022,42,Ty Dillon,Chv,33,4013,203,30.793,175.365,25
5180,1,2022,42,Ty Dillon,Chv,33,4013,204,30.907,174.718,25
5180,1,2022,42,Ty Dillon,Chv,33,4013,205,30.947,174.492,24
5180,1,2022,42,Ty Dillon,Chv,33,4013,206,31.161,173.294,25
5180,1,2022,42,Ty Dillon,Chv,33,4013,207,30.87,174.927,24
5180,1,2022,42,Ty Dillon,Chv,33,4013,208,30.897,174.774,24
5180,1,2022,42,Ty Dillon,Chv,33,4013,209,30.967,174.379,24
5180,1,2022,42,Ty Dillon,Chv,33,4013,210,30.979,174.312,24
5180,1,2022,42,Ty Dillon,Chv,33,4013,211,31.149,173.360,23
5180,1,2022,42,Ty Dillon,Chv,33,4013,212,31.406,171.942,24
5180,1,2022,42,Ty Dillon,Chv,33,4013,213,31.2,173.077,24
5180,1,2022,42,Ty Dillon,Chv,33,4013,214,31.101,173.628,24
5180,1,2022,42,Ty Dillon,Chv,33,4013,215,31.281,172.629,24
5180,1,2022,42,Ty Dillon,Chv,33,4013,216,31.522,171.309,24
5180,1,2022,42,Ty Dillon,Chv,33,4013,217,31.31,172.469,24
5180,1,2022,42,Ty Dillon,Chv,33,4013,218,31.024,174.059,23
5180,1,2022,42,Ty Dillon,Chv,33,4013,219,31.307,172.485,23
5180,1,2022,42,Ty Dillon,Chv,33,4013,220,31.194,173.110,23
5180,1,2022,42,Ty Dillon,Chv,33,4013,221,31.347,172.265,23
5180,1,2022,42,Ty Dillon,Chv,33,4013,222,31.233,172.894,23
5180,1,2022,42,Ty Dillon,Chv,33,4013,223,31.422,171.854,23
5180,1,2022,42,Ty Dillon,Chv,33,4013,224,31.398,171.985,23
5180,1,2022,42,Ty Dillon,Chv,33,4013,225,31.289,172.585,23
5180,1,2022,42,Ty Dillon,Chv,33,4013,226,31.438,171.767,23
5180,1,2022,42,Ty Dillon,Chv,33,4013,227,31.67,170.508,23
5180,1,2022,42,Ty Dillon,Chv,33,4013,228,44.29,121.924,22
5180,1,2022,42,Ty Dillon,Chv,33,4013,229,82.067,65.800,18
5180,1,2022,42,Ty Dillon,Chv,33,4013,230,86.565,62.381,5
5180,1,2022,42,Ty Dillon,Chv,33,4013,231,99.358,54.349,5
5180,1,2022,42,Ty Dillon,Chv,33,4013,232,94.375,57.219,6
5180,1,2022,42,Ty Dillon,Chv,33,4013,233,33.753,159.986,17
5180,1,2022,42,Ty Dillon,Chv,33,4013,234,30.753,175.593,17
5180,1,2022,42,Ty Dillon,Chv,33,4013,235,30.716,175.804,17
5180,1,2022,42,Ty Dillon,Chv,33,4013,236,30.732,175.713,17
5180,1,2022,42,Ty Dillon,Chv,33,4013,237,33.907,159.259,28
5180,1,2022,20,Christopher Bell (P),Tyt,34,4153,0,,,7
5180,1,2022,20,Christopher Bell (P),Tyt,34,4153,1,33.077,163.255,7
5180,1,2022,20,Christopher Bell (P),Tyt,34,4153,2,30.01,179.940,7
5180,1,2022,20,Christopher Bell (P),Tyt,34,4153,3,30.098,179.414,8
5180,1,2022,20,Christopher Bell (P),Tyt,34,4153,4,29.987,180.078,7
5180,1,2022,20,Christopher Bell (P),Tyt,34,4153,5,29.87,180.783,7
5180,1,2022,20,Christopher Bell (P),Tyt,34,4153,6,30.039,179.766,7
5180,1,2022,20,Christopher Bell (P),Tyt,34,4153,7,30.146,179.128,7
5180,1,2022,20,Christopher Bell (P),Tyt,34,4153,8,30.166,179.009,7
5180,1,2022,20,Christopher Bell (P),Tyt,34,4153,9,30.185,178.897,7
5180,1,2022,20,Christopher Bell (P),Tyt,34,4153,10,30.185,178.897,7
5180,1,2022,20,Christopher Bell (P),Tyt,34,4153,11,30.387,177.708,7
5180,1,2022,20,Christopher Bell (P),Tyt,34,4153,12,30.432,177.445,7
5180,1,2022,20,Christopher Bell (P),Tyt,34,4153,13,30.417,177.532,7
5180,1,2022,20,Christopher Bell (P),Tyt,34,4153,14,30.541,176.811,7
5180,1,2022,20,Christopher Bell (P),Tyt,34,4153,15,30.557,176.719,7
5180,1,2022,20,Christopher Bell (P),Tyt,34,4153,16,30.572,176.632,7
5180,1,2022,20,Christopher Bell (P),Tyt,34,4153,17,30.584,176.563,7
5180,1,2022,20,Christopher Bell (P),Tyt,34,4153,18,30.719,175.787,7
5180,1,2022,20,Christopher Bell (P),Tyt,34,4153,19,30.743,175.650,7
5180,1,2022,20,Christopher Bell (P),Tyt,34,4153,20,30.652,176.171,7
5180,1,2022,20,Christopher Bell (P),Tyt,34,4153,21,30.704,175.873,7
5180,1,2022,20,Christopher Bell (P),Tyt,34,4153,22,30.778,175.450,7
5180,1,2022,20,Christopher Bell (P),Tyt,34,4153,23,30.897,174.774,7
5180,1,2022,20,Christopher Bell (P),Tyt,34,4153,24,30.791,175.376,7
5180,1,2022,20,Christopher Bell (P),Tyt,34,4153,25,30.892,174.803,7
5180,1,2022,20,Christopher Bell (P),Tyt,34,4153,26,30.897,174.774,7
5180,1,2022,20,Christopher Bell (P),Tyt,34,4153,27,30.97,174.362,7
5180,1,2022,20,Christopher Bell (P),Tyt,34,4153,28,30.915,174.672,7
5180,1,2022,20,Christopher Bell (P),Tyt,34,4153,29,30.832,175.143,7
5180,1,2022,20,Christopher Bell (P),Tyt,34,4153,30,31.428,171.821,6
5180,1,2022,20,Christopher Bell (P),Tyt,34,4153,31,31.027,174.042,6
5180,1,2022,20,Christopher Bell (P),Tyt,34,4153,32,31.186,173.155,6
5180,1,2022,20,Christopher Bell (P),Tyt,34,4153,33,30.89,174.814,6
5180,1,2022,20,Christopher Bell (P),Tyt,34,4153,34,31.234,172.889,6
5180,1,2022,20,Christopher Bell (P),Tyt,34,4153,35,31.188,173.144,5
5180,1,2022,20,Christopher Bell (P),Tyt,34,4153,36,31.176,173.210,4
5180,1,2022,20,Christopher Bell (P),Tyt,34,4153,37,31.313,172.452,3
5180,1,2022,20,Christopher Bell (P),Tyt,34,4153,38,31.373,172.123,3
5180,1,2022,20,Christopher Bell (P),Tyt,34,4153,39,31.288,172.590,2
5180,1,2022,20,Christopher Bell (P),Tyt,34,4153,40,57.408,94.064,7
5180,1,2022,20,Christopher Bell (P),Tyt,34,4153,41,45.159,119.577,10
5180,1,2022,20,Christopher Bell (P),Tyt,34,4153,42,30.032,179.808,8
5180,1,2022,20,Christopher Bell (P),Tyt,34,4153,43,29.802,181.196,7
5180,1,2022,20,Christopher Bell (P),Tyt,34,4153,44,29.956,180.264,7
5180,1,2022,20,Christopher Bell (P),Tyt,34,4153,45,30.227,178.648,7
5180,1,2022,20,Christopher Bell (P),Tyt,34,4153,46,30.24,178.571,7
5180,1,2022,20,Christopher Bell (P),Tyt,34,4153,47,30.327,178.059,7
5180,1,2022,20,Christopher Bell (P),Tyt,34,4153,48,30.465,177.253,7
5180,1,2022,20,Christopher Bell (P),Tyt,34,4153,49,30.437,177.416,7
5180,1,2022,20,Christopher Bell (P),Tyt,34,4153,50,30.771,175.490,7
5180,1,2022,20,Christopher Bell (P),Tyt,34,4153,51,30.551,176.754,6
5180,1,2022,20,Christopher Bell (P),Tyt,34,4153,52,30.507,177.009,6
5180,1,2022,20,Christopher Bell (P),Tyt,34,4153,53,30.534,176.852,6
5180,1,2022,20,Christopher Bell (P),Tyt,34,4153,54,30.559,176.707,6
5180,1,2022,20,Christopher Bell (P),Tyt,34,4153,55,30.695,175.924,6
5180,1,2022,20,Christopher Bell (P),Tyt,34,4153,56,30.609,176.419,6
5180,1,2022,20,Christopher Bell (P),Tyt,34,4153,57,30.638,176.252,6
5180,1,2022,20,Christopher Bell (P),Tyt,34,4153,58,30.83,175.154,6
5180,1,2022,20,Christopher Bell (P),Tyt,34,4153,59,31.04,173.969,5
5180,1,2022,20,Christopher Bell (P),Tyt,34,4153,60,30.729,175.730,5
5180,1,2022,20,Christopher Bell (P),Tyt,34,4153,61,30.845,175.069,4
5180,1,2022,20,Christopher Bell (P),Tyt,34,4153,62,30.829,175.160,4
5180,1,2022,20,Christopher Bell (P),Tyt,34,4153,63,30.768,175.507,4
5180,1,2022,20,Christopher Bell (P),Tyt,34,4153,64,30.816,175.234,4
5180,1,2022,20,Christopher Bell (P),Tyt,34,4153,65,30.891,174.808,4
5180,1,2022,20,Christopher Bell (P),Tyt,34,4153,66,30.931,174.582,4
5180,1,2022,20,Christopher Bell (P),Tyt,34,4153,67,30.85,175.041,4
5180,1,2022,20,Christopher Bell (P),Tyt,34,4153,68,30.866,174.950,4
5180,1,2022,20,Christopher Bell (P),Tyt,34,4153,69,30.849,175.046,4
5180,1,2022,20,Christopher Bell (P),Tyt,34,4153,70,30.886,174.836,4
5180,1,2022,20,Christopher Bell (P),Tyt,34,4153,71,31.006,174.160,4
5180,1,2022,20,Christopher Bell (P),Tyt,34,4153,72,31.149,173.360,4
5180,1,2022,20,Christopher Bell (P),Tyt,34,4153,73,31.316,172.436,4
5180,1,2022,20,Christopher Bell (P),Tyt,34,4153,74,31.155,173.327,4
5180,1,2022,20,Christopher Bell (P),Tyt,34,4153,75,31.318,172.425,4
5180,1,2022,20,Christopher Bell (P),Tyt,34,4153,76,31.108,173.589,4
5180,1,2022,20,Christopher Bell (P),Tyt,34,4153,77,31.138,173.422,4
5180,1,2022,20,Christopher Bell (P),Tyt,34,4153,78,42.94,125.757,4
5180,1,2022,20,Christopher Bell (P),Tyt,34,4153,79,86.354,62.533,4
5180,1,2022,20,Christopher Bell (P),Tyt,34,4153,80,99.812,54.102,4
5180,1,2022,20,Christopher Bell (P),Tyt,34,4153,81,100.519,53.721,4
5180,1,2022,20,Christopher Bell (P),Tyt,34,4153,82,116.064,46.526,17
5180,1,2022,20,Christopher Bell (P),Tyt,34,4153,83,89.633,60.246,12
5180,1,2022,20,Christopher Bell (P),Tyt,34,4153,84,97.53,55.368,11
5180,1,2022,20,Christopher Bell (P),Tyt,34,4153,85,88.689,60.887,10
5180,1,2022,20,Christopher Bell (P),Tyt,34,4153,86,32.624,165.522,11
5180,1,2022,20,Christopher Bell (P),Tyt,34,4153,87,30.138,179.176,9
5180,1,2022,20,Christopher Bell (P),Tyt,34,4153,88,30.287,178.294,9
5180,1,2022,20,Christopher Bell (P),Tyt,34,4153,89,30.036,179.784,9
5180,1,2022,20,Christopher Bell (P),Tyt,34,4153,90,30.305,178.188,9
5180,1,2022,20,Christopher Bell (P),Tyt,34,4153,91,30.291,178.271,9
5180,1,2022,20,Christopher Bell (P),Tyt,34,4153,92,30.314,178.136,9
5180,1,2022,20,Christopher Bell (P),Tyt,34,4153,93,30.238,178.583,8
5180,1,2022,20,Christopher Bell (P),Tyt,34,4153,94,30.587,176.546,6
5180,1,2022,5,Kyle Larson (P),Chv,35,4030,0,,,14
5180,1,2022,5,Kyle Larson (P),Chv,35,4030,1,32.997,163.651,14
5180,1,2022,5,Kyle Larson (P),Chv,35,4030,2,30.279,178.341,13
5180,1,2022,5,Kyle Larson (P),Chv,35,4030,3,30.13,179.223,12
5180,1,2022,5,Kyle Larson (P),Chv,35,4030,4,30.197,178.826,11
5180,1,2022,5,Kyle Larson (P),Chv,35,4030,5,30.535,176.846,11
5180,1,2022,5,Kyle Larson (P),Chv,35,4030,6,30.071,179.575,10
5180,1,2022,5,Kyle Larson (P),Chv,35,4030,7,30.033,179.802,10
5180,1,2022,5,Kyle Larson (P),Chv,35,4030,8,30.361,177.860,9
5180,1,2022,5,Kyle Larson (P),Chv,35,4030,9,30.246,178.536,9
5180,1,2022,5,Kyle Larson (P),Chv,35,4030,10,30.221,178.684,9
5180,1,2022,5,Kyle Larson (P),Chv,35,4030,11,30.448,177.352,9
5180,1,2022,5,Kyle Larson (P),Chv,35,4030,12,30.46,177.282,9
5180,1,2022,5,Kyle Larson (P),Chv,35,4030,13,30.479,177.171,9
5180,1,2022,5,Kyle Larson (P),Chv,35,4030,14,30.355,177.895,9
5180,1,2022,5,Kyle Larson (P),Chv,35,4030,15,30.536,176.840,9
5180,1,2022,5,Kyle Larson (P),Chv,35,4030,16,30.657,176.142,9
5180,1,2022,5,Kyle Larson (P),Chv,35,4030,17,30.567,176.661,9
5180,1,2022,5,Kyle Larson (P),Chv,35,4030,18,30.599,176.476,9
5180,1,2022,5,Kyle Larson (P),Chv,35,4030,19,30.721,175.776,9
5180,1,2022,5,Kyle Larson (P),Chv,35,4030,20,30.695,175.924,9
5180,1,2022,5,Kyle Larson (P),Chv,35,4030,21,30.711,175.833,9
5180,1,2022,5,Kyle Larson (P),Chv,35,4030,22,30.767,175.513,9
5180,1,2022,5,Kyle Larson (P),Chv,35,4030,23,30.907,174.718,9
5180,1,2022,5,Kyle Larson (P),Chv,35,4030,24,30.867,174.944,9
5180,1,2022,5,Kyle Larson (P),Chv,35,4030,25,31.286,172.601,9
5180,1,2022,5,Kyle Larson (P),Chv,35,4030,26,31.19,173.132,9
5180,1,2022,5,Kyle Larson (P),Chv,35,4030,27,31.669,170.514,10
5180,1,2022,5,Kyle Larson (P),Chv,35,4030,28,31.366,172.161,10
5180,1,2022,5,Kyle Larson (P),Chv,35,4030,29,31.481,171.532,10
5180,1,2022,5,Kyle Larson (P),Chv,35,4030,30,31.26,172.745,10
5180,1,2022,5,Kyle Larson (P),Chv,35,4030,31,31.182,173.177,10
5180,1,2022,5,Kyle Larson (P),Chv,35,4030,32,31.14,173.410,10
5180,1,2022,5,Kyle Larson (P),Chv,35,4030,33,31.23,172.911,10
5180,1,2022,5,Kyle Larson (P),Chv,35,4030,34,31.208,173.033,10
5180,1,2022,5,Kyle Larson (P),Chv,35,4030,35,31.248,172.811,10
5180,1,2022,5,Kyle Larson (P),Chv,35,4030,36,31.264,172.723,9
5180,1,2022,5,Kyle Larson (P),Chv,35,4030,37,31.538,171.222,8
5180,1,2022,5,Kyle Larson (P),Chv,35,4030,38,58.471,92.353,24
5180,1,2022,5,Kyle Larson (P),Chv,35,4030,39,45.117,119.689,25
5180,1,2022,5,Kyle Larson (P),Chv,35,4030,40,30.036,179.784,20
5180,1,2022,5,Kyle Larson (P),Chv,35,4030,41,30.125,179.253,13
5180,1,2022,5,Kyle Larson (P),Chv,35,4030,42,29.966,180.204,11
5180,1,2022,5,Kyle Larson (P),Chv,35,4030,43,29.91,180.542,10
5180,1,2022,5,Kyle Larson (P),Chv,35,4030,44,30.056,179.665,10
5180,1,2022,5,Kyle Larson (P),Chv,35,4030,45,30.634,176.275,10
5180,1,2022,5,Kyle Larson (P),Chv,35,4030,46,30.406,177.597,10
5180,1,2022,5,Kyle Larson (P),Chv,35,4030,47,30.319,178.106,10
5180,1,2022,5,Kyle Larson (P),Chv,35,4030,48,30.236,178.595,10
5180,1,2022,5,Kyle Larson (P),Chv,35,4030,49,30.366,177.830,10
5180,1,2022,5,Kyle Larson (P),Chv,35,4030,50,30.528,176.887,10
5180,1,2022,5,Kyle Larson (P),Chv,35,4030,51,30.51,176.991,10
5180,1,2022,5,Kyle Larson (P),Chv,35,4030,52,30.54,176.817,10
5180,1,2022,5,Kyle Larson (P),Chv,35,4030,53,30.555,176.730,10
5180,1,2022,5,Kyle Larson (P),Chv,35,4030,54,30.68,176.010,10
5180,1,2022,5,Kyle Larson (P),Chv,35,4030,55,30.799,175.330,10
5180,1,2022,5,Kyle Larson (P),Chv,35,4030,56,30.959,174.424,10
5180,1,2022,5,Kyle Larson (P),Chv,35,4030,57,30.736,175.690,10
5180,1,2022,5,Kyle Larson (P),Chv,35,4030,58,30.686,175.976,10
5180,1,2022,5,Kyle Larson (P),Chv,35,4030,59,30.748,175.621,10
5180,1,2022,5,Kyle Larson (P),Chv,35,4030,60,30.752,175.598,10
5180,1,2022,5,Kyle Larson (P),Chv,35,4030,61,30.924,174.622,10
5180,1,2022,5,Kyle Larson (P),Chv,35,4030,62,30.993,174.233,10
5180,1,2022,5,Kyle Larson (P),Chv,35,4030,63,31.054,173.891,10
5180,1,2022,5,Kyle Larson (P),Chv,35,4030,64,30.963,174.402,10
5180,1,2022,5,Kyle Larson (P),Chv,35,4030,65,31.124,173.500,10
5180,1,2022,5,Kyle Larson (P),Chv,35,4030,66,31.277,172.651,10
5180,1,2022,5,Kyle Larson (P),Chv,35,4030,67,31.126,173.488,9
5180,1,2022,5,Kyle Larson (P),Chv,35,4030,68,31.022,174.070,9
5180,1,2022,5,Kyle Larson (P),Chv,35,4030,69,31.04,173.969,9
5180,1,2022,5,Kyle Larson (P),Chv,35,4030,70,31.189,173.138,9
5180,1,2022,5,Kyle Larson (P),Chv,35,4030,71,31.306,172.491,8
5180,1,2022,5,Kyle Larson (P),Chv,35,4030,72,31.216,172.988,8
5180,1,2022,5,Kyle Larson (P),Chv,35,4030,73,31.152,173.344,8
5180,1,2022,5,Kyle Larson (P),Chv,35,4030,74,31.115,173.550,8
5180,1,2022,5,Kyle Larson (P),Chv,35,4030,75,31.274,172.667,8
5180,1,2022,5,Kyle Larson (P),Chv,35,4030,76,31.253,172.783,8
5180,1,2022,5,Kyle Larson (P),Chv,35,4030,77,31.626,170.746,7
5180,1,2022,5,Kyle Larson (P),Chv,35,4030,78,43.39,124.453,7
5180,1,2022,5,Kyle Larson (P),Chv,35,4030,79,82.946,65.103,7
5180,1,2022,5,Kyle Larson (P),Chv,35,4030,80,98.989,54.552,7
5180,1,2022,5,Kyle Larson (P),Chv,35,4030,81,100.697,53.626,7
5180,1,2022,5,Kyle Larson (P),Chv,35,4030,82,112.212,48.123,14
5180,1,2022,5,Kyle Larson (P),Chv,35,4030,83,87.626,61.626,9
5180,1,2022,5,Kyle Larson (P),Chv,35,4030,84,97.62,55.317,8
5180,1,2022,5,Kyle Larson (P),Chv,35,4030,85,91.102,59.274,8
5180,1,2022,5,Kyle Larson (P),Chv,35,4030,86,32.626,165.512,8
5180,1,2022,5,Kyle Larson (P),Chv,35,4030,87,30.336,178.006,10
5180,1,2022,5,Kyle Larson (P),Chv,35,4030,88,29.936,180.385,8
5180,1,2022,5,Kyle Larson (P),Chv,35,4030,89,30.113,179.325,8
5180,1,2022,5,Kyle Larson (P),Chv,35,4030,90,30.197,178.826,8
5180,1,2022,5,Kyle Larson (P),Chv,35,4030,91,30.143,179.146,7
5180,1,2022,5,Kyle Larson (P),Chv,35,4030,92,30.311,178.153,7
5180,1,2022,5,Kyle Larson (P),Chv,35,4030,93,30.278,178.347,7
5180,1,2022,5,Kyle Larson (P),Chv,35,4030,94,31.613,170.816,7
5180,1,2022,45,Bubba Wallace,Tyt,36,4025,0,,,9
5180,1,2022,45,Bubba Wallace,Tyt,36,4025,1,32.941,163.929,8
5180,1,2022,45,Bubba Wallace,Tyt,36,4025,2,30.044,179.736,8
5180,1,2022,45,Bubba Wallace,Tyt,36,4025,3,30.027,179.838,7
5180,1,2022,45,Bubba Wallace,Tyt,36,4025,4,30.108,179.354,8
5180,1,2022,45,Bubba Wallace,Tyt,36,4025,5,30.049,179.706,8
5180,1,2022,45,Bubba Wallace,Tyt,36,4025,6,30.165,179.015,8
5180,1,2022,45,Bubba Wallace,Tyt,36,4025,7,30.217,178.707,8
5180,1,2022,45,Bubba Wallace,Tyt,36,4025,8,30.266,178.418,8
5180,1,2022,45,Bubba Wallace,Tyt,36,4025,9,30.241,178.566,8
5180,1,2022,45,Bubba Wallace,Tyt,36,4025,10,30.398,177.643,8
5180,1,2022,45,Bubba Wallace,Tyt,36,4025,11,30.344,177.959,8
5180,1,2022,45,Bubba Wallace,Tyt,36,4025,12,30.427,177.474,8
5180,1,2022,45,Bubba Wallace,Tyt,36,4025,13,30.576,176.609,8
5180,1,2022,45,Bubba Wallace,Tyt,36,4025,14,30.657,176.142,8
5180,1,2022,45,Bubba Wallace,Tyt,36,4025,15,30.317,178.118,8
5180,1,2022,45,Bubba Wallace,Tyt,36,4025,16,30.345,177.954,8
5180,1,2022,45,Bubba Wallace,Tyt,36,4025,17,30.528,176.887,8
5180,1,2022,45,Bubba Wallace,Tyt,36,4025,18,30.554,176.736,8
5180,1,2022,45,Bubba Wallace,Tyt,36,4025,19,30.715,175.810,8
5180,1,2022,45,Bubba Wallace,Tyt,36,4025,20,30.87,174.927,8
5180,1,2022,45,Bubba Wallace,Tyt,36,4025,21,30.819,175.217,8
5180,1,2022,45,Bubba Wallace,Tyt,36,4025,22,30.827,175.171,8
5180,1,2022,45,Bubba Wallace,Tyt,36,4025,23,30.853,175.023,8
5180,1,2022,45,Bubba Wallace,Tyt,36,4025,24,30.899,174.763,8
5180,1,2022,45,Bubba Wallace,Tyt,36,4025,25,30.837,175.114,8
5180,1,2022,45,Bubba Wallace,Tyt,36,4025,26,30.898,174.769,8
5180,1,2022,45,Bubba Wallace,Tyt,36,4025,27,30.692,175.942,8
5180,1,2022,45,Bubba Wallace,Tyt,36,4025,28,30.748,175.621,8
5180,1,2022,45,Bubba Wallace,Tyt,36,4025,29,30.763,175.536,8
5180,1,2022,45,Bubba Wallace,Tyt,36,4025,30,31.4,171.975,8
5180,1,2022,45,Bubba Wallace,Tyt,36,4025,31,31.056,173.879,7
5180,1,2022,45,Bubba Wallace,Tyt,36,4025,32,31.165,173.271,7
5180,1,2022,45,Bubba Wallace,Tyt,36,4025,33,31.06,173.857,7
5180,1,2022,45,Bubba Wallace,Tyt,36,4025,34,31.158,173.310,7
5180,1,2022,45,Bubba Wallace,Tyt,36,4025,35,31.261,172.739,6
5180,1,2022,45,Bubba Wallace,Tyt,36,4025,36,31.116,173.544,5
5180,1,2022,45,Bubba Wallace,Tyt,36,4025,37,31.307,172.485,5
5180,1,2022,45,Bubba Wallace,Tyt,36,4025,38,42.769,126.260,7
5180,1,2022,45,Bubba Wallace,Tyt,36,4025,39,59.027,91.484,18
5180,1,2022,45,Bubba Wallace,Tyt,36,4025,40,30.102,179.390,9
5180,1,2022,45,Bubba Wallace,Tyt,36,4025,41,30.125,179.253,5
5180,1,2022,45,Bubba Wallace,Tyt,36,4025,42,30.158,179.057,2
5180,1,2022,45,Bubba Wallace,Tyt,36,4025,43,30.128,179.235,2
5180,1,2022,45,Bubba Wallace,Tyt,36,4025,44,30.118,179.295,2
5180,1,2022,45,Bubba Wallace,Tyt,36,4025,45,30.206,178.772,2
5180,1,2022,45,Bubba Wallace,Tyt,36,4025,46,30.382,177.737,2
5180,1,2022,45,Bubba Wallace,Tyt,36,4025,47,30.357,177.883,2
5180,1,2022,45,Bubba Wallace,Tyt,36,4025,48,30.818,175.222,2
5180,1,2022,45,Bubba Wallace,Tyt,36,4025,49,30.515,176.962,2
5180,1,2022,45,Bubba Wallace,Tyt,36,4025,50,30.676,176.033,2
5180,1,2022,45,Bubba Wallace,Tyt,36,4025,51,30.464,177.258,2
5180,1,2022,45,Bubba Wallace,Tyt,36,4025,52,30.493,177.090,2
5180,1,2022,45,Bubba Wallace,Tyt,36,4025,53,30.562,176.690,2
5180,1,2022,45,Bubba Wallace,Tyt,36,4025,54,30.541,176.811,2
5180,1,2022,45,Bubba Wallace,Tyt,36,4025,55,30.621,176.350,2
5180,1,2022,45,Bubba Wallace,Tyt,36,4025,56,30.675,176.039,2
5180,1,2022,45,Bubba Wallace,Tyt,36,4025,57,30.657,176.142,1
5180,1,2022,45,Bubba Wallace,Tyt,36,4025,58,30.904,174.735,1
5180,1,2022,45,Bubba Wallace,Tyt,36,4025,59,30.683,175.993,1
5180,1,2022,45,Bubba Wallace,Tyt,36,4025,60,30.889,174.820,1
5180,1,2022,45,Bubba Wallace,Tyt,36,4025,61,30.784,175.416,1
5180,1,2022,45,Bubba Wallace,Tyt,36,4025,62,30.941,174.526,1
5180,1,2022,45,Bubba Wallace,Tyt,36,4025,63,31.106,173.600,1
5180,1,2022,45,Bubba Wallace,Tyt,36,4025,64,30.998,174.205,1
5180,1,2022,45,Bubba Wallace,Tyt,36,4025,65,30.819,175.217,1
5180,1,2022,45,Bubba Wallace,Tyt,36,4025,66,30.757,175.570,1
5180,1,2022,45,Bubba Wallace,Tyt,36,4025,67,30.813,175.251,1
5180,1,2022,45,Bubba Wallace,Tyt,36,4025,68,30.917,174.661,1
5180,1,2022,45,Bubba Wallace,Tyt,36,4025,69,31.063,173.840,1
5180,1,2022,45,Bubba Wallace,Tyt,36,4025,70,31.081,173.740,1
5180,1,2022,45,Bubba Wallace,Tyt,36,4025,71,31.15,173.355,1
5180,1,2022,45,Bubba Wallace,Tyt,36,4025,72,31.203,173.060,1
5180,1,2022,45,Bubba Wallace,Tyt,36,4025,73,31.19,173.132,1
5180,1,2022,45,Bubba Wallace,Tyt,36,4025,74,31.329,172.364,1
5180,1,2022,45,Bubba Wallace,Tyt,36,4025,75,31.161,173.294,1
5180,1,2022,45,Bubba Wallace,Tyt,36,4025,76,31.046,173.935,1
5180,1,2022,45,Bubba Wallace,Tyt,36,4025,77,31.177,173.205,1
5180,1,2022,45,Bubba Wallace,Tyt,36,4025,78,41.73,129.403,1
5180,1,2022,45,Bubba Wallace,Tyt,36,4025,79,85.868,62.887,1
5180,1,2022,45,Bubba Wallace,Tyt,36,4025,80,100.446,53.760,1
5180,1,2022,45,Bubba Wallace,Tyt,36,4025,81,100.564,53.697,1
5180,1,2022,45,Bubba Wallace,Tyt,36,4025,82,100.641,53.656,1
5180,1,2022,45,Bubba Wallace,Tyt,36,4025,83,99.166,54.454,1
5180,1,2022,45,Bubba Wallace,Tyt,36,4025,84,97.882,55.168,1
5180,1,2022,45,Bubba Wallace,Tyt,36,4025,85,95.884,56.318,1
5180,1,2022,45,Bubba Wallace,Tyt,36,4025,86,32.615,165.568,3
5180,1,2022,45,Bubba Wallace,Tyt,36,4025,87,29.781,181.324,3
5180,1,2022,45,Bubba Wallace,Tyt,36,4025,88,29.897,180.620,3
5180,1,2022,45,Bubba Wallace,Tyt,36,4025,89,30.158,179.057,4
5180,1,2022,45,Bubba Wallace,Tyt,36,4025,90,30.183,178.909,4
5180,1,2022,45,Bubba Wallace,Tyt,36,4025,91,30.204,178.784,4
5180,1,2022,45,Bubba Wallace,Tyt,36,4025,92,30.52,176.933,5
5180,1,2022,45,Bubba Wallace,Tyt,36,4025,93,30.609,176.419,5
5180,1,2022,45,Bubba Wallace,Tyt,36,4025,94,32.222,167.587,8
